Volta 1: 2 3 4 5 1 8 6 7 10 9 15 12 11 14 13 17 18 19 20 16 22 21 25 23 24 26 30 28 27 29 33 35 34 31 32 40 36 39 38 37 41 45 42 44 43 47 49 48 46 50 51 52 53 54 55 57 58 56 60 59 62 61 63 65 64 67 68 70 69 66 75 73 74 71 72 80 76 77 78 79 83 82 84 81 85 90 89 87 88 86 94 92 93 95 91 98 99 97 96 100
Volta 2: 3 1 2 5 8 9 7 10 13 12 20 16 17 18 19 23 24 28 26 29 30 34 32 31 35 38 37 39 45 43 42 41 46 50 48 49 47 53 52 54 51 55 57 56 58 60 62 64 63 61 65 67 70 69 68 73 72 74 77 80 78 85 82 83 84 90 92 94 93 95 91 98 97 96 100 99 4 6 15 11 14 22 25 21 27 33 40 36 44 59 66 71 75 79 76 81 86 89 88 87
Volta 3: 3 5 9 7 10 8 12 18 16 17 24 28 30 31 38 39 42 41 50 53 51 55 58 56 57 65 62 70 69 73 78 80 83 85 84 90 94 91 92 95 99 98 96 100 1 4 2 11 13 15 20 19 23 25 22 21 29 26 34 35 33 32 37 36 40 44 43 45 46 49 47 48 52 54 59 60 63 64 61 68 67 72 74 79 76 77 82 81 86 89 93 97 6 14 27 66 75 71 88
Volta 4: 3 7 9 17 16 24 30 28 38 41 42 58 56 65 70 73 78 80 85 83 84 90 91 94 92 99 98 1 2 5 4 8 10 15 12 11 13 20 18 21 22 26 29 32 33 34 31 35 37 36 39 43 44 45 50 49 46 47 48 55 53 52 51 59 57 62 61 67 69 72 74 79 77 82 81 86 95 93 100 97 96 6 19 23 25 40 54 60 64 63 68 66 75 71 76 89 88 14 27
Volta 5: 3 9 17 16 24 28 42 41 73 78 80 85 90 91 92 94 98 1 10 7 11 15 12 18 20 22 26 30 35 31 32 34 38 45 44 43 49 48 47 50 55 51 53 52 56 59 58 65 61 62 69 70 67 72 74 77 84 83 81 86 95 99 100 4 5 2 6 8 13 19 21 25 29 33 36 39 37 46 54 60 57 64 63 66 79 76 82 89 88 93 96 97 14 23 40 68 75 71
Volta 6: 3 24 28 42 73 92 98 1 7 9 12 15 17 16 18 30 34 38 45 41 43 48 49 52 55 51 58 56 59 61 65 70 67 69 74 72 78 80 77 83 84 85 90 91 94 95 100 2 5 4 8 10 13 11 20 22 21 29 26 35 31 32 37 36 44 46 50 47 54 53 60 63 62 64 66 79 81 86 89 88 93 96 6 19 23 25 33 39 40 68 71 75 76 82 97 14
Volta 7: 3 24 28 42 92 98 1 9 12 15 16 17 18 30 34 38 45 41 43 48 49 51 59 58 65 61 67 73 80 77 78 85 90 91 94 4 5 7 10 13 11 20 22 21 29 31 35 32 44 47 46 55 54 52 53 56 63 64 66 69 70 72 74 83 84 86 89 95 100 96 2 8 6 25 23 26 33 36 37 40 50 60 62 68 76 79 82 81 88 93 97 19 39 75 71
Volta 8: 3 24 28 42 92 98 1 9 15 16 17 18 30 34 45 41 49 59 78 80 5 12 11 20 22 21 35 32 31 38 43 47 48 46 54 52 55 51 58 56 61 64 63 65 67 74 72 73 77 84 83 85 89 90 91 95 94 100 4 2 6 8 7 10 13 25 23 29 26 40 37 44 53 60 70 69 66 79 81 82 86 96 19 33 39 36 50 62 68 71 75 76 88 93 97
Volta 9: 24 42 98 1 3 9 15 16 17 28 30 41 45 49 59 78 92 12 11 18 20 22 31 34 32 38 48 46 52 51 54 58 61 65 64 67 72 73 77 80 85 83 84 90 95 94 91 100 5 4 2 10 6 21 25 29 35 43 44 47 55 53 60 56 63 69 66 70 74 79 82 81 86 89 96 8 7 13 23 26 33 40 37 36 39 50 62 76 88 93 19 68 75 71
Volta 10: 24 1 3 15 16 17 28 30 45 42 49 78 92 98 9 11 12 20 34 32 38 41 48 46 52 51 59 67 73 77 80 83 84 95 91 94 4 5 18 25 22 21 29 31 35 44 47 54 53 55 58 56 60 65 64 63 61 69 74 72 82 85 81 90 89 86 100 2 10 6 8 7 23 26 33 40 39 37 43 62 66 70 79 93 96 13 36 50 68 71 75 76 88 19
Volta 11: 1 15 17 16 24 28 49 92 98 3 9 11 12 30 32 42 41 45 46 52 59 77 78 80 94 95 91 5 20 18 22 21 25 29 34 35 38 48 47 51 58 63 65 64 61 69 67 72 74 73 82 81 84 83 90 100 4 2 8 7 23 26 33 31 40 37 39 44 43 55 53 54 56 60 70 66 79 85 86 89 96 10 6 13 50 62 75 71 76 93 36 68 88
Volta 12: 15 24 28 92 98 1 3 11 16 17 30 42 46 49 80 78 95 5 9 12 20 25 22 29 38 45 48 47 51 52 59 65 64 63 69 67 81 84 82 90 91 94 2 4 7 18 23 26 31 34 40 39 55 54 53 60 58 56 61 66 70 72 74 79 86 100 96 10 6 8 13 33 37 43 44 76 85 36 50 68 71 88 93
Volta 13: 28 92 1 15 11 16 24 30 42 46 49 98 5 3 9 12 17 20 25 45 51 52 59 63 64 65 67 80 78 81 84 95 94 91 2 7 18 23 22 29 31 39 38 47 48 53 58 61 70 69 72 74 79 82 90 96 100 4 10 8 26 33 34 37 40 44 55 54 60 56 66 76 85 86 6 13 43 68 71 36 50 88
Volta 14: 1 11 15 16 24 30 28 42 49 92 98 3 12 17 20 25 46 52 63 67 78 81 91 5 9 7 18 22 29 45 48 47 53 51 59 65 61 64 70 72 80 82 84 95 94 96 100 4 2 8 10 23 26 34 31 33 39 38 40 44 55 58 56 60 69 66 74 79 85 90 86 6 13 37 43 54 68 71 76 36 50 88
Volta 15: 1 15 28 42 49 92 3 12 11 16 25 24 30 63 67 81 91 98 5 9 20 17 18 29 45 48 46 52 53 59 65 61 70 72 78 80 82 84 95 94 96 100 2 4 7 10 22 26 34 33 31 40 39 38 47 51 55 58 56 64 74 86 90 6 8 23 43 44 54 60 66 69 68 79 76 85 13 36 37 50 71
Volta 16: 28 49 1 11 15 16 25 30 42 63 67 91 92 98 3 5 12 17 20 18 24 29 45 46 52 53 59 61 65 70 72 78 84 81 82 94 96 2 10 9 22 33 38 39 48 47 55 51 56 64 74 80 86 90 95 100 4 8 7 6 26 31 34 40 44 54 60 58 66 76 79 13 23 36 37 43 50 69 68 71 85
Volta 17: 28 49 1 15 25 30 67 92 5 11 16 18 17 24 29 42 45 52 65 63 72 78 81 91 98 3 2 9 10 12 20 22 33 38 39 47 48 46 53 59 56 64 61 70 80 84 82 86 94 95 96 100 4 8 6 7 26 31 40 44 51 55 60 66 74 90 23 34 37 50 54 58 69 68 79 76 13 36 43 71
Volta 18: 28 49 1 15 67 5 11 18 16 25 24 29 42 45 65 63 72 78 81 92 91 98 3 2 9 10 12 20 17 22 46 48 52 53 56 59 64 84 86 94 95 96 8 7 33 38 39 47 55 51 60 61 70 66 80 82 90 4 6 26 31 34 40 44 50 54 58 68 74 79 13 23 36 37 43 69 76 71
Volta 19: 1 15 28 49 18 24 42 65 63 67 92 91 98 2 5 10 11 16 17 20 25 29 45 46 52 64 72 78 81 84 86 95 96 3 7 9 12 22 33 39 48 55 53 51 56 59 61 70 66 80 82 90 94 4 6 8 26 31 40 38 44 47 50 60 58 68 74 79 13 23 34 37 43 54 69 76 36
Volta 20: 1 15 49 28 63 98 2 11 16 20 17 18 24 25 29 45 42 46 52 65 67 72 78 84 81 86 95 92 91 5 10 12 22 51 59 56 61 64 70 94 96 3 7 8 9 33 38 39 40 44 48 53 55 60 66 79 80 82 90 4 6 23 26 31 37 43 47 50 58 69 68 74 76 13 34 54 36
Volta 21: 1 15 49 28 2 20 18 16 25 24 42 65 63 67 72 78 95 92 91 98 5 10 12 11 17 29 45 46 52 56 61 64 70 81 84 86 94 96 9 7 22 33 39 38 44 48 53 51 59 66 79 82 90 3 6 8 23 26 37 40 47 50 55 58 60 68 74 80 4 13 31 34 43 54 69 76
Volta 22: 1 15 49 28 16 18 25 42 65 63 67 72 78 91 92 98 5 2 10 11 12 20 17 24 29 45 46 52 64 70 84 81 86 95 96 9 39 44 48 53 51 59 56 61 66 79 90 94 3 8 7 6 22 23 26 33 38 40 37 55 60 58 74 80 82 4 13 31 34 43 47 50 54 68 69 76
Volta 23: 15 1 28 49 16 18 42 72 91 92 98 5 20 24 25 29 45 65 63 67 78 84 81 86 2 10 9 12 11 17 48 46 53 51 52 56 59 64 70 66 79 90 94 95 96 3 23 22 26 33 39 38 40 44 55 58 61 74 82 4 6 8 7 13 34 37 50 47 54 60 68 80 31 43 69
Volta 24: 1 49 18 16 28 42 72 92 98 25 29 65 63 67 78 81 86 91 2 5 10 11 12 20 17 24 45 46 48 53 51 52 59 64 66 84 90 94 95 96 3 9 23 22 33 38 39 44 55 56 61 70 79 82 6 7 13 26 34 40 50 60 74 80 4 8 31 37 43 47 54 69
Volta 25: 1 18 16 28 49 72 92 25 29 42 67 78 81 86 91 98 2 5 10 20 24 45 52 65 64 63 84 90 94 3 9 11 12 17 44 46 48 53 51 56 59 61 70 66 79 82 95 96 7 6 13 22 23 33 34 38 40 39 50 55 74 80 4 8 26 37 47 60 31 43 54
Volta 26: 1 18 49 16 25 28 29 42 72 78 81 86 92 91 98 2 20 24 45 63 65 64 67 84 90 94 5 10 9 11 12 17 44 48 46 51 52 56 59 61 70 79 82 95 96 3 6 7 23 22 33 40 50 53 66 80 4 13 34 39 38 47 55 60 74 8 26 31 37 54 43
Volta 27: 1 18 49 25 28 42 72 78 86 92 98 2 20 16 24 29 63 67 84 81 90 91 94 9 10 11 12 17 44 45 46 48 52 65 64 79 82 96 5 3 7 40 51 53 56 59 61 66 70 95 4 6 13 23 22 33 34 39 38 47 50 74 80 8 26 54 55 60 31 37
Volta 28: 1 18 49 42 86 92 98 2 16 24 25 28 29 63 72 78 81 91 94 9 20 45 44 52 64 67 79 82 84 90 96 3 5 10 7 11 12 17 46 48 53 51 59 56 65 61 70 66 95 4 6 13 23 22 34 33 38 40 50 47 74 80 8 39 54 55 60 26 31 37
Volta 29: 1 18 49 42 86 92 2 16 24 25 28 63 72 78 81 91 94 98 9 20 29 45 44 52 67 79 84 82 90 96 5 10 12 11 17 48 46 51 53 59 56 64 66 70 3 4 7 6 13 23 40 47 50 65 61 74 80 95 8 22 33 34 39 38 55 54 26 31 60
Volta 30: 18 49 1 42 86 2 16 25 24 28 63 78 91 92 94 98 9 20 29 79 82 81 84 90 96 5 11 17 45 44 46 52 53 59 56 67 4 3 7 6 10 12 13 40 47 48 51 64 61 65 70 66 80 95 8 22 23 39 38 50 54 55 74 34 33 60 26 31
Volta 31: 18 49 1 2 24 28 42 63 86 92 91 94 98 9 16 25 29 79 78 84 81 90 96 5 11 20 44 46 52 53 59 56 67 82 4 6 7 12 13 17 45 47 48 51 64 61 65 70 66 80 95 3 10 8 23 40 38 50 54 55 74 22 33 39 60 34 26
Volta 32: 1 18 49 24 28 42 94 98 2 16 25 63 78 84 81 90 86 91 92 96 9 20 29 44 46 53 52 56 59 67 79 82 5 6 7 12 11 45 48 64 61 65 66 70 80 3 4 8 10 13 17 23 40 38 47 51 74 95 22 50 54 55 34 33 39 60 26
Volta 33: 1 49 18 24 98 2 16 28 42 63 78 81 92 94 96 9 20 25 44 53 52 59 67 79 84 90 86 91 5 7 12 11 29 45 46 56 61 64 70 82 4 6 8 10 13 17 23 38 47 48 51 65 66 74 80 95 3 22 40 55 33 39 50 54 60 34
Volta 34: 1 49 98 16 18 24 28 42 63 78 81 2 20 25 52 53 86 90 91 94 92 96 5 9 7 12 44 46 59 61 67 70 79 82 84 4 6 10 13 11 17 23 29 38 45 47 51 56 64 66 80 95 3 8 40 48 65 74 22 33 39 50 55 54 60 34
Volta 35: 1 49 18 16 24 28 42 63 78 81 98 20 86 90 92 94 96 5 2 9 7 25 44 46 53 52 59 67 70 79 82 91 4 10 12 13 17 29 38 45 51 56 61 64 66 84 6 11 23 47 48 65 74 80 95 3 8 22 33 40 50 55 54 39 60
Volta 36: 1 49 16 78 81 98 18 24 28 42 63 92 94 2 5 7 20 25 44 46 52 53 67 70 79 82 86 90 91 96 4 10 9 13 12 17 38 45 51 59 61 64 84 6 11 23 29 47 56 66 8 33 48 50 55 54 65 74 95 3 22 40 39 60
Volta 37: 1 49 78 98 18 16 24 28 42 63 81 94 7 20 25 44 46 67 70 79 82 90 92 96 2 5 4 10 9 12 45 52 53 59 61 86 91 6 13 17 29 38 47 51 56 64 66 84 8 11 23 50 48 55 65 74 95 3 33 40 54 22 39
Volta 38: 1 49 98 16 24 42 78 81 7 18 28 44 63 67 79 82 94 92 96 5 2 10 20 25 45 46 52 59 70 90 91 4 9 13 12 17 29 38 47 53 51 64 61 66 84 86 6 11 23 50 48 56 65 95 8 33 55 74 3 22 39 40 54
Volta 39: 1 49 78 98 7 16 24 28 42 44 63 67 81 94 20 18 25 45 46 70 79 82 90 91 92 96 4 2 5 9 10 12 13 17 38 47 52 53 59 64 61 84 6 11 23 29 50 51 56 65 66 86 33 48 74 95 3 8 22 39 55 40
Volta 40: 1 49 78 98 7 16 28 42 63 81 18 24 25 44 67 79 90 94 92 96 4 5 2 10 20 45 47 46 52 59 64 70 82 91 9 12 13 17 29 38 50 51 53 56 65 61 66 84 86 6 11 23 48 95 8 22 33 55 74 3 40 39
Volta 41: 1 49 78 98 7 16 42 63 25 24 28 67 81 90 94 96 4 5 10 18 20 44 45 47 46 52 59 70 79 82 91 92 2 9 12 17 29 64 84 86 6 13 11 38 50 53 51 56 61 65 66 95 23 33 48 55 3 8 22 74 40
Volta 42: 1 49 78 98 7 16 42 63 25 28 67 81 90 94 96 5 4 10 20 24 45 59 79 82 91 2 12 17 18 29 47 46 52 84 92 9 13 11 38 50 51 53 56 64 61 66 86 6 23 33 48 55 65 95 22 74 3 8 40
Volta 43: 1 49 78 16 98 7 42 63 67 81 90 94 96 5 4 10 20 25 24 28 45 59 79 91 12 17 18 29 47 46 52 84 82 92 2 9 11 13 38 50 53 51 56 64 61 86 6 23 33 66 95 22 48 55 65 3 8 74
Volta 44: 1 49 16 78 98 7 42 63 67 81 90 4 5 10 25 28 45 59 79 91 94 96 12 17 20 24 29 47 52 82 84 2 13 11 18 46 51 53 56 64 92 9 23 33 38 50 61 66 86 95 6 22 48 55 3 8 65 74
Volta 45: 1 49 78 98 7 16 42 81 90 45 63 67 79 96 4 5 10 12 20 24 25 28 47 52 59 84 82 94 91 11 13 17 18 29 46 56 64 92 2 9 23 50 51 53 66 86 6 22 33 38 48 55 61 95 8 65 3
Volta 46: 1 49 78 98 7 42 16 63 67 81 90 96 5 20 25 28 45 47 59 79 94 91 4 10 13 11 12 18 17 24 52 64 84 82 92 2 9 23 29 46 53 51 56 66 86 22 33 38 48 50 61 95 6 8 55 3 65
Volta 47: 1 49 78 7 42 98 16 63 67 90 5 25 28 59 79 81 91 94 96 4 11 20 24 45 47 52 64 82 84 92 9 10 12 13 18 17 29 46 51 53 56 66 2 23 33 50 86 95 8 6 22 38 48 55 61 3
Volta 48: 1 7 42 49 98 16 63 67 5 28 81 90 20 25 24 45 47 52 59 79 82 84 94 92 91 96 4 10 11 12 13 17 18 29 64 66 9 23 46 53 51 56 86 95 2 8 22 33 38 50 48 61 6 55 3
Volta 49: 1 42 49 7 16 98 5 63 67 81 20 24 28 45 47 52 79 82 84 90 94 91 92 4 10 12 13 11 17 18 25 29 59 64 96 9 46 51 53 56 66 2 8 23 33 38 50 61 86 95 22 48 55 6
Volta 50: 42 1 49 98 7 16 63 81 5 24 28 45 47 52 67 79 82 84 90 94 4 12 11 20 18 25 29 59 64 92 91 96 10 13 17 51 56 66 8 9 23 33 46 53 61 86 95 2 22 38 50 48 55 6
Volta 51: 42 1 49 7 16 81 98 5 28 45 47 52 63 82 84 90 94 20 24 25 64 67 79 91 96 4 10 12 11 13 18 17 29 51 59 56 66 92 9 23 33 53 61 86 95 2 8 38 50 46 22 48 55
Volta 52: 42 1 49 16 98 7 45 47 52 82 81 84 90 94 5 24 28 63 64 67 96 4 10 11 18 20 25 29 51 56 59 79 92 91 13 12 17 33 53 61 66 86 8 9 23 50 46 95 2 22 38 55 48
Volta 53: 1 42 49 16 98 82 84 90 5 7 24 28 45 47 52 64 67 81 94 96 10 11 20 29 56 59 63 79 91 4 13 18 25 33 51 66 86 92 9 12 17 50 46 53 61 2 8 23 38 55 95 22
Volta 54: 42 49 1 16 98 84 82 5 7 47 52 64 81 90 94 96 20 24 29 28 45 59 56 63 67 79 10 13 11 18 25 33 91 92 4 9 17 46 50 53 61 66 86 8 23 38 95 2 55 22
Volta 55: 1 16 42 49 98 84 5 52 64 82 90 94 96 7 20 24 28 29 45 47 59 63 67 81 10 11 18 56 79 92 91 4 9 13 25 33 50 53 66 86 17 23 46 61 95 2 8 38 55
Volta 56: 1 16 42 49 98 52 84 90 96 5 7 20 24 28 29 45 47 59 63 64 81 82 94 10 11 18 56 67 79 92 91 9 13 25 33 53 66 4 17 23 50 61 86 95 2 8 46 55 38
Volta 57: 1 16 42 98 49 84 90 96 5 7 20 24 28 45 47 52 64 63 81 82 11 18 29 59 67 79 91 94 92 10 9 13 33 53 56 66 4 23 25 50 86 95 8 17 46 55 61 2
Volta 58: 1 16 42 49 98 90 96 5 7 20 24 52 63 84 82 11 28 29 45 47 64 67 79 81 91 92 94 9 13 18 33 59 66 10 25 23 53 56 86 95 4 8 17 50 46 55 61 2
Volta 59: 16 1 42 49 98 96 5 24 52 63 84 82 90 7 20 28 47 64 67 79 81 94 92 91 9 11 18 29 33 45 59 66 10 13 23 53 56 95 25 46 50 86 4 8 17 55 61
Volta 60: 16 42 98 1 49 52 63 82 90 96 5 7 20 24 47 64 79 81 91 94 9 11 29 28 66 67 92 10 13 18 33 53 59 56 23 25 50 46 86 95 4 17 55 61
Volta 61: 16 42 98 49 1 52 82 90 5 20 24 64 63 81 96 7 9 29 47 66 67 79 94 91 92 10 11 13 18 28 33 53 59 56 23 46 50 86 95 4 25 55 17
Volta 62: 16 42 98 49 1 90 5 20 24 52 64 63 81 82 96 47 67 79 91 94 9 7 11 28 29 33 66 92 10 13 18 50 53 56 59 86 4 25 23 46 95 17 55
Volta 63: 16 98 42 49 1 90 5 20 24 64 81 82 47 52 63 67 79 96 9 7 29 33 94 91 10 13 11 28 50 53 56 66 86 92 4 18 23 59 95 25 46 17
Volta 64: 16 42 49 98 1 90 24 64 5 20 47 52 67 79 82 81 96 9 7 29 33 63 91 10 11 28 50 53 56 86 94 92 4 13 18 66 23 25 46 59 95 17
Volta 65: 16 98 1 42 49 90 5 20 24 47 52 64 79 82 81 96 9 63 67 91 7 11 29 28 33 50 53 56 92 10 13 18 66 86 94 4 23 25 46 59 95
Volta 66: 16 98 1 49 90 42 5 20 24 47 52 64 79 81 96 9 67 82 7 11 29 50 63 92 91 10 28 33 53 56 66 86 94 4 18 25 46 23 59 95
Volta 67: 16 98 1 42 49 90 20 24 47 52 81 96 5 9 64 67 79 82 7 11 63 92 91 10 29 28 33 50 53 56 86 94 4 18 46 66 23 25 59
Volta 68: 98 16 1 42 49 24 47 90 5 9 20 52 64 67 79 81 96 7 82 10 11 29 28 33 50 63 94 91 92 4 18 46 53 56 86 23 66 25 59
Volta 69: 16 98 42 49 1 24 90 20 47 52 64 96 5 9 67 79 81 82 7 10 11 29 92 18 28 33 46 50 53 56 63 86 91 94 4 23 66 25
Volta 70: 16 49 98 1 24 42 90 47 96 5 9 20 52 64 67 79 81 82 7 29 10 11 18 46 50 53 56 63 92 91 94 23 28 33 66 86 4 25
Volta 71: 16 49 1 24 42 90 98 47 5 9 20 52 64 79 81 96 7 29 67 82 10 11 18 50 53 92 23 28 33 46 56 63 66 86 91 94 4
Volta 72: 16 42 49 90 98 1 24 47 52 64 79 81 9 67 82 7 11 29 50 10 33 53 56 63 66 91 94 23 46 86 4
Volta 73: 16 42 49 90 98 1 24 47 64 79 9 52 67 81 7 11 29 50 82 10 33 53 56 66 91 23 46 63 94 86
Volta 74: 16 42 49 90 98 1 47 24 52 64 67 79 81 9 11 29 50 7 33 56 82 91 10 23 53 66 46 63 86 94
Volta 75: 49 90 98 16 42 47 1 24 64 79 9 50 52 67 81 11 29 56 82 7 33 66 91 10 23 46 53 63 86
Volta 76: 98 16 42 47 49 90 1 24 64 9 67 79 81 11 29 50 52 82 33 56 91 7 10 23 46 53 66 86 63
Volta 77: 16 47 49 90 98 1 42 24 64 81 9 11 50 52 67 79 29 56 82 91 7 23 33 46 53 66 10 86
Volta 78: 16 49 90 47 1 42 24 64 11 50 67 81 9 29 52 79 82 91 7 23 33 46 53 56 66 10 86
Volta 79: 16 49 90 47 1 42 24 64 50 67 81 9 11 29 52 79 7 23 33 46 53 56 82 91 10 66
Volta 80: 90 16 47 49 1 42 24 64 50 81 11 67 9 7 23 29 33 46 52 56 79 82 91 10 53 66
Volta 81: 16 49 47 90 1 24 42 64 81 50 7 9 11 23 29 33 46 56 67 79 82 91 53 52 10
Volta 82: 49 47 90 16 1 42 24 64 50 81 7 9 11 23 29 56 67 79 82 91 33 46 52 53 10
Volta 83: 49 47 90 1 16 42 24 64 50 81 7 9 23 29 56 67 79 82 11 46 52 91 33 53
Volta 84: 49 90 1 16 42 47 24 64 81 9 7 29 50 11 46 67 79 82 91 33 52 53
Volta 85: 49 1 42 90 16 24 47 64 7 29 50 81 9 46 67 79 82 91 11 52 33
Volta 86: 49 1 90 16 24 42 47 64 7 29 81 9 50 79 91 11 46 52 67 82 33
Volta 87: 49 1 16 24 42 90 47 64 7 29 9 50 81 91 11 46 67 79 52 82
Volta 88: 49 1 16 24 90 42 64 7 47 29 81 9 11 50 79 91 46 52 67 82
Volta 89: 24 49 1 16 64 90 7 42 47 9 11 29 50 79 81 91 46 52 67
Volta 90: 49 1 16 24 64 90 47 7 42 9 11 29 79 81 91 50 46 52 67
Volta 91: 49 16 24 64 90 1 47 7 11 29 42 91 9 50 46 79 81 52
Volta 92: 49 24 64 90 1 16 47 7 11 42 9 29 46 50 79 81 91 52
Volta 93: 49 90 1 24 47 64 16 7 42 9 11 29 46 81 91 50 79
Volta 94: 49 1 24 47 64 90 7 16 9 11 29 42 46 81 91 50 79
Volta 95: 49 24 47 1 64 90 7 16 9 11 29 42 46 81 91 50
Volta 96: 49 24 64 90 1 16 7 46 81 9 11 29 42 91 50
Volta 97: 49 24 90 16 64 1 7 46 81 9 11 29 42 91
Volta 98: 49 24 90 16 64 1 7 9 11 42 46 81 91 29
Volta 99: 49 24 90 64 1 16 7 11 42 46 81 91 9
Volta 100: 49 24 90 64 16 1 7 42 46 81 91 11 9
Volta 101: 49 24 64 90 16 1 42 46 7 81 91 11
Volta 102: 49 24 64 16 90 1 42 46 7 91 81 11
Volta 103: 24 49 64 16 1 46 90 42 91 7 81
Volta 104: 24 49 16 64 46 90 1 42 91 7 81
Volta 105: 24 49 64 16 46 90 1 42 91 7
Volta 106: 24 49 16 46 64 42 90 1 91 7
Volta 107: 49 24 16 64 42 46 1 90 91
Volta 108: 49 24 64 16 42 46 1 91
Volta 109: 24 49 64 16 46 42 1
Volta 110: 49 24 16 46 64 42 1
Volta 111: 49 16 24 64 42 46
Volta 112: 49 16 24 42 46 64
Volta 113: 49 16 24 46 42
Volta 114: 49 16 24 42 46
Volta 115: 49 16 24 42
Volta 116: 49 24 16 42
Volta 117: 49 24 16
Volta 118: 49 24 16
Volta 119: 49 24
Volta 120: 49 24

Ranqueamento Final:
1: Ciclista 24 - 11550.54 segundos
2: Ciclista 16 - 11475.42 segundos
3: Ciclista 49 - 11326.14 segundos
4: Ciclista 42 - 11251.02 segundos
5: Ciclista 46 - 11026.14 segundos
6: Ciclista 64 - 10801.50 segundos
7: Ciclista 1 - 10725.06 segundos
8: Ciclista 91 - 10577.22 segundos
9: Ciclista 7 - 10425.18 segundos
10: Ciclista 81 - 10201.98 segundos
11: Ciclista 11 - 10125.30 segundos
12: Ciclista 9 - 9900.18 segundos
13: Ciclista 29 - 9675.66 segundos
14: Ciclista 50 - 9526.14 segundos
15: Ciclista 79 - 9376.86 segundos
16: Ciclista 52 - 9151.26 segundos
17: Ciclista 67 - 9001.62 segundos
18: Ciclista 82 - 8776.98 segundos
19: Ciclista 33 - 8700.78 segundos
20: Ciclista 53 - 8476.26 segundos
21: Ciclista 10 - 8250.18 segundos
22: Ciclista 66 - 8026.62 segundos
23: Ciclista 86 - 7877.10 segundos
24: Ciclista 63 - 7726.50 segundos
25: Ciclista 94 - 7502.22 segundos
26: Ciclista 4 - 7350.06 segundos
27: Ciclista 25 - 7125.54 segundos
28: Ciclista 59 - 6976.38 segundos
29: Ciclista 95 - 6827.22 segundos
30: Ciclista 17 - 6600.42 segundos
31: Ciclista 55 - 6376.26 segundos
32: Ciclista 61 - 6151.50 segundos
33: Ciclista 2 - 6000.06 segundos
34: Ciclista 38 - 5850.90 segundos
35: Ciclista 22 - 5700.54 segundos
36: Ciclista 48 - 5476.14 segundos
37: Ciclista 6 - 5325.18 segundos
38: Ciclista 3 - 5100.06 segundos
39: Ciclista 65 - 4876.50 segundos
40: Ciclista 74 - 4726.74 segundos
41: Ciclista 40 - 4500.90 segundos
42: Ciclista 39 - 4275.90 segundos
43: Ciclista 54 - 4051.26 segundos
44: Ciclista 60 - 3826.38 segundos
45: Ciclista 34 - 3675.78 segundos
46: Ciclista 26 - 3600.66 segundos
47: Ciclista 31 - 3300.78 segundos
48: Ciclista 37 - 3150.90 segundos
49: Ciclista 43 - 2926.02 segundos
50: Ciclista 69 - 2701.62 segundos
51: Ciclista 76 - 2476.86 segundos
52: Ciclista 36 - 2325.90 segundos
53: Ciclista 71 - 2101.74 segundos
54: Ciclista 85 - 1801.98 segundos
55: Ciclista 88 - 1652.10 segundos
56: Ciclista 93 - 1427.22 segundos
57: Ciclista 19 - 1275.42 segundos
58: Ciclista 97 - 977.34 segundos
59: Ciclista 14 - 825.30 segundos
60: Ciclista 27 - 600.66 segundos
61: Ciclista 87 - 302.10 segundos

Ciclista 5 quebrou na volta 72 - 7050.00 segundos
Ciclista 8 quebrou na volta 60 - 6150.12 segundos
Ciclista 12 quebrou na volta 54 - 5475.24 segundos
Ciclista 13 quebrou na volta 66 - 6600.24 segundos
Ciclista 15 quebrou na volta 24 - 2100.24 segundos
Ciclista 18 quebrou na volta 72 - 7125.36 segundos
Ciclista 20 quebrou na volta 72 - 7050.36 segundos
Ciclista 21 quebrou na volta 12 - 1275.48 segundos
Ciclista 23 quebrou na volta 84 - 8325.48 segundos
Ciclista 28 quebrou na volta 72 - 7200.60 segundos
Ciclista 30 quebrou na volta 18 - 1650.60 segundos
Ciclista 32 quebrou na volta 12 - 1125.72 segundos
Ciclista 35 quebrou na volta 12 - 1275.72 segundos
Ciclista 41 quebrou na volta 12 - 1125.96 segundos
Ciclista 44 quebrou na volta 42 - 4125.96 segundos
Ciclista 45 quebrou na volta 60 - 5925.96 segundos
Ciclista 47 quebrou na volta 96 - 9151.08 segundos
Ciclista 51 quebrou na volta 54 - 5401.20 segundos
Ciclista 56 quebrou na volta 84 - 8326.32 segundos
Ciclista 57 quebrou na volta 6 - 676.32 segundos
Ciclista 58 quebrou na volta 24 - 2551.32 segundos
Ciclista 62 quebrou na volta 12 - 1351.44 segundos
Ciclista 68 quebrou na volta 24 - 2551.56 segundos
Ciclista 70 quebrou na volta 42 - 4126.56 segundos
Ciclista 72 quebrou na volta 30 - 2851.68 segundos
Ciclista 73 quebrou na volta 12 - 1201.68 segundos
Ciclista 75 quebrou na volta 12 - 1426.68 segundos
Ciclista 77 quebrou na volta 12 - 1126.80 segundos
Ciclista 78 quebrou na volta 48 - 4426.80 segundos
Ciclista 80 quebrou na volta 36 - 3676.80 segundos
Ciclista 83 quebrou na volta 12 - 1276.92 segundos
Ciclista 84 quebrou na volta 60 - 5851.92 segundos
Ciclista 89 quebrou na volta 12 - 1277.04 segundos
Ciclista 90 quebrou na volta 108 - 10502.04 segundos
Ciclista 92 quebrou na volta 72 - 7127.16 segundos
Ciclista 96 quebrou na volta 72 - 7052.28 segundos
Ciclista 98 quebrou na volta 78 - 7352.28 segundos
Ciclista 99 quebrou na volta 6 - 677.28 segundos
Ciclista 100 quebrou na volta 18 - 1802.28 segundos
