Volta 1: 2 4 5 3 1 8 6 7 10 9 12 15 14 11 13 20 18 16 17 19 23 21 24 25 22 28 29 26 27 30 31 33 34 35 32 40 39 37 38 36 43 45 44 42 41 50 46 49 48 47
Volta 2: 5 1 3 9 8 7 10 6 13 12 14 11 15 17 16 19 18 24 25 26 29 27 28 30 33 32 35 31 34 40 37 39 45 41 42 43 44 49 2 4 20 23 22 21 36 38 48 47 46 50
Volta 3: 3 5 1 10 6 8 7 12 15 13 11 16 17 19 18 24 25 29 28 35 33 32 34 39 40 41 44 45 2 4 9 14 23 21 26 27 30 31 37 38 43 42 46 48 49 20 22 36 47
Volta 4: 1 5 10 8 6 11 12 15 16 19 18 17 25 29 28 32 33 34 39 45 41 44 3 7 9 14 13 21 24 27 26 35 38 37 40 43 46 49 48 4 2 20 22 23 30 31 36 42 47
Volta 5: 5 1 8 6 12 18 16 17 28 32 39 41 45 3 7 9 10 11 15 14 13 19 24 21 25 29 27 26 34 33 35 40 37 44 49 46 48 2 23 22 30 31 36 38 43 4 20 42
Volta 6: 6 17 18 28 32 39 45 3 1 8 9 10 12 13 15 11 14 19 25 29 33 35 34 40 37 41 44 2 7 21 22 23 24 27 30 26 31 43 48 46 4 20 38 42
Volta 7: 18 17 28 32 39 45 1 6 8 10 15 11 14 13 12 19 25 29 35 33 37 41 44 3 9 7 23 24 21 22 27 34 40 43 48 46 4 2 20 26 30 31 38
Volta 8: 17 32 39 45 1 6 10 12 11 13 19 18 29 28 35 33 41 44 3 8 7 9 14 15 23 25 27 34 37 48 46 2 20 24 21 22 30 26 31 40 38 43 4
Volta 9: 39 45 1 6 11 13 12 17 18 19 29 28 33 32 44 41 3 10 7 8 9 15 14 34 35 37 2 20 24 23 21 25 22 26 27 31 38 43 48 46 30 40
Volta 10: 1 6 12 19 17 32 39 44 45 8 9 10 13 14 11 18 28 29 35 33 37 41 3 7 15 20 23 25 21 22 27 26 34 31 38 43 48 46 2 24 30 40
Volta 11: 6 12 17 19 32 39 44 1 8 10 14 13 11 18 28 33 37 45 41 3 7 9 15 20 22 29 31 34 35 38 43 48 46 2 25 23 21 30 26 27 24
Volta 12: 17 32 39 44 1 10 6 12 13 11 19 41 45 8 14 15 18 22 28 29 34 33 37 38 46 3 7 20 21 25 23 27 26 30 35 31 43 48 2 24
Volta 13: 17 39 1 10 13 12 19 32 45 41 44 6 15 11 18 22 29 33 38 37 3 7 8 14 20 28 30 26 35 31 34 43 46 48 2 23 25 21 27
Volta 14: 17 13 19 32 39 44 41 1 10 6 12 15 18 29 38 37 45 3 7 8 11 20 22 28 30 33 34 31 43 46 14 25 21 23 26 27 35 48 2
Volta 15: 13 19 17 32 39 44 41 1 10 6 12 29 45 3 7 8 15 18 30 28 33 37 38 43 11 14 20 22 27 31 34 46 48 25 23 21 26 35
Volta 16: 17 19 32 1 10 13 12 29 39 41 44 7 6 15 18 30 28 38 37 45 43 3 8 14 11 20 27 33 34 25 22 23 21 26 31 35 46 48
Volta 17: 17 19 32 1 10 13 29 39 44 41 6 12 18 28 30 37 45 3 7 14 15 11 20 33 38 43 8 25 23 21 26 27 34 31 46 22 35
Volta 18: 10 13 17 19 32 44 41 1 12 29 39 37 6 7 11 14 15 20 18 30 28 33 38 43 45 3 8 23 34 46 21 25 22 27 26 31 35
Volta 19: 17 19 32 41 1 10 13 37 44 7 12 18 20 28 29 30 39 38 43 3 6 11 14 15 23 33 45 46 8 25 26 34 31 22 21 27
Volta 20: 17 32 41 10 13 19 44 1 12 20 18 29 30 39 38 37 43 3 7 6 11 14 15 28 33 46 8 23 25 26 31 34 45 21 27 22
Volta 21: 17 32 41 13 19 1 10 20 18 30 37 44 3 7 15 12 29 39 38 43 46 8 6 14 11 23 26 28 33 45 25 21 34 31 27
Volta 22: 32 41 13 17 10 19 20 3 1 15 12 18 30 39 38 37 43 44 46 7 8 11 23 29 33 6 14 25 28 26 31 45 21 27 34
Volta 23: 32 13 41 10 20 17 19 1 15 30 38 37 43 44 46 3 7 11 12 18 29 39 8 6 14 23 25 28 26 33 31 21 27 45
Volta 24: 13 32 41 10 20 1 17 37 38 44 43 46 7 12 18 30 39 3 6 8 11 23 25 26 28 31 33 14 45 21 27
Volta 25: 32 41 13 1 10 20 17 44 46 7 12 18 37 38 43 3 6 11 23 30 39 8 14 25 28 26 33 31 45 21
Volta 26: 32 13 41 1 10 17 44 46 7 20 18 37 38 43 3 6 12 39 11 14 23 25 30 28 31 33 8 21 26 45
Volta 27: 13 32 41 1 10 17 44 20 37 43 46 3 7 18 38 6 11 12 14 25 30 28 33 39 8 23 26 31 21
Volta 28: 13 32 41 1 44 10 20 17 37 43 3 18 38 46 6 7 12 11 25 28 39 14 23 30 31 33 8 21 26
Volta 29: 13 32 41 1 44 17 43 10 20 18 37 38 46 3 7 11 25 28 39 6 14 12 23 33 31 8 21 30
Volta 30: 32 41 44 1 17 43 10 20 37 46 3 7 11 25 38 39 12 14 23 28 33 6 8 21 31 30
Volta 31: 32 41 44 1 17 43 10 20 37 7 11 25 38 39 46 3 23 28 8 6 12 14 21 33 31
Volta 32: 41 32 44 17 1 10 37 43 7 11 20 25 39 46 3 23 28 38 14 33 31 8 6 12 21
Volta 33: 41 17 32 44 1 37 43 10 7 20 25 39 11 38 46 3 14 23 28 6 8 12 33 31
Volta 34: 41 32 17 37 44 43 1 10 7 20 39 11 25 46 3 14 23 28 38 8 6 12 33 31
Volta 35: 41 17 32 37 44 10 20 39 43 1 7 11 25 3 14 23 28 46 6 8 12 38 33
Volta 36: 41 32 37 44 39 43 1 7 20 3 14 11 23 25 28 46 8 38 6 12 33
Volta 37: 41 37 44 32 39 43 1 20 3 7 11 14 25 23 8 28 38 46 6 12
Volta 38: 44 41 32 37 39 43 1 20 3 7 14 11 25 8 23 28 46 6 38 12
Volta 39: 41 44 37 39 32 43 1 3 7 14 11 20 25 23 8 6 28 38 46
Volta 40: 44 41 37 32 39 43 1 11 14 3 7 20 25 23 8 6 28 46 38
Volta 41: 41 37 44 32 39 1 11 14 43 3 7 20 25 8 23 6 28 46
Volta 42: 41 37 44 11 39 43 3 1 7 14 25 8 20 23 6 28 46
Volta 43: 41 37 44 11 3 7 14 39 43 1 20 25 23 8 6 28
Volta 44: 41 37 44 11 3 1 7 14 20 23 25 39 43 6 8 28
Volta 45: 41 37 44 11 3 1 7 14 20 23 25 43 8 39 6
Volta 46: 41 37 44 11 3 1 14 20 43 7 8 25 23 6 39
Volta 47: 41 44 37 11 3 20 1 8 7 14 23 25 43 6
Volta 48: 41 37 44 11 20 1 3 7 8 14 43 25 6
Volta 49: 41 37 44 11 20 3 1 7 43 8 14 25
Volta 50: 41 37 44 11 20 43 1 3 7 14 25 8
Volta 51: 41 37 44 11 20 3 7 25 43 1 14
Volta 52: 41 37 44 11 20 3 7 25 43 1 14
Volta 53: 41 44 37 20 11 3 7 25 43 1
Volta 54: 41 44 20 37 11 25 43 3 7 1
Volta 55: 41 44 20 37 11 43 3 25 7
Volta 56: 41 44 20 37 11 25 43 3 7
Volta 57: 41 44 20 37 11 43 3 25
Volta 58: 41 44 20 37 11 43 3 25
Volta 59: 41 44 20 37 43 11 3
Volta 60: 41 44 37 20 11 3
Volta 61: 41 37 44 20 11
Volta 62: 41 44 37 11 20
Volta 63: 41 37 44 11
Volta 64: 41 37 44 11
Volta 65: 41 37 44
Volta 66: 41 44 37
Volta 67: 41 44
Volta 68: 41 44

Ranqueamento Final:
1: Ciclista 44 - 12801.02 segundos
2: Ciclista 37 - 12750.90 segundos
3: Ciclista 11 - 12450.30 segundos
4: Ciclista 41 - 12301.02 segundos
5: Ciclista 20 - 12000.42 segundos
6: Ciclista 3 - 11850.06 segundos
7: Ciclista 25 - 11400.54 segundos
8: Ciclista 7 - 11100.18 segundos
9: Ciclista 1 - 10950.06 segundos
10: Ciclista 14 - 10350.30 segundos
11: Ciclista 8 - 10050.18 segundos
12: Ciclista 6 - 9750.18 segundos
13: Ciclista 39 - 9300.90 segundos
14: Ciclista 28 - 8850.66 segundos
15: Ciclista 46 - 8551.14 segundos
16: Ciclista 38 - 8250.90 segundos
17: Ciclista 12 - 7950.30 segundos
18: Ciclista 33 - 7500.78 segundos
19: Ciclista 31 - 7200.78 segundos
20: Ciclista 21 - 6750.54 segundos
21: Ciclista 30 - 6450.66 segundos
22: Ciclista 26 - 6000.66 segundos
23: Ciclista 45 - 5551.02 segundos
24: Ciclista 27 - 5250.66 segundos
25: Ciclista 34 - 4800.78 segundos
26: Ciclista 22 - 4500.54 segundos
27: Ciclista 35 - 4050.78 segundos
28: Ciclista 48 - 3451.14 segundos
29: Ciclista 2 - 3150.06 segundos
30: Ciclista 24 - 2700.54 segundos
31: Ciclista 40 - 2250.90 segundos
32: Ciclista 4 - 1950.06 segundos
33: Ciclista 42 - 1501.02 segundos
34: Ciclista 47 - 1051.14 segundos
35: Ciclista 50 - 601.14 segundos

Ciclista 5 quebrou na volta 6 - 1050.00 segundos
Ciclista 9 quebrou na volta 12 - 2400.12 segundos
Ciclista 10 quebrou na volta 36 - 7050.12 segundos
Ciclista 13 quebrou na volta 30 - 5400.24 segundos
Ciclista 15 quebrou na volta 24 - 4650.24 segundos
Ciclista 16 quebrou na volta 6 - 1050.36 segundos
Ciclista 17 quebrou na volta 36 - 6750.36 segundos
Ciclista 18 quebrou na volta 30 - 6000.36 segundos
Ciclista 19 quebrou na volta 24 - 4500.36 segundos
Ciclista 23 quebrou na volta 48 - 9600.48 segundos
Ciclista 29 quebrou na volta 24 - 4800.60 segundos
Ciclista 32 quebrou na volta 42 - 8100.72 segundos
Ciclista 36 quebrou na volta 6 - 1500.84 segundos
Ciclista 43 quebrou na volta 60 - 11700.96 segundos
Ciclista 49 quebrou na volta 6 - 1351.08 segundos
