Volta 1: 2 1 5 4 3 6 10 8 9 7 15 13 12 11 14 16 17 20 19 18 22 24 23 25 21 30 26 27 29 28 35 31 33 34 32 38 37 36 40 39 44 42 43 45 41 50 49 48 46 47 53 55 52 54 51 60 59 56 57 58 64 65 63 61 62 69 68 67 70 66 75 73 74 72 71 79 77 80 78 76 84 81 82 83 85 89 86 90 87 88 92 93 95 91 94 96 97 98 100 99
Volta 2: 4 3 2 1 5 9 8 10 11 14 13 12 16 20 17 18 19 24 22 23 21 28 29 30 26 35 33 34 31 36 40 37 43 44 41 45 42 46 47 50 49 48 51 53 52 55 58 57 59 60 64 63 61 65 67 69 70 66 72 71 73 74 77 78 76 79 81 82 86 88 87 90 89 94 93 92 98 99 100 97 6 7 15 25 27 32 38 39 54 56 62 68 75 80 83 85 84 91 95 96
Volta 3: 5 1 3 2 10 11 13 18 16 19 20 23 21 26 28 30 29 34 31 33 36 37 41 43 46 49 55 52 57 58 59 60 63 61 67 66 69 74 73 72 78 88 86 90 87 93 92 100 98 4 8 7 9 6 15 12 14 17 22 25 24 35 32 39 40 38 45 42 44 48 47 50 53 51 54 56 64 62 65 70 68 71 79 77 80 76 81 84 85 82 83 89 94 95 97 99 27 75 91
Volta 4: 1 3 10 13 11 18 20 16 23 21 29 26 33 34 37 36 41 43 49 58 57 61 63 69 66 74 86 88 92 98 5 2 4 8 15 12 14 17 19 22 25 30 28 35 31 40 44 50 46 47 51 55 53 52 59 60 56 64 62 67 73 71 72 78 80 76 79 84 82 83 85 81 90 89 87 93 94 97 100 9 7 6 24 27 32 39 38 42 45 48 54 65 70 68 75 77 95 99 91
Volta 5: 1 10 11 18 23 26 33 34 41 43 49 57 58 66 74 86 98 5 2 3 13 14 15 19 16 17 20 22 25 21 28 30 29 31 36 37 44 46 47 52 55 59 56 61 63 64 69 71 73 76 80 78 82 83 88 90 93 94 92 100 4 9 8 7 12 24 27 35 32 40 38 45 42 50 53 54 51 60 65 62 67 70 72 79 77 85 81 84 87 89 97 99 6 39 48 68 75 95
Volta 6: 1 11 18 26 33 41 49 57 74 98 3 10 13 20 23 22 30 34 37 36 44 43 59 58 56 64 63 69 66 73 80 78 76 82 90 86 88 93 92 4 5 2 8 12 15 17 19 16 21 25 28 29 27 32 31 38 42 47 46 51 53 52 62 61 65 67 71 72 77 79 83 85 87 97 99 100 6 7 9 24 35 39 40 45 50 48 60 68 70 84 89 95
Volta 7: 18 33 49 57 1 10 11 20 22 23 26 34 43 41 56 58 59 66 69 74 73 80 78 82 86 90 92 98 5 3 8 15 12 13 16 19 25 28 27 30 29 32 31 37 36 42 44 46 47 52 53 65 64 63 61 67 71 72 76 77 85 83 87 88 93 99 100 97 4 2 7 6 9 17 21 24 35 38 40 45 48 50 51 60 62 70 68 79 84 89 39
Volta 8: 18 57 1 10 11 20 23 22 33 41 43 49 59 58 56 66 69 73 82 90 92 5 3 8 12 13 19 29 28 26 34 37 36 44 42 47 53 63 65 67 74 72 77 78 80 76 85 86 88 93 100 98 99 2 15 16 17 24 21 25 30 27 32 31 35 38 40 45 46 50 48 52 51 61 62 64 70 71 84 83 87 89 97 4 6 9 7 39 60 68 79
Volta 9: 57 1 10 11 18 20 23 33 43 49 56 59 69 66 73 92 3 8 13 12 19 22 26 28 34 36 37 42 41 44 53 58 65 63 74 76 78 85 82 90 86 88 100 98 5 2 15 16 17 24 27 30 29 32 35 38 45 46 48 47 50 52 51 62 61 70 67 72 71 77 80 83 84 89 87 93 97 99 4 7 9 25 21 31 40 39 60 64 68 6
Volta 10: 10 11 20 18 23 33 43 49 56 57 69 66 73 92 1 8 12 13 19 22 26 28 34 36 37 44 41 58 59 63 65 78 76 82 86 88 90 98 5 3 2 15 24 30 29 32 42 45 50 46 47 53 52 61 67 70 74 71 72 77 80 85 84 89 87 93 100 97 99 9 7 16 17 25 21 27 31 35 40 39 38 48 51 60 62 68 83 4 64 6
Volta 11: 11 18 20 23 33 49 56 66 73 8 10 13 19 22 28 36 37 43 57 58 65 63 69 76 78 90 88 86 92 3 5 1 12 15 24 29 26 30 32 34 42 41 44 45 50 47 52 59 61 71 72 80 77 82 84 85 87 89 93 97 99 100 98 2 9 7 17 16 21 27 31 35 40 39 48 46 51 53 60 70 67 74 83 4 25 38 64 62 68
Volta 12: 11 18 33 49 56 66 73 8 13 20 19 23 22 28 36 43 57 65 69 78 76 88 86 90 5 3 1 10 12 24 30 29 34 32 37 45 41 44 42 58 59 61 63 72 77 80 82 84 85 89 92 93 99 98 7 9 15 17 26 35 31 46 47 50 51 53 52 60 70 67 71 74 83 87 100 97 2 21 27 38 40 39 48 64 62 4 25 68
Volta 13: 11 49 56 73 8 20 18 23 22 28 33 43 65 69 66 76 86 90 5 3 10 13 12 19 24 29 34 36 37 41 42 58 57 59 63 72 78 80 84 85 88 89 93 92 99 1 7 9 15 17 30 31 32 45 44 46 50 51 52 53 61 70 71 77 83 82 87 100 97 98 2 27 26 35 39 38 40 48 47 60 64 67 74 21 25 62 4
Volta 14: 11 49 56 73 8 18 23 22 33 43 69 66 76 90 3 13 12 20 19 24 29 28 34 37 41 42 65 72 78 85 84 86 89 93 99 1 5 7 10 15 32 31 36 44 45 50 46 51 58 59 57 61 63 80 77 82 88 92 97 98 100 9 17 27 26 30 35 40 38 39 48 53 52 60 67 70 71 83 87 2 21 25 47 64 62 74 4
Volta 15: 49 8 11 18 22 33 56 66 73 76 90 3 12 13 19 20 24 23 29 28 34 37 42 43 65 69 72 84 86 89 93 99 1 5 7 15 31 32 36 45 41 46 51 59 57 61 78 77 80 82 85 88 92 97 98 100 9 10 17 26 30 27 35 38 44 50 52 53 58 63 70 67 71 83 87 2 21 25 40 39 48 60 64 62 74 47
Volta 16: 49 11 18 22 56 66 73 90 3 8 19 20 24 23 34 33 43 42 65 69 72 76 89 93 99 7 13 12 28 29 37 41 45 51 59 61 80 78 84 85 86 92 98 100 1 5 9 10 15 26 30 31 32 36 44 46 50 52 58 57 67 70 77 83 82 88 97 2 17 25 27 35 38 39 40 48 53 60 63 71 87 21 47 62 64 74
Volta 17: 22 49 56 90 8 11 20 19 18 24 33 43 65 66 73 89 3 13 12 23 28 34 37 42 41 61 69 72 76 85 84 86 93 92 99 100 98 5 1 7 9 15 29 30 32 31 36 45 50 46 52 51 58 57 59 67 70 78 77 80 82 88 2 10 25 26 27 35 38 44 48 53 63 71 83 87 97 17 21 40 39 60 62 47 64
Volta 18: 49 56 11 19 18 20 22 24 33 43 65 73 90 3 8 13 12 28 34 41 42 61 69 72 76 84 86 89 98 99 100 1 7 9 15 23 29 37 46 51 57 59 58 70 78 85 93 92 2 5 10 27 30 26 35 32 31 36 38 45 44 52 63 67 71 77 80 82 83 88 97 17 25 21 40 48 53 60 62 87 39 64
Volta 19: 56 11 19 18 22 33 43 49 65 73 3 8 12 20 24 28 41 90 86 89 99 98 1 13 34 37 42 51 57 61 69 72 76 85 84 93 100 2 5 7 9 10 15 23 27 29 26 32 31 38 36 44 46 52 58 59 70 67 80 78 77 83 82 88 92 21 25 30 35 40 45 48 53 60 63 71 87 97 17 62 39
Volta 20: 56 11 19 18 49 3 8 20 24 22 33 41 43 65 73 90 86 99 98 12 13 28 34 37 42 57 61 69 72 76 84 89 93 100 1 2 7 10 9 15 23 26 27 29 31 32 36 38 44 46 52 51 59 58 77 85 92 5 21 30 35 40 45 63 67 70 71 80 78 82 83 88 87 97 17 25 48 53 60 62 39
Volta 21: 56 19 18 8 11 24 22 41 43 49 73 99 98 3 20 28 34 33 37 42 65 61 72 84 86 90 93 100 2 9 7 10 12 13 23 32 44 51 57 59 58 69 76 85 89 92 5 1 15 21 27 29 26 31 35 38 36 40 45 46 52 63 67 71 77 80 78 82 87 97 25 30 53 60 62 70 83 88 17 48
Volta 22: 56 18 8 11 19 22 49 73 99 3 24 28 33 34 41 43 65 61 84 90 86 98 2 9 7 10 13 12 20 23 32 37 44 42 51 59 69 72 76 93 92 100 26 27 29 35 40 36 45 46 58 57 63 67 77 80 85 82 89 87 97 5 1 15 21 30 31 38 52 60 70 71 78 83 25 48 53 62 88 17
Volta 23: 56 18 8 19 99 3 11 22 24 28 34 33 41 49 61 65 73 84 86 98 2 10 9 7 12 13 20 23 37 43 44 42 51 72 90 93 92 100 26 32 35 36 40 58 59 63 69 80 77 76 85 89 97 1 5 15 27 30 29 31 38 45 46 57 67 70 78 82 87 21 25 48 53 52 60 71 83 88 62
Volta 24: 18 56 99 3 8 11 19 24 22 28 33 61 65 73 84 86 10 12 20 34 37 43 44 41 42 90 92 93 100 98 2 9 13 23 26 51 59 69 76 80 77 85 97 1 15 29 32 35 40 38 36 45 46 58 63 78 82 89 5 21 27 31 53 52 60 70 67 71 88 25 48 83 62
Volta 25: 56 18 99 8 11 19 24 28 33 61 73 84 3 10 12 22 34 37 42 41 65 86 98 100 2 9 13 20 23 44 43 51 59 69 76 80 90 92 93 97 1 29 26 35 40 45 58 63 77 78 85 89 15 21 27 32 31 36 38 46 60 67 70 71 82 5 25 48 53 52 83 88
Volta 26: 56 18 8 11 19 24 28 61 73 99 3 10 12 22 33 34 37 42 84 86 100 9 44 41 43 59 65 69 76 90 93 92 98 2 1 13 20 23 26 45 51 80 85 89 97 15 27 29 35 36 38 40 46 60 58 63 78 77 82 5 21 25 31 32 52 53 67 70 71 88 48 83
Volta 27: 56 8 11 18 19 28 61 99 3 24 33 73 84 86 100 10 9 12 22 34 37 41 42 44 59 65 69 93 92 2 1 13 23 26 43 51 76 85 90 98 97 15 20 29 27 35 36 40 38 45 60 58 63 78 80 77 89 5 21 31 32 46 52 70 67 71 82 88 25 48 53
Volta 28: 56 8 18 61 3 11 19 24 28 73 84 86 99 100 33 34 44 42 59 69 10 9 12 13 22 37 43 41 51 65 85 90 92 93 97 98 2 1 23 26 27 35 40 38 36 58 63 80 76 89 15 20 21 29 31 45 46 52 60 70 67 71 77 78 82 88 5 25 32 53 48
Volta 29: 8 18 56 61 3 11 24 28 84 99 19 33 73 86 100 10 12 13 22 34 37 42 41 44 59 65 69 92 93 97 98 9 23 26 38 40 36 43 51 58 63 80 76 85 89 90 2 1 15 20 29 27 31 35 45 46 52 60 71 77 82 5 25 21 53 67 70 78 88 32
Volta 30: 56 3 8 18 24 61 84 11 19 28 33 73 86 100 99 10 12 22 41 42 44 59 65 69 93 9 13 34 37 38 36 43 76 80 89 90 92 98 1 2 20 23 27 26 35 40 51 60 58 63 77 5 15 25 29 31 45 46 52 53 67 70 71 78 82 88 21 32
Volta 31: 18 24 56 61 3 8 11 19 28 33 84 86 100 99 12 41 59 69 73 9 10 22 34 36 43 42 44 65 89 93 92 2 13 23 27 38 40 37 51 58 63 76 80 90 98 5 1 15 20 25 29 26 35 31 45 46 52 60 70 67 71 78 77 21 53 82 88
Volta 32: 18 56 3 8 11 19 24 28 33 61 86 99 12 41 59 69 73 84 100 9 22 34 36 42 44 43 89 92 10 13 27 40 37 58 65 63 76 80 90 93 98 5 2 20 23 26 29 31 35 38 45 46 51 60 70 67 71 78 77 1 15 25 53 52 82 88 21
Volta 33: 18 56 3 8 19 28 33 61 86 99 11 12 24 41 59 69 73 84 100 22 34 36 92 10 9 13 37 43 44 42 58 65 76 80 89 90 93 98 2 5 23 27 29 40 38 45 46 51 63 71 77 1 15 20 25 26 31 35 60 70 67 78 82 88 52 53
Volta 34: 3 18 19 56 61 8 11 12 24 28 33 41 73 86 100 99 34 36 59 69 84 9 10 22 37 43 42 44 58 65 76 80 90 89 92 93 98 2 13 23 27 38 45 46 71 5 26 29 35 31 40 51 63 70 67 77 1 15 20 25 52 53 60 78 82 88
Volta 35: 3 18 56 8 12 11 19 24 28 33 61 86 100 99 36 41 73 84 10 22 34 37 59 69 76 80 89 90 93 92 98 9 23 27 42 44 43 45 58 65 2 5 13 29 26 31 35 38 46 51 63 71 77 15 20 25 40 53 52 70 67 78 82 1 60
Volta 36: 3 18 19 28 56 61 86 100 8 11 12 24 33 41 73 84 99 10 36 59 69 76 80 90 89 92 98 9 22 27 34 37 44 42 45 43 58 93 2 13 23 26 38 46 65 63 71 5 15 20 25 31 35 40 53 51 67 70 77 1 52 60 78 82
Volta 37: 3 18 28 56 61 86 100 8 11 19 24 33 73 84 10 12 36 41 69 76 90 89 92 98 99 22 27 34 43 45 59 80 93 9 13 23 26 37 38 42 44 58 63 71 2 5 15 25 35 40 46 51 65 67 20 31 53 52 60 70 78 77 1
Volta 38: 3 18 56 86 8 11 28 33 61 73 84 100 12 19 24 36 41 69 76 90 99 10 34 59 80 89 92 98 9 13 23 22 27 37 44 45 43 42 58 63 71 93 2 5 26 35 38 40 46 51 15 20 25 52 53 60 65 67 70 77 1 31 78
Volta 39: 18 3 28 56 61 84 86 100 8 11 12 19 33 36 41 69 73 76 99 24 34 59 90 98 10 9 13 22 23 27 37 45 44 43 80 89 93 92 2 5 26 35 38 40 42 51 58 63 71 15 25 46 60 65 67 20 31 52 53 70 77 1
Volta 40: 18 3 28 56 86 8 12 11 19 33 36 61 69 73 76 84 100 24 34 41 90 99 9 10 13 22 27 37 44 45 59 92 93 98 5 2 23 26 40 43 42 51 63 71 80 89 25 35 38 46 58 65 67 15 20 52 53 60 70 77 31 1
Volta 41: 18 3 28 86 8 11 56 69 76 84 100 12 19 33 36 41 61 73 13 24 22 27 34 44 90 93 99 98 9 10 23 26 37 43 45 51 59 63 71 89 92 2 5 35 38 40 42 46 58 65 67 80 15 20 25 53 60 31 52 70 77
Volta 42: 18 3 28 86 11 69 100 8 12 19 33 36 41 56 61 73 84 13 22 24 27 99 9 10 37 44 45 59 71 90 92 93 98 2 23 26 35 38 40 42 51 63 65 80 89 5 20 46 58 60 67 15 25 31 52 70 77
Volta 43: 18 3 11 28 86 100 12 19 56 69 73 84 8 27 33 36 41 61 9 10 13 22 24 37 44 45 59 71 90 93 92 98 99 2 23 26 35 40 51 63 80 89 5 20 38 42 46 60 58 65 67 15 25 52 31 70
Volta 44: 18 3 11 86 100 12 19 28 56 69 84 8 36 41 61 73 9 10 22 24 27 33 37 45 44 59 92 93 99 98 2 13 63 71 80 89 90 5 23 26 35 40 38 42 46 51 58 60 65 67 15 20 25 52 70 31
Volta 45: 3 18 11 100 12 19 28 56 84 86 8 36 41 61 69 73 10 9 24 22 27 45 44 98 13 33 37 59 71 89 90 92 93 99 5 2 23 40 46 60 63 65 80 15 20 25 26 35 38 42 51 58 67 52 70
Volta 46: 18 3 11 19 28 56 84 86 100 12 61 69 8 27 36 45 41 73 9 10 24 22 44 59 71 90 93 92 99 98 2 13 23 33 40 37 46 60 63 80 89 5 15 20 25 35 38 51 65 67 26 42 52 58 70
Volta 47: 3 11 18 19 28 84 100 12 56 86 8 27 36 45 41 61 69 73 9 10 22 90 92 93 98 13 23 24 33 37 40 44 46 59 63 71 89 99 2 15 20 25 38 51 60 65 80 5 26 35 42 52 58 67
Volta 48: 3 11 18 19 84 28 56 86 100 8 12 27 45 69 10 36 73 90 93 92 9 23 22 37 40 44 63 71 98 13 20 25 33 46 51 60 59 65 89 99 2 5 15 26 38 52 58 80 35 42 67
Volta 49: 3 11 18 19 84 86 100 12 28 45 56 69 8 27 36 93 92 10 9 23 40 37 44 63 73 71 90 98 13 22 25 33 46 51 59 60 89 2 15 20 26 38 58 65 80 99 5 35 42 52
Volta 50: 3 11 19 18 84 12 28 45 69 86 100 8 27 56 10 23 37 36 63 73 92 93 9 13 25 22 33 40 44 59 60 71 90 89 98 2 15 20 46 51 58 99 26 35 38 52 65 80 5 42
Volta 51: 3 11 19 18 28 84 86 8 12 27 45 56 69 100 36 37 73 92 93 10 9 13 22 23 33 40 44 59 63 71 90 98 2 25 46 60 89 99 15 20 26 35 51 58 65 80 5 38 52
Volta 52: 3 19 11 18 84 86 8 12 28 69 100 27 37 36 45 56 92 9 13 22 23 40 59 63 73 71 93 98 10 25 33 44 46 60 90 89 99 2 15 20 58 65 80 5 26 35 38 52 51
Volta 53: 3 19 18 11 84 86 8 12 69 100 28 27 36 37 45 56 13 22 23 40 59 71 92 9 25 33 60 63 73 90 93 98 99 10 20 44 46 58 65 89 2 15 26 35 52 80 5 38
Volta 54: 3 18 19 11 84 86 69 100 8 12 28 37 36 22 23 27 40 56 59 92 9 13 25 63 71 93 99 98 20 33 44 46 60 58 73 89 2 15 26 52 65 5 35 38 80
Volta 55: 3 18 19 11 69 84 86 8 100 12 23 22 28 36 37 59 56 9 13 27 40 63 71 93 92 99 98 20 25 33 46 60 89 15 26 44 58 65 73 5 2 35 38 52
Volta 56: 3 19 18 11 69 84 86 100 8 12 22 28 36 59 56 9 13 23 27 37 40 63 71 92 93 98 20 25 33 46 60 89 99 15 44 58 65 73 5 2 26 35 38 52
Volta 57: 3 18 19 11 69 84 100 8 36 56 59 86 9 13 12 22 23 28 40 37 71 98 20 25 27 33 46 60 63 92 93 99 44 58 73 89 2 5 15 26 65 35 38
Volta 58: 3 19 18 84 8 11 36 56 59 69 86 100 12 22 23 28 40 37 9 13 27 46 63 71 92 93 98 20 25 33 58 60 73 89 99 2 15 26 44 65 5 35 38
Volta 59: 19 3 18 84 11 36 56 86 8 28 40 59 69 100 12 13 23 22 27 37 63 71 98 9 20 25 33 46 60 73 89 93 92 99 2 15 26 44 58 65 5 35
Volta 60: 19 18 3 36 56 84 86 8 11 28 40 59 69 100 12 22 23 37 63 71 98 13 27 93 92 9 20 25 26 33 44 46 58 73 89 99 2 15 65 5 35
Volta 61: 19 18 3 36 56 84 86 8 11 69 22 23 28 37 40 59 63 71 100 98 13 12 92 93 9 25 26 27 44 46 73 89 99 2 15 20 33 58 65 5
Volta 62: 18 19 3 36 56 84 86 8 69 11 22 28 37 40 59 63 71 100 13 12 23 92 98 25 27 44 73 89 93 9 15 20 26 33 46 58 65 99 2 5
Volta 63: 19 3 18 36 56 8 84 86 11 22 28 37 40 69 71 12 23 59 63 92 100 98 13 25 73 89 15 20 27 26 33 44 58 65 93 99 2 9 46
Volta 64: 19 3 18 36 56 86 8 28 40 69 71 84 11 22 37 98 100 13 12 25 23 59 63 89 92 15 27 26 44 58 65 73 93 2 9 20 33 46 99
Volta 65: 19 3 18 36 56 86 8 71 11 22 28 37 40 69 84 100 13 23 59 63 89 98 12 25 26 27 44 65 73 93 92 2 15 58 9 20 33 46
Volta 66: 19 3 18 36 86 56 71 8 11 28 37 40 23 59 63 69 84 89 98 100 13 12 25 92 93 2 15 26 44 58 65 73 9 20 46 33
Volta 67: 19 3 18 36 86 56 71 8 11 28 40 37 23 59 63 69 84 89 100 98 12 13 15 25 26 44 73 93 92 2 20 46 58 65 9
Volta 68: 19 3 18 86 36 56 71 8 11 28 40 37 69 100 98 12 13 23 59 63 84 89 15 25 26 73 2 44 46 58 65 93 92 9 20
Volta 69: 19 18 86 3 36 56 71 11 28 40 37 69 98 8 23 59 63 84 89 100 12 13 25 26 2 15 44 58 65 73 92 93 9 46
Volta 70: 19 86 18 3 36 40 37 56 69 71 98 8 11 28 59 84 89 100 25 23 26 63 13 15 12 44 58 73 92 2 9 46 65 93
Volta 71: 19 86 18 3 36 40 56 69 98 11 28 37 71 84 100 8 23 26 59 63 89 12 13 25 44 58 73 92 9 15 2 46 65
Volta 72: 19 86 18 36 56 98 40 37 69 71 100 8 11 23 28 59 63 84 89 12 25 26 73 92 9 13 44 58 2 46 65
Volta 73: 19 18 86 36 56 98 69 71 100 8 11 28 40 37 59 63 84 12 23 25 26 73 89 13 44 92 2 9 46 58
Volta 74: 18 19 86 36 56 98 8 11 28 37 59 69 71 84 100 23 25 26 40 63 89 13 12 73 92 2 9 44 46 58
Volta 75: 19 18 86 56 36 98 8 11 28 69 84 100 23 25 26 40 37 59 71 89 13 12 63 73 92 2 44 46 9
Volta 76: 19 18 86 56 36 8 28 84 98 100 11 25 40 59 69 71 13 23 26 37 63 73 89 92 2 12 44 46 9
Volta 77: 19 86 18 56 28 36 100 98 8 25 40 69 71 84 11 23 26 37 59 73 89 92 2 13 12 44 63 46
Volta 78: 19 18 56 28 36 8 25 69 84 98 100 11 23 37 40 59 73 71 89 92 13 26 12 44 63 46
Volta 79: 19 18 56 36 25 28 100 98 8 23 40 59 69 71 84 11 37 73 89 92 13 12 26 44 63
Volta 80: 19 18 56 36 25 28 8 23 40 69 84 98 100 11 37 59 73 71 89 92 13 26 44 63 12
Volta 81: 19 18 56 36 25 28 84 98 100 8 11 23 37 40 59 69 73 71 89 92 13 26 44 63
Volta 82: 18 19 56 25 28 36 98 8 11 23 37 59 69 71 73 84 100 40 89 92 26 44 13 63
Volta 83: 18 56 19 25 36 28 98 11 23 37 71 73 84 100 8 40 59 69 26 44 89 92 13
Volta 84: 18 56 19 25 36 98 11 28 37 73 71 100 8 23 59 69 84 40 89 92 13 26 44
Volta 85: 18 56 25 36 19 11 28 37 73 71 100 98 59 84 8 23 40 69 89 13 26 92
Volta 86: 18 25 36 56 19 11 28 98 100 37 71 73 84 8 23 40 59 89 13 26 69 92
Volta 87: 18 25 36 56 19 11 100 98 28 37 71 84 40 59 73 89 8 23 26 69 13
Volta 88: 18 25 36 19 56 11 28 37 71 84 100 98 40 59 73 89 8 23 26 13 69
Volta 89: 18 25 36 56 11 19 28 37 100 71 84 98 23 40 59 73 89 8 13 26
Volta 90: 18 36 56 19 11 28 100 37 71 84 23 40 73 8 26 59 89 13
Volta 91: 18 36 56 19 11 28 100 84 23 37 71 8 26 40 59 73 89
Volta 92: 18 36 56 11 19 28 84 100 37 71 8 23 26 73 89 40 59
Volta 93: 18 56 36 11 19 28 100 37 84 8 23 71 73 26 40 89
Volta 94: 18 56 36 11 19 28 37 84 100 8 23 71 26 40 73 89
Volta 95: 18 56 36 11 19 28 84 100 8 23 37 71 40 73 26
Volta 96: 18 36 56 19 28 11 8 23 71 100 40 37 26 73
Volta 97: 18 36 56 19 28 11 8 71 100 23 37 26 40
Volta 98: 18 36 19 56 28 11 8 100 37 71 23 26 40
Volta 99: 18 36 19 56 28 11 8 100 23 37 71 26
Volta 100: 18 36 19 56 28 11 8 37 71 100 23 26
Volta 101: 18 19 36 56 28 11 8 100 23 37 71
Volta 102: 19 18 36 56 28 11 8 100 23 37 71
Volta 103: 18 19 56 36 11 28 8 100 23 37
Volta 104: 18 56 19 36 11 28 8 100 23 37
Volta 105: 18 56 19 36 11 28 100 8 23
Volta 106: 18 56 19 36 11 28 8 100 23
Volta 107: 18 56 19 36 11 28 8 100
Volta 108: 18 56 36 11 19 28 8 100
Volta 109: 18 56 36 11 19 28 8
Volta 110: 18 56 36 11 19 28 8
Volta 111: 56 18 36 11 19 28
Volta 112: 56 36 18 11 19 28
Volta 113: 36 56 18 11 19
Volta 114: 36 56 18 11 19
Volta 115: 56 36 11 18
Volta 116: 56 36 11 18
Volta 117: 56 36 11
Volta 118: 56 36 11
Volta 119: 56 36
Volta 120: 56 36

Ranqueamento Final:
1: Ciclista 36 - 22950.90 segundos
2: Ciclista 11 - 22800.30 segundos
3: Ciclista 56 - 22651.38 segundos
4: Ciclista 18 - 22350.42 segundos
5: Ciclista 19 - 22050.42 segundos
6: Ciclista 28 - 21900.66 segundos
7: Ciclista 8 - 21600.18 segundos
8: Ciclista 100 - 21302.34 segundos
9: Ciclista 23 - 21150.54 segundos
10: Ciclista 37 - 20700.90 segundos
11: Ciclista 71 - 20251.74 segundos
12: Ciclista 26 - 19950.66 segundos
13: Ciclista 40 - 19650.90 segundos
14: Ciclista 73 - 19201.74 segundos
15: Ciclista 89 - 18752.10 segundos
16: Ciclista 59 - 18451.38 segundos
17: Ciclista 13 - 18150.30 segundos
18: Ciclista 69 - 17701.62 segundos
19: Ciclista 92 - 17252.22 segundos
20: Ciclista 44 - 16951.02 segundos
21: Ciclista 63 - 16651.50 segundos
22: Ciclista 12 - 16200.30 segundos
23: Ciclista 46 - 15901.14 segundos
24: Ciclista 9 - 15600.18 segundos
25: Ciclista 58 - 15001.38 segundos
26: Ciclista 65 - 14701.50 segundos
27: Ciclista 93 - 14252.22 segundos
28: Ciclista 20 - 13950.42 segundos
29: Ciclista 33 - 13650.78 segundos
30: Ciclista 99 - 13052.34 segundos
31: Ciclista 5 - 12900.06 segundos
32: Ciclista 35 - 12450.78 segundos
33: Ciclista 38 - 12150.90 segundos
34: Ciclista 52 - 11701.26 segundos
35: Ciclista 80 - 11251.86 segundos
36: Ciclista 51 - 10801.26 segundos
37: Ciclista 42 - 10501.02 segundos
38: Ciclista 67 - 10051.62 segundos
39: Ciclista 70 - 9751.62 segundos
40: Ciclista 31 - 9450.78 segundos
41: Ciclista 77 - 9001.86 segundos
42: Ciclista 1 - 8700.06 segundos
43: Ciclista 78 - 8101.86 segundos
44: Ciclista 82 - 7651.98 segundos
45: Ciclista 88 - 7202.10 segundos
46: Ciclista 21 - 6900.54 segundos
47: Ciclista 32 - 6450.78 segundos
48: Ciclista 48 - 6151.14 segundos
49: Ciclista 83 - 5701.98 segundos
50: Ciclista 62 - 5401.50 segundos
51: Ciclista 17 - 4950.42 segundos
52: Ciclista 39 - 4650.90 segundos
53: Ciclista 64 - 4051.50 segundos
54: Ciclista 74 - 3601.74 segundos
55: Ciclista 4 - 3300.06 segundos
56: Ciclista 68 - 2851.62 segundos
57: Ciclista 6 - 2550.18 segundos
58: Ciclista 79 - 1951.86 segundos
59: Ciclista 95 - 1502.22 segundos
60: Ciclista 91 - 1202.22 segundos
61: Ciclista 96 - 602.34 segundos

Ciclista 2 quebrou na volta 78 - 15750.00 segundos
Ciclista 3 quebrou na volta 72 - 13800.00 segundos
Ciclista 7 quebrou na volta 24 - 4650.12 segundos
Ciclista 10 quebrou na volta 54 - 10950.12 segundos
Ciclista 14 quebrou na volta 6 - 1350.24 segundos
Ciclista 15 quebrou na volta 72 - 14550.24 segundos
Ciclista 16 quebrou na volta 12 - 2550.36 segundos
Ciclista 22 quebrou na volta 66 - 12900.48 segundos
Ciclista 24 quebrou na volta 48 - 9750.48 segundos
Ciclista 25 quebrou na volta 90 - 17400.48 segundos
Ciclista 27 quebrou na volta 66 - 13350.60 segundos
Ciclista 29 quebrou na volta 36 - 7500.60 segundos
Ciclista 30 quebrou na volta 24 - 4950.60 segundos
Ciclista 34 quebrou na volta 42 - 8250.72 segundos
Ciclista 41 quebrou na volta 48 - 9300.96 segundos
Ciclista 43 quebrou na volta 42 - 8400.96 segundos
Ciclista 45 quebrou na volta 54 - 10650.96 segundos
Ciclista 47 quebrou na volta 18 - 4051.08 segundos
Ciclista 49 quebrou na volta 24 - 4651.08 segundos
Ciclista 50 quebrou na volta 18 - 3601.08 segundos
Ciclista 53 quebrou na volta 42 - 8701.20 segundos
Ciclista 54 quebrou na volta 6 - 1351.20 segundos
Ciclista 55 quebrou na volta 6 - 1201.20 segundos
Ciclista 57 quebrou na volta 24 - 4951.32 segundos
Ciclista 60 quebrou na volta 60 - 12151.32 segundos
Ciclista 61 quebrou na volta 48 - 9301.44 segundos
Ciclista 66 quebrou na volta 18 - 3301.56 segundos
Ciclista 72 quebrou na volta 24 - 4801.68 segundos
Ciclista 75 quebrou na volta 6 - 1501.68 segundos
Ciclista 76 quebrou na volta 42 - 7951.80 segundos
Ciclista 81 quebrou na volta 6 - 1501.92 segundos
Ciclista 84 quebrou na volta 96 - 18751.92 segundos
Ciclista 85 quebrou na volta 30 - 6001.92 segundos
Ciclista 86 quebrou na volta 78 - 14702.04 segundos
Ciclista 87 quebrou na volta 24 - 4952.04 segundos
Ciclista 90 quebrou na volta 54 - 10952.04 segundos
Ciclista 94 quebrou na volta 6 - 1352.16 segundos
Ciclista 97 quebrou na volta 30 - 6002.28 segundos
Ciclista 98 quebrou na volta 90 - 17702.28 segundos
