Volta 1: 5 4 3 2 1 8 7 10 6 9 14 11 12 15 13 20 18 16 17 19 25 22 24 23 21 26 30 29 27 28 32 35 34 31 33 40 39 38 37 36 43 41 42 44 45 46 50 49 47 48
Volta 2: 4 5 3 9 10 7 6 8 13 15 11 12 17 19 16 24 21 22 25 23 26 27 31 35 34 33 39 38 41 42 43 44 48 50 46 49 47 1 2 14 18 20 29 28 30 32 37 36 40 45
Volta 3: 4 3 6 10 12 11 13 19 26 27 31 41 44 47 1 5 7 9 8 14 15 18 17 16 20 21 22 23 24 25 28 29 30 35 33 34 32 36 37 38 39 43 42 48 49 50 46 2 40
Volta 4: 4 3 10 6 11 13 19 27 31 44 41 1 5 9 7 12 15 14 16 20 18 25 22 21 24 26 30 29 28 34 35 33 36 37 39 43 42 47 46 48 50 49 8 17 23 32 40 38 2
Volta 5: 3 11 31 44 4 5 1 6 10 13 12 18 19 16 21 26 29 27 30 35 34 37 39 36 41 43 42 47 7 9 15 14 20 23 25 24 22 28 33 32 49 50 48 46 8 17 38 40
Volta 6: 11 3 5 4 1 6 10 12 13 18 16 19 21 29 26 27 35 34 31 36 44 41 43 47 7 20 25 23 24 22 30 33 39 37 42 49 50 8 9 14 17 28 32 40 48 46 38
Volta 7: 11 1 6 10 13 19 18 21 29 26 31 36 41 47 4 5 3 7 12 16 23 24 27 34 35 39 42 43 44 49 50 8 20 17 25 22 28 30 33 32 37 48 9 14 40 46
Volta 8: 10 11 13 26 29 31 41 47 1 5 6 12 16 18 19 23 21 24 27 35 34 36 39 43 44 50 3 4 7 8 22 28 30 33 37 42 49 9 20 17 25 32 40 48 14 46
Volta 9: 11 13 26 29 31 1 10 6 12 19 18 24 21 27 34 36 39 41 47 5 8 16 23 22 30 28 35 43 44 42 49 50 4 3 7 9 20 17 25 32 33 37 40 14 48
Volta 10: 13 26 29 1 6 10 12 11 19 18 24 27 34 31 39 41 47 5 8 16 21 23 28 36 43 44 49 50 4 9 7 20 22 30 33 32 35 42 3 14 17 25 40 37 48
Volta 11: 13 1 6 11 12 18 24 29 26 31 39 47 5 10 8 19 21 23 28 27 34 36 41 49 4 9 20 16 22 30 35 43 44 42 50 3 7 14 25 33 32 40 37 17
Volta 12: 6 12 13 11 18 24 26 29 31 47 5 1 10 8 19 23 28 27 34 39 41 49 9 16 21 36 43 42 44 50 3 4 7 25 30 35 33 32 40 37 17
Volta 13: 6 12 11 13 18 24 26 47 5 1 10 23 29 34 31 39 49 9 8 19 16 21 28 27 36 41 44 50 4 7 25 30 35 32 33 40 37 43 42 3
Volta 14: 13 24 26 47 1 6 10 11 12 18 23 31 39 5 9 19 16 21 28 29 34 41 49 4 7 8 27 30 32 33 35 40 36 37 44 43 42 50 25 3
Volta 15: 13 24 26 47 1 6 12 11 18 23 39 5 9 10 16 28 29 34 31 41 49 7 8 19 21 30 27 32 35 36 40 42 44 43 4 25 33 37 50
Volta 16: 13 47 1 12 18 23 24 26 5 9 6 11 16 31 39 41 49 8 10 7 19 28 29 34 35 32 40 44 4 25 21 30 27 33 37 36 42 43 50
Volta 17: 13 47 1 12 18 24 26 9 6 11 23 39 41 5 8 10 16 19 29 35 34 32 31 40 49 7 25 21 27 28 33 36 43 44 42 4 30 37
Volta 18: 47 1 12 13 24 26 6 9 18 23 39 41 5 11 31 34 35 40 49 10 19 16 21 29 32 43 42 44 7 25 28 27 30 33 36 37 4
Volta 19: 1 12 13 24 47 6 26 41 9 11 18 23 31 40 39 49 5 16 19 32 34 35 44 42 7 10 25 21 27 29 30 36 43 28 33 37
Volta 20: 1 13 24 47 6 12 26 9 11 18 23 31 40 41 16 34 35 32 39 44 49 5 10 7 19 21 30 29 42 43 25 27 28 33 37 36
Volta 21: 1 13 6 12 24 26 47 11 23 40 41 9 18 16 31 34 35 39 44 5 10 19 21 30 29 32 42 43 49 7 25 27 28 33 37
Volta 22: 1 12 13 24 26 47 6 40 41 9 11 16 23 31 34 39 44 5 10 19 18 21 29 35 32 42 49 28 30 27 43 7 25 33 37
Volta 23: 1 13 12 24 26 6 40 41 47 9 11 31 34 39 5 16 19 18 23 35 32 44 10 21 28 30 29 42 43 49 7 25 27 33
Volta 24: 24 26 1 6 13 12 40 41 47 9 11 34 31 5 18 16 23 32 39 44 19 29 35 42 49 10 7 21 30 27 28 33
Volta 25: 24 26 1 6 13 41 9 12 34 31 40 47 5 11 16 23 39 19 18 29 32 35 42 44 10 27 30 28 49 7 21
Volta 26: 24 6 13 26 41 1 12 34 40 5 9 23 31 39 47 11 16 19 18 29 32 44 42 10 27 35 7 30 28 49 21
Volta 27: 24 6 13 26 34 41 1 12 23 31 40 39 47 5 9 11 16 18 19 29 10 27 32 44 42 7 30 28 35 49
Volta 28: 24 13 26 41 1 6 12 23 34 40 39 5 9 16 29 31 47 11 19 18 27 32 42 44 10 35 49 7 28 30
Volta 29: 24 41 1 6 12 13 23 26 5 9 16 29 34 31 39 40 47 19 27 44 10 11 18 32 35 42 49 28 7
Volta 30: 24 41 12 26 1 6 23 40 39 47 5 9 19 16 27 29 31 34 10 11 18 32 44 42 35 28 7
Volta 31: 24 12 26 41 1 6 23 39 47 5 9 16 19 27 34 31 40 11 18 29 32 42 44 10 35 28
Volta 32: 24 12 26 39 41 47 5 1 6 9 16 19 23 31 34 11 18 27 29 32 40 42 44 10 35 28
Volta 33: 12 24 26 47 5 1 6 16 19 23 39 41 9 18 27 29 32 34 31 40 11 44 42 10 35
Volta 34: 24 12 26 47 1 19 23 39 5 6 16 32 31 40 41 9 18 27 29 34 42 44 11 10 35
Volta 35: 24 12 26 47 1 23 5 6 19 32 31 39 41 9 18 16 29 27 40 42 11 34 44 10
Volta 36: 24 12 47 1 23 26 6 19 31 32 41 5 9 16 18 40 39 42 11 27 29 34 44 10
Volta 37: 24 12 47 1 26 6 19 23 31 32 41 5 39 40 9 11 16 18 29 27 34 42 44
Volta 38: 24 47 1 12 26 19 23 32 31 5 6 39 40 41 9 11 16 18 27 29 42 34 44
Volta 39: 24 1 26 47 12 23 31 5 6 19 32 40 41 9 11 18 27 29 39 16 34 42
Volta 40: 24 47 1 12 23 26 31 6 32 40 41 5 9 19 18 27 29 39 11 16 34 42
Volta 41: 24 1 26 31 47 6 12 23 40 41 5 9 19 29 32 39 18 27 34 11 16
Volta 42: 24 47 12 23 26 31 5 6 19 29 32 39 40 41 9 27 18 16 11
Volta 43: 24 47 12 31 6 19 23 29 26 40 39 41 5 9 27 32 18 16
Volta 44: 24 47 6 12 19 23 31 40 39 41 26 29 32 5 9 18 27 16
Volta 45: 24 47 12 19 31 39 40 6 23 29 41 5 9 27 26 32 18
Volta 46: 24 47 12 19 40 39 6 23 29 31 41 5 27 26 32 9 18
Volta 47: 24 47 12 19 39 40 6 23 5 27 29 26 32 31 41 9
Volta 48: 24 12 39 6 19 23 40 5 29 31 27 26 32 41 9
Volta 49: 24 12 39 6 19 23 40 5 31 26 27 29 32 41
Volta 50: 24 12 6 19 23 39 5 31 40 26 29 41 27 32
Volta 51: 24 6 12 19 39 23 31 40 5 29 27 26 41
Volta 52: 24 6 12 19 39 23 31 40 5 29 27 26 41
Volta 53: 24 12 19 39 6 31 40 5 23 29 26 27
Volta 54: 24 12 19 6 31 39 5 23 29 27 26
Volta 55: 24 12 19 31 39 5 6 23 29 27
Volta 56: 24 12 19 31 5 6 39 23 29 27
Volta 57: 24 12 19 31 6 5 39 23 29
Volta 58: 24 12 31 6 19 5 39 23 29
Volta 59: 24 31 6 12 19 5 39 23
Volta 60: 24 31 12 19 5 6 23 39
Volta 61: 24 31 19 12 5 6 23
Volta 62: 24 31 12 19 6 23 5
Volta 63: 24 31 19 6 12 23
Volta 64: 24 31 19 6 12 23
Volta 65: 24 31 19 12 6
Volta 66: 31 12 19 6
Volta 67: 31 12 19
Volta 68: 31 12 19
Volta 69: 31 12
Volta 70: 31 12

Ranqueamento Final:
1: Ciclista 12 - 1320.30 segundos
2: Ciclista 31 - 1305.78 segundos
3: Ciclista 19 - 1305.42 segundos
4: Ciclista 6 - 1275.18 segundos
5: Ciclista 23 - 1245.54 segundos
6: Ciclista 5 - 1215.06 segundos
7: Ciclista 39 - 1170.90 segundos
8: Ciclista 29 - 1155.66 segundos
9: Ciclista 27 - 1125.66 segundos
10: Ciclista 26 - 1095.66 segundos
11: Ciclista 41 - 1051.02 segundos
12: Ciclista 32 - 1005.78 segundos
13: Ciclista 9 - 975.18 segundos
14: Ciclista 18 - 945.42 segundos
15: Ciclista 16 - 900.42 segundos
16: Ciclista 11 - 870.30 segundos
17: Ciclista 42 - 811.02 segundos
18: Ciclista 44 - 781.02 segundos
19: Ciclista 10 - 765.18 segundos
20: Ciclista 35 - 720.78 segundos
21: Ciclista 28 - 690.66 segundos
22: Ciclista 7 - 660.18 segundos
23: Ciclista 30 - 600.66 segundos
24: Ciclista 21 - 570.54 segundos
25: Ciclista 33 - 510.78 segundos
26: Ciclista 37 - 480.90 segundos
27: Ciclista 36 - 435.90 segundos
28: Ciclista 4 - 405.06 segundos
29: Ciclista 50 - 346.14 segundos
30: Ciclista 3 - 330.06 segundos
31: Ciclista 17 - 285.42 segundos
32: Ciclista 48 - 256.14 segundos
33: Ciclista 46 - 211.14 segundos
34: Ciclista 38 - 165.90 segundos
35: Ciclista 2 - 120.06 segundos
36: Ciclista 45 - 61.02 segundos

Ciclista 1 quebrou na volta 42 - 795.00 segundos
Ciclista 8 quebrou na volta 18 - 360.12 segundos
Ciclista 13 quebrou na volta 30 - 570.24 segundos
Ciclista 14 quebrou na volta 12 - 285.24 segundos
Ciclista 15 quebrou na volta 6 - 135.24 segundos
Ciclista 20 quebrou na volta 12 - 255.36 segundos
Ciclista 22 quebrou na volta 12 - 270.48 segundos
Ciclista 24 quebrou na volta 66 - 1185.48 segundos
Ciclista 25 quebrou na volta 24 - 510.48 segundos
Ciclista 34 quebrou na volta 42 - 840.72 segundos
Ciclista 40 quebrou na volta 54 - 1035.84 segundos
Ciclista 43 quebrou na volta 24 - 495.96 segundos
Ciclista 47 quebrou na volta 48 - 886.08 segundos
Ciclista 49 quebrou na volta 30 - 616.08 segundos
