Volta 1: 3 4 1 2 5 9 10 6 8 7 14 13 15 12 11 19 16 20 18 17 24 23 21 22 25 26 30 29 27 28 32 34 31 33 35 37 38 39 40 36 43 42 45 44 41 50 47 48 49 46
Volta 2: 2 1 3 4 10 9 7 8 14 11 12 13 20 18 19 17 25 24 21 23 22 26 30 29 27 33 34 32 31 35 40 39 43 42 48 46 47 50 5 6 15 16 28 37 38 36 45 44 41 49
Volta 3: 2 3 7 8 9 13 19 17 20 21 24 22 27 29 30 32 35 39 43 46 47 48 5 4 1 10 6 14 12 15 11 18 16 25 23 26 28 34 31 33 40 36 38 37 45 44 41 42 50
Volta 4: 2 3 8 9 13 20 21 22 27 35 39 46 47 48 4 1 5 10 7 14 12 18 19 17 25 23 24 29 30 26 28 33 32 36 37 40 44 45 43 41 6 15 11 16 31 34 38 42 50
Volta 5: 2 9 8 13 20 22 21 35 46 48 1 4 5 3 7 12 17 19 23 24 25 30 26 28 27 29 32 33 36 37 40 39 45 41 43 47 10 6 15 11 14 18 34 38 42 44 16 31
Volta 6: 2 9 8 20 21 35 46 48 5 13 12 17 19 22 29 30 27 26 33 36 39 43 47 4 1 3 7 6 15 11 14 18 24 23 28 34 32 40 37 45 44 41 42 10 16 31 38
Volta 7: 8 21 48 2 5 9 13 12 19 17 20 22 27 35 39 43 46 47 3 4 7 6 11 15 14 18 24 23 30 28 29 26 32 33 34 37 40 36 44 45 41 1 10 31 42 16
Volta 8: 8 21 12 17 27 48 46 4 2 5 7 6 9 11 15 13 19 20 22 24 30 26 28 35 32 40 37 36 39 45 43 47 3 14 18 23 29 33 34 44 42 41 1 10 16 31
Volta 9: 8 21 12 27 48 5 2 4 9 11 15 13 17 20 19 22 24 28 30 32 35 39 40 43 47 46 3 6 7 14 29 26 33 36 37 45 44 42 41 1 10 16 18 23 34
Volta 10: 21 8 12 27 48 4 2 9 13 15 19 17 22 28 30 32 39 43 46 3 5 7 6 11 20 24 29 33 35 36 37 40 41 42 45 44 47 1 10 14 18 23 26 34 16
Volta 11: 21 12 48 4 2 9 8 13 19 22 27 30 39 43 46 5 6 15 20 17 24 29 28 32 35 33 40 45 41 42 47 1 3 10 7 11 14 18 23 34 36 37 44 26
Volta 12: 12 21 48 2 8 9 19 22 27 30 39 43 5 4 6 13 17 20 28 29 35 32 42 45 47 46 3 7 15 11 14 18 23 24 34 40 36 44 41 1 10 26 37
Volta 13: 21 48 12 19 30 39 43 5 2 4 9 8 6 13 17 20 22 28 27 35 45 42 47 7 11 15 18 24 23 29 32 40 41 46 1 3 14 26 34 36 44 10
Volta 14: 48 12 19 21 43 5 4 2 9 17 22 28 27 30 35 39 8 7 6 13 11 20 18 24 23 29 32 40 45 42 47 46 1 3 15 14 26 36 41 44 10 34
Volta 15: 48 12 19 21 43 4 2 9 17 22 27 39 5 8 7 6 13 18 23 28 30 32 35 40 42 45 47 1 14 11 15 20 24 29 26 36 44 41 46 3 10
Volta 16: 12 19 21 43 48 2 4 17 39 5 7 6 9 13 18 22 30 27 32 42 47 1 8 15 11 24 23 29 28 35 36 40 41 45 46 3 14 20 26 44 10
Volta 17: 19 21 43 48 2 12 17 39 4 6 9 18 22 30 27 42 5 7 8 13 15 11 28 35 32 40 45 47 3 1 14 20 24 23 29 36 41 44 46 26
Volta 18: 19 21 2 17 43 48 4 6 9 12 22 27 39 42 7 8 15 18 30 35 32 40 47 1 11 14 13 23 29 28 44 41 45 46 3 20 26 36
Volta 19: 19 21 17 43 48 4 2 6 12 27 39 9 7 8 15 22 30 42 47 11 13 14 18 23 28 29 32 35 40 44 46 1 3 20 45 41 26
Volta 20: 19 17 21 43 48 4 2 6 12 39 22 27 42 47 7 9 8 15 13 18 23 30 40 44 46 1 14 11 20 28 29 32 35 41 45 3 26
Volta 21: 19 17 21 43 6 39 48 2 4 12 27 47 8 7 13 22 30 42 44 1 9 11 15 18 20 23 28 29 32 40 41 45 46 3 14 35
Volta 22: 19 17 21 39 43 48 4 2 6 47 7 12 22 27 42 1 8 9 13 15 18 23 30 29 32 40 45 44 3 11 14 20 28 41 46 35
Volta 23: 19 17 21 43 2 4 6 39 48 47 12 22 27 42 7 30 32 44 1 3 9 8 15 11 13 18 20 23 28 29 40 41 45 46 14
Volta 24: 19 17 21 2 4 6 43 48 12 22 27 39 42 47 1 9 7 8 11 15 13 18 23 30 32 40 41 45 44 46 3 14 20 28 29
Volta 25: 19 2 17 21 43 48 4 6 22 39 42 47 12 27 9 8 15 13 18 30 40 41 44 46 3 1 7 11 20 23 28 32 45 14
Volta 26: 19 17 43 48 4 2 6 22 21 39 42 12 47 8 9 15 18 30 27 40 46 7 11 13 20 23 28 32 45 44 41 1 3 14
Volta 27: 19 43 4 6 17 22 21 39 42 48 2 47 9 15 12 18 30 40 46 7 8 11 20 23 28 27 32 45 44 41 1 3 13
Volta 28: 19 43 4 17 22 39 42 48 2 6 21 47 12 18 30 40 46 8 7 9 11 15 23 27 28 45 41 3 1 13 20 32 44
Volta 29: 19 4 17 22 39 43 42 48 6 21 47 2 12 46 7 9 15 18 23 27 30 40 41 3 8 11 28 32 45 1 13 20
Volta 30: 19 17 22 42 4 6 21 39 43 48 12 47 2 15 18 30 27 40 46 3 9 7 8 11 23 28 41 45 13 20 32 1
Volta 31: 19 22 42 4 6 17 39 43 48 12 21 47 2 18 30 40 46 9 7 11 15 23 27 28 41 3 8 32 45 13 20
Volta 32: 19 6 17 22 39 42 43 48 4 12 21 47 2 18 30 40 46 9 11 15 23 28 27 41 3 7 32 8 13 20 45
Volta 33: 19 6 22 39 43 42 4 17 21 48 12 40 47 2 11 15 18 28 30 27 41 46 9 23 3 8 7 32 13 20
Volta 34: 19 6 22 43 17 39 42 4 12 21 48 47 2 11 18 27 30 28 40 41 46 9 15 7 23 32 3 8 13 20
Volta 35: 19 6 17 22 39 43 42 4 21 47 48 2 12 11 18 30 27 28 40 41 46 9 15 7 23 32 3 8 13
Volta 36: 19 17 22 43 21 39 42 48 47 2 4 11 18 27 28 41 9 15 12 30 40 46 23 32 7 3 8 13
Volta 37: 19 17 22 39 43 42 48 2 4 11 21 27 28 47 12 18 40 41 46 9 15 30 32 7 23 3 8
Volta 38: 19 17 22 39 42 43 48 2 21 27 28 47 4 11 12 18 40 41 30 32 46 9 15 23 3 7 8
Volta 39: 19 17 22 39 48 2 27 43 42 47 4 11 21 28 40 41 12 18 30 32 46 9 23 3 7 15
Volta 40: 19 17 22 48 2 27 39 43 42 4 21 28 40 41 47 11 12 18 30 23 32 46 9 7 15 3
Volta 41: 19 17 48 22 39 43 42 4 2 21 27 40 12 11 28 30 41 47 18 32 46 7 9 15 23
Volta 42: 17 19 48 4 2 22 21 27 40 39 42 43 12 28 41 47 11 18 32 46 7 9 15 23
Volta 43: 17 19 48 4 2 22 21 39 42 27 28 40 43 47 12 11 41 46 18 32 9 7 15
Volta 44: 17 19 48 2 21 42 4 22 28 27 39 43 40 41 46 47 12 11 18 32 9 15 7
Volta 45: 17 19 2 21 42 48 22 4 28 27 39 43 46 47 11 12 18 32 40 41 9 15
Volta 46: 17 19 2 21 42 48 4 22 28 27 43 47 46 11 12 18 39 40 41 15 32 9
Volta 47: 19 17 2 42 21 4 28 27 43 46 47 48 12 22 39 40 11 15 18 32 41
Volta 48: 17 19 42 2 21 27 28 43 47 4 12 22 40 48 46 15 11 18 32 39 41
Volta 49: 17 19 42 2 21 28 27 43 12 22 46 47 48 4 15 11 18 40 39 32
Volta 50: 17 42 2 19 21 43 22 28 27 47 46 12 15 18 40 48 4 11 32 39
Volta 51: 17 42 2 19 21 43 27 28 47 12 15 18 22 46 48 4 40 11 32
Volta 52: 17 42 2 19 21 27 43 28 46 48 47 4 15 12 18 22 40 11 32
Volta 53: 17 42 2 21 19 27 28 43 47 48 4 12 18 22 46 15 11 40
Volta 54: 2 17 21 42 19 27 28 43 48 47 4 12 18 22 15 40 46 11
Volta 55: 2 17 19 21 42 27 47 4 18 22 28 43 48 12 40 46 15
Volta 56: 2 17 19 21 27 42 22 28 47 48 4 18 40 43 12 15 46
Volta 57: 2 17 19 21 42 22 27 47 4 18 28 40 43 48 12 15
Volta 58: 2 19 17 21 42 22 27 47 4 18 28 43 48 12 40 15
Volta 59: 2 17 19 21 22 27 42 47 18 28 48 4 12 40 43
Volta 60: 2 17 19 22 27 42 47 18 21 4 28 40 43 48 12
Volta 61: 2 19 17 22 27 42 47 21 18 40 43 48 4 28
Volta 62: 2 17 19 22 27 42 21 47 18 40 48 4 28 43
Volta 63: 2 17 22 27 42 19 47 18 21 40 4 48 28
Volta 64: 2 17 22 27 19 42 21 40 47 4 18 48 28
Volta 65: 2 17 22 27 42 19 47 18 21 40 48 4
Volta 66: 17 22 27 2 19 42 47 21 40 48 18 4
Volta 67: 17 22 2 27 42 47 19 21 18 40 48
Volta 68: 22 17 27 2 42 47 18 19 21 40 48
Volta 69: 22 2 17 27 42 47 19 18 21 40
Volta 70: 22 2 17 27 18 42 47 19 21 40
Volta 71: 22 27 2 18 17 42 47 19 21
Volta 72: 22 18 27 42 47 2 17 19 21
Volta 73: 22 27 42 2 18 17 47 19
Volta 74: 22 42 2 18 27 17 19 47
Volta 75: 22 42 18 27 2 17 19
Volta 76: 22 42 18 2 17 27 19
Volta 77: 22 42 2 18 27 17
Volta 78: 22 42 2 18 27 17
Volta 79: 22 42 2 18 27
Volta 80: 22 42 2 18 27
Volta 81: 42 22 2 18
Volta 82: 42 22 2 18
Volta 83: 42 22 2
Volta 84: 42 22 2
Volta 85: 42 22
Volta 86: 42 22

Ranqueamento Final:
1: Ciclista 22 - 8325.54 segundos
2: Ciclista 2 - 8250.06 segundos
3: Ciclista 42 - 8101.02 segundos
4: Ciclista 18 - 8025.42 segundos
5: Ciclista 27 - 7800.66 segundos
6: Ciclista 17 - 7725.42 segundos
7: Ciclista 19 - 7500.42 segundos
8: Ciclista 47 - 7276.14 segundos
9: Ciclista 21 - 7125.54 segundos
10: Ciclista 40 - 6900.90 segundos
11: Ciclista 48 - 6751.14 segundos
12: Ciclista 4 - 6600.06 segundos
13: Ciclista 28 - 6375.66 segundos
14: Ciclista 43 - 6151.02 segundos
15: Ciclista 12 - 6000.30 segundos
16: Ciclista 15 - 5925.30 segundos
17: Ciclista 46 - 5626.14 segundos
18: Ciclista 11 - 5475.30 segundos
19: Ciclista 32 - 5250.78 segundos
20: Ciclista 39 - 5025.90 segundos
21: Ciclista 41 - 4801.02 segundos
22: Ciclista 9 - 4725.18 segundos
23: Ciclista 7 - 4575.18 segundos
24: Ciclista 23 - 4275.54 segundos
25: Ciclista 3 - 4200.06 segundos
26: Ciclista 8 - 4050.18 segundos
27: Ciclista 13 - 3825.30 segundos
28: Ciclista 20 - 3600.42 segundos
29: Ciclista 45 - 3376.02 segundos
30: Ciclista 1 - 3225.06 segundos
31: Ciclista 44 - 2926.02 segundos
32: Ciclista 14 - 2775.30 segundos
33: Ciclista 29 - 2550.66 segundos
34: Ciclista 35 - 2400.78 segundos
35: Ciclista 26 - 2175.66 segundos
36: Ciclista 36 - 1950.90 segundos
37: Ciclista 10 - 1800.18 segundos
38: Ciclista 34 - 1575.78 segundos
39: Ciclista 37 - 1350.90 segundos
40: Ciclista 16 - 1200.42 segundos
41: Ciclista 31 - 975.78 segundos
42: Ciclista 38 - 750.90 segundos
43: Ciclista 50 - 526.14 segundos
44: Ciclista 49 - 301.14 segundos

Ciclista 5 quebrou na volta 18 - 1875.00 segundos
Ciclista 6 quebrou na volta 36 - 3450.12 segundos
Ciclista 24 quebrou na volta 18 - 1950.48 segundos
Ciclista 25 quebrou na volta 6 - 675.48 segundos
Ciclista 30 quebrou na volta 42 - 4200.60 segundos
Ciclista 33 quebrou na volta 12 - 1200.72 segundos
