Volta 1: 2 1 5 4 3 6 10 8 9 7 15 13 12 11 14 16 17 20 19 18 22 24 23 25 21 30 26 27 29 28 35 31 33 34 32 38 37 36 40 39 44 42 43 45 41 50 49 48 46 47 53 55 52 54 51 60 59 56 57 58 64 65 63 61 62 69 68 67 70 66 75 73 74 72 71 79 77 80 78 76 84 81 82 83 85 89 86 90 87 88 92 93 95 91 94 96 97 98 100 99
Volta 2: 4 3 2 1 5 6 8 10 11 14 15 13 16 20 17 18 19 24 25 23 21 28 29 27 26 35 34 32 31 38 36 39 43 44 41 45 42 46 47 50 49 48 51 53 52 55 56 58 57 59 63 61 62 65 68 69 70 66 75 72 71 73 77 78 79 80 85 82 86 88 87 90 89 94 93 91 98 99 100 97 7 9 12 22 30 33 40 37 54 60 64 67 74 76 83 81 84 95 92 96
Volta 3: 5 1 3 2 10 15 13 18 16 17 20 23 25 26 28 27 29 35 32 34 38 39 43 45 50 48 55 51 57 58 56 59 61 65 66 70 68 75 73 72 79 86 90 87 89 94 93 100 98 4 8 7 9 6 11 12 14 19 21 22 24 30 31 33 36 40 37 42 44 41 49 47 46 53 54 52 60 64 63 62 69 67 71 77 76 78 80 85 81 82 83 84 88 91 95 99 97 74 92
Volta 4: 5 3 10 13 16 17 20 23 27 26 32 34 38 43 45 48 59 57 65 61 66 68 75 79 90 86 94 100 2 1 4 6 7 11 15 12 14 19 18 24 21 22 25 28 29 35 33 39 36 40 42 47 50 51 55 52 53 60 56 58 62 69 70 71 72 73 77 78 82 81 83 87 89 88 93 91 95 98 99 8 9 30 31 37 41 44 46 49 54 63 64 67 80 76 85 84 92 97 74
Volta 5: 13 27 32 34 57 59 68 66 79 86 100 4 3 5 2 1 6 10 15 14 19 18 16 20 17 25 22 21 23 29 26 28 35 38 43 45 42 48 47 52 55 53 58 65 62 61 69 70 73 75 72 77 82 89 90 87 91 94 98 9 7 8 11 12 24 33 36 37 40 39 41 46 49 50 51 54 60 56 63 67 71 80 78 85 84 81 83 88 93 95 97 99 30 31 44 64 76 92
Volta 6: 13 27 32 34 57 59 68 66 79 86 4 5 1 3 2 10 6 15 16 17 19 20 22 25 23 28 35 38 45 43 42 47 48 61 65 69 75 82 90 89 94 91 7 9 18 21 29 26 39 40 41 46 50 54 52 53 60 58 56 62 63 70 67 72 78 80 77 84 85 83 87 88 95 97 98 99 8 12 24 30 33 31 36 37 44 49 51 64 76 81 92
Volta 7: 34 57 66 79 86 5 1 4 13 17 20 23 28 27 32 38 42 47 59 65 61 69 68 89 91 94 2 3 10 6 15 19 16 21 22 25 29 26 35 40 39 45 41 43 48 50 46 52 54 60 62 70 67 72 75 77 82 85 83 87 88 90 95 99 97 98 7 8 9 12 18 24 33 36 37 49 53 56 58 63 64 78 80 76 84 81 30 31 44 51
Volta 8: 34 57 66 86 4 1 20 27 32 38 59 61 69 68 79 89 3 5 10 6 13 15 17 16 23 22 25 21 26 29 28 42 43 45 41 48 47 50 54 65 67 75 77 90 94 91 95 2 8 7 9 19 18 24 33 35 40 39 46 49 53 52 60 56 63 62 64 70 72 80 84 82 85 83 87 88 99 97 98 12 30 31 36 37 44 51 58 78 76 81
Volta 9: 57 66 27 34 38 59 61 68 69 79 86 5 3 1 4 6 10 15 20 16 23 22 25 28 26 29 32 41 42 47 48 54 67 75 77 90 89 91 95 94 9 8 13 18 17 19 21 24 35 39 40 43 45 46 50 49 60 62 65 72 80 83 85 82 87 88 99 97 98 2 7 12 30 31 33 37 36 44 53 52 51 56 63 64 70 84 58 76 78
Volta 10: 57 66 27 34 38 68 79 86 1 6 15 16 20 23 25 28 26 41 54 59 61 69 67 77 90 89 94 95 5 3 4 10 8 9 19 17 21 24 22 29 35 32 45 42 43 50 46 48 47 65 75 80 82 83 91 98 99 97 2 7 13 18 31 33 36 40 37 39 44 49 52 53 51 60 56 64 63 62 70 72 85 87 88 12 30 58 78 76 84
Volta 11: 27 57 68 66 79 86 6 16 20 26 34 38 41 59 61 69 89 94 4 5 1 8 10 15 17 25 21 23 29 28 32 35 45 42 47 54 65 67 75 77 90 95 91 99 3 7 9 13 18 19 22 24 31 33 36 39 43 44 48 50 46 51 56 60 62 70 72 80 85 83 82 88 87 97 98 2 12 40 37 49 53 52 63 64 76 78 30 58
Volta 12: 27 66 16 20 26 34 38 41 57 61 68 69 79 86 89 94 1 6 8 15 17 25 21 23 28 32 42 45 47 54 59 65 67 90 91 95 3 4 5 10 9 7 13 18 19 24 22 29 31 35 33 36 44 43 46 50 48 56 62 72 75 77 83 85 82 88 97 98 99 2 40 39 49 52 51 53 60 63 70 78 76 80 12 30 58 64
Volta 13: 66 20 26 27 61 69 68 79 86 94 6 16 17 23 21 28 34 32 38 42 41 47 54 59 57 65 67 90 89 1 5 4 8 15 13 18 22 25 36 44 45 50 46 48 62 72 75 85 95 91 99 3 10 9 7 19 24 29 31 33 35 39 43 49 53 56 63 70 77 76 78 80 82 83 88 97 98 2 40 51 52 60 12 30 58
Volta 14: 66 20 26 27 69 68 79 94 16 17 28 34 42 41 47 59 57 61 67 86 89 1 4 8 6 25 21 23 32 38 44 45 46 48 50 54 65 62 72 90 95 91 99 5 3 10 7 13 15 18 19 24 22 29 31 35 33 36 49 53 56 70 75 80 77 76 82 83 85 88 98 97 9 40 39 43 52 51 60 63 78 2 12 58 30
Volta 15: 27 66 79 94 20 16 28 26 34 41 47 57 59 61 67 68 69 86 89 4 1 6 8 17 23 38 42 45 44 48 50 46 54 72 90 95 91 99 3 5 13 15 18 19 21 22 25 35 32 33 36 56 65 62 70 80 82 85 88 98 10 7 24 29 31 39 49 51 53 60 63 75 76 77 78 83 97 2 9 12 40 43 52 58
Volta 16: 66 27 28 41 47 59 69 68 79 86 94 4 1 6 8 17 16 20 23 26 34 38 42 45 46 57 61 67 72 90 89 91 3 15 13 19 18 21 25 22 33 32 36 44 48 50 54 56 62 65 70 80 82 85 95 98 99 5 10 7 29 31 35 39 51 53 60 63 75 77 88 2 9 12 24 43 49 52 78 76 83 97 40 58
Volta 17: 66 28 27 41 69 79 86 94 1 6 16 20 26 34 45 47 46 57 59 68 72 89 91 4 8 13 17 23 21 22 33 38 42 44 48 50 54 56 61 62 65 67 80 82 90 98 99 5 3 10 7 15 18 19 25 29 31 35 32 36 39 51 53 63 70 75 77 85 88 95 12 43 49 52 60 76 78 83 97 2 9 24 40
Volta 18: 66 28 27 79 86 94 1 6 20 16 41 46 47 59 57 68 69 72 89 4 8 13 17 21 26 33 34 38 42 45 50 56 61 65 67 82 90 91 98 99 3 10 15 19 18 22 23 29 32 35 36 44 48 51 54 53 62 75 80 77 85 88 5 7 12 25 31 39 43 60 63 70 76 83 95 2 9 24 49 52 78
Volta 19: 66 27 79 86 94 1 20 28 41 46 57 59 69 72 4 6 8 13 17 16 21 34 38 42 45 50 47 56 61 65 67 68 82 89 90 91 98 99 10 19 22 23 26 35 33 32 44 53 54 62 85 88 3 5 15 18 25 29 31 36 39 43 48 51 63 70 75 80 77 76 83 7 12 24 49 52 60 95 2 9
Volta 20: 27 66 79 86 20 28 41 46 59 94 4 1 8 13 16 17 21 38 45 56 57 65 61 67 68 69 72 89 90 91 98 99 6 19 22 26 33 34 32 42 44 50 47 53 54 82 85 88 3 10 23 29 35 31 36 39 43 48 51 62 70 75 77 80 76 83 5 12 15 18 25 24 52 63 9 7 49 60 95 2
Volta 21: 27 79 86 28 59 66 94 1 4 13 16 20 41 46 57 61 67 68 69 72 90 6 8 19 17 22 21 32 34 33 38 44 45 47 54 53 56 65 82 89 88 91 98 99 3 29 26 35 39 42 48 50 70 77 80 76 85 83 5 10 12 15 18 24 23 31 36 43 51 63 62 75 7 9 25 49 52 60 95
Volta 22: 27 79 59 86 94 1 13 16 28 41 46 57 61 66 68 72 90 4 8 20 17 22 21 34 32 38 44 45 47 54 56 65 69 67 82 88 89 91 3 6 19 26 29 35 33 39 42 48 50 53 77 83 98 99 10 15 23 24 31 36 43 63 62 70 75 76 80 85 5 9 12 18 25 49 51 7 52 60 95
Volta 23: 27 79 86 94 1 16 28 46 59 57 61 66 68 4 8 13 20 22 21 32 41 45 44 47 67 69 72 90 88 89 6 17 29 33 35 34 38 54 53 56 65 77 82 91 99 98 3 19 26 31 39 36 43 42 48 50 62 70 75 76 85 83 5 10 9 15 12 18 25 23 24 49 51 63 80 7 52 60
Volta 24: 27 79 94 16 46 59 61 66 68 86 1 4 13 20 21 22 28 32 44 47 72 90 88 6 8 17 34 35 33 38 41 45 54 56 65 69 67 82 89 91 98 99 3 19 26 39 43 42 50 48 53 70 76 77 83 5 10 12 15 25 31 36 63 62 75 85 7 9 18 24 49 51 52 60
Volta 25: 27 94 59 68 66 79 4 16 28 44 46 47 61 72 88 86 1 8 6 13 20 21 22 35 34 33 32 38 65 69 67 89 90 91 98 99 19 17 26 39 45 41 54 53 56 70 77 76 83 82 5 3 15 12 25 31 36 43 42 50 48 63 85 7 10 18 24 49 51 62 75 9 52
Volta 26: 27 94 59 66 68 79 4 16 28 47 46 61 86 88 1 6 8 13 20 21 22 34 33 35 38 44 65 69 72 90 89 91 98 17 26 32 39 41 53 54 56 67 77 76 82 99 3 5 12 15 19 31 45 50 48 70 83 85 7 10 18 25 24 36 43 42 49 51 63 62 9 52 75
Volta 27: 27 66 94 4 16 28 47 59 61 68 79 86 1 6 8 13 20 22 34 35 46 72 89 88 91 98 21 26 32 33 38 39 41 44 53 54 56 65 69 76 82 90 99 3 5 12 15 17 19 45 48 67 70 77 83 85 10 18 25 24 31 36 43 42 50 63 62 7 49 51 52 9
Volta 28: 27 66 94 4 16 59 61 68 79 86 1 8 6 28 35 46 47 72 88 91 98 13 20 21 22 26 33 34 38 44 53 69 90 89 99 3 5 15 17 32 39 45 41 48 54 56 65 67 70 77 76 85 82 10 12 19 18 24 43 42 62 63 83 7 25 31 36 50 49 52 51 9
Volta 29: 27 66 94 16 59 61 68 86 4 6 28 47 79 88 98 1 8 13 20 22 21 26 35 38 44 46 53 72 90 89 91 5 3 15 17 33 32 34 41 54 56 65 69 76 82 99 10 12 18 24 39 45 48 63 70 67 77 85 83 19 31 36 43 42 50 51 62 7 25 49 52
Volta 30: 27 94 68 86 6 28 47 59 79 88 98 1 4 8 26 35 38 44 46 89 3 13 15 17 20 21 22 33 34 41 54 53 65 72 76 82 90 91 99 5 10 12 18 39 56 63 70 69 67 77 83 19 31 36 42 43 45 85 7 25 50 49 52 51 62
Volta 31: 27 94 68 28 59 79 86 88 98 8 6 26 35 38 44 46 47 89 4 1 3 13 20 22 21 34 33 41 65 72 76 82 91 99 5 10 15 12 17 53 54 56 70 69 67 77 83 90 18 39 36 43 45 42 63 85 19 31 50 49 52 51 7 25
Volta 32: 27 94 68 28 59 88 86 6 26 38 44 47 46 79 98 1 3 8 13 21 35 41 76 82 89 91 99 4 15 20 17 22 34 33 54 53 56 65 69 70 72 77 90 5 10 12 18 36 42 45 63 67 83 19 31 39 43 50 51 52 85 25 49 7
Volta 33: 27 94 28 59 68 86 26 38 44 46 79 88 98 1 8 6 13 35 41 47 89 4 3 15 17 20 21 22 34 53 56 69 76 82 90 91 99 10 12 33 42 54 65 63 67 70 72 77 83 5 19 18 31 36 39 45 43 52 51 85 50 49 25
Volta 34: 27 28 59 68 94 26 44 79 86 88 98 6 13 35 38 41 47 46 1 3 4 8 15 17 21 22 53 69 76 82 89 90 91 99 10 12 20 33 34 54 56 65 63 67 72 77 83 18 19 39 43 42 45 52 51 70 5 31 36 49 50 85 25
Volta 35: 27 28 59 94 26 44 68 79 86 6 35 38 88 98 1 8 13 15 17 41 46 47 69 82 89 90 91 3 4 10 12 20 21 22 34 54 53 56 67 77 76 99 18 19 33 45 43 42 63 65 70 72 83 5 31 39 36 49 51 52 85 50
Volta 36: 27 28 94 59 68 79 86 6 26 35 38 44 88 1 8 13 17 41 46 47 69 82 90 98 4 10 12 15 20 22 21 34 53 54 56 76 89 91 99 3 33 45 42 65 63 67 72 77 83 19 18 36 39 43 49 52 70 85 5 31 50 51
Volta 37: 27 28 59 79 86 94 26 35 38 44 68 1 6 13 46 69 90 88 98 4 10 8 12 15 20 17 22 41 47 53 54 56 82 89 91 99 21 34 42 67 72 77 76 3 19 18 33 36 39 43 45 52 65 63 70 83 5 49 85 31 50
Volta 38: 27 28 59 86 94 26 38 44 68 79 1 35 69 90 88 10 6 8 13 15 17 22 41 46 47 53 54 82 89 91 98 4 12 20 21 34 42 56 67 72 76 99 3 18 33 45 43 52 65 77 83 5 19 36 39 49 63 70 85 31 50
Volta 39: 27 28 86 26 59 79 94 1 35 38 44 69 68 90 88 8 10 6 15 13 22 47 46 54 53 82 89 98 17 34 41 42 56 72 91 99 3 4 12 20 18 21 33 43 52 67 76 83 19 36 39 45 63 65 77 5 49 70 85 31
Volta 40: 28 27 59 86 94 26 35 38 44 69 68 79 1 8 10 13 15 89 90 88 6 22 42 41 46 47 53 54 82 91 99 98 3 4 12 17 20 18 21 33 34 43 52 56 67 72 76 83 19 39 45 65 5 36 49 63 77 85 31 70
Volta 41: 27 28 86 94 26 35 38 59 68 1 8 15 13 44 69 79 88 90 10 6 22 46 47 54 53 82 89 99 98 3 12 20 18 21 34 42 43 41 52 56 67 72 76 91 4 17 33 39 45 65 83 5 19 36 49 63 77 31 85
Volta 42: 27 28 86 94 59 15 13 26 35 38 44 68 69 79 90 88 1 8 6 22 46 53 54 89 99 98 10 20 34 43 42 41 47 52 56 67 82 91 3 12 18 17 21 33 39 45 65 72 76 83 4 19 63 77 5 31 36 49 85
Volta 43: 27 28 59 86 94 15 13 26 35 38 69 79 90 88 8 6 44 46 53 68 89 1 10 22 34 42 47 54 56 67 91 99 98 3 12 20 17 18 21 39 41 45 43 52 65 72 76 83 82 4 19 33 5 31 36 49 63 77
Volta 44: 27 28 59 13 26 35 38 69 79 86 94 8 6 15 44 46 68 88 90 89 1 10 22 34 42 47 53 54 56 91 99 98 3 12 17 20 18 39 41 45 43 52 67 72 76 83 82 4 19 21 33 65 31 49 63 5 36 77
Volta 45: 27 28 59 13 38 69 79 86 94 6 8 15 26 35 44 46 88 90 89 42 54 56 68 99 98 1 3 10 12 18 20 17 22 34 39 45 43 47 53 72 76 82 91 21 41 52 65 67 83 4 19 33 63 5 31 36 49
Volta 46: 27 59 28 86 13 26 38 44 46 69 79 90 94 8 6 15 35 42 68 88 89 98 1 10 12 18 20 17 22 34 39 45 43 47 53 54 56 72 76 82 91 99 3 41 52 67 83 19 21 33 65 63 5 4 31 36 49
Volta 47: 27 59 13 28 38 44 46 69 79 86 6 15 26 35 68 89 88 90 94 98 1 8 17 20 18 34 42 43 45 54 53 72 76 91 99 3 10 12 22 39 47 52 56 82 83 19 21 33 41 65 67 4 5 31 36 63
Volta 48: 27 59 46 79 86 6 15 13 28 26 38 44 69 68 90 98 8 18 17 35 53 72 89 88 99 1 20 22 34 39 43 42 45 54 56 82 91 3 10 12 41 52 65 83 19 21 33 31 63 4 5 36
Volta 49: 27 59 46 79 13 44 69 90 86 6 15 18 17 26 28 35 38 68 72 88 98 8 20 34 42 45 53 54 56 89 91 99 1 3 10 12 22 39 41 43 52 65 82 83 19 33 31 63 5 4 21
Volta 50: 27 59 46 13 44 79 86 90 6 18 17 35 38 69 98 8 15 28 26 34 45 42 54 56 68 72 88 89 91 99 3 1 10 12 20 22 39 52 53 65 82 83 31 33 41 43 63 19 21 4 5
Volta 51: 27 59 13 44 46 79 90 17 35 86 6 8 15 18 28 38 45 54 56 69 89 88 98 99 1 10 20 22 26 34 39 42 53 52 65 68 72 83 91 3 12 33 31 43 41 82 19 63 4 21
Volta 52: 27 59 44 13 35 46 79 90 6 8 17 18 28 38 54 56 69 86 88 89 99 98 1 15 22 26 39 42 45 53 68 72 91 3 10 12 20 34 31 33 41 43 52 65 83 82 63 19 21 4
Volta 53: 27 59 13 44 79 90 8 18 28 35 46 54 56 86 99 98 1 6 15 17 22 39 38 42 45 68 69 88 89 10 12 20 26 33 31 43 53 72 82 83 91 3 34 41 52 63 65 19 21
Volta 54: 27 59 44 79 90 13 18 35 54 56 86 98 1 8 6 15 22 39 38 45 42 46 69 68 89 88 99 10 12 17 26 31 43 53 72 83 91 3 20 33 34 41 52 82 65 63 19 21
Volta 55: 27 59 13 18 44 54 56 79 86 90 8 15 22 35 39 38 45 46 69 88 89 98 99 1 6 10 17 26 42 43 68 72 83 12 20 31 33 41 53 82 91 3 34 52 65 63 19
Volta 56: 27 59 13 18 44 54 79 90 86 15 35 38 39 45 46 56 69 88 89 1 10 8 6 17 22 42 83 99 98 26 31 33 43 41 53 68 72 91 3 12 20 34 52 65 82 63 19
Volta 57: 27 59 13 18 44 54 86 90 15 35 38 45 46 56 79 1 10 39 42 69 88 89 98 99 8 6 17 22 26 41 53 68 72 83 91 3 12 31 33 34 43 52 65 82 20 63
Volta 58: 27 59 13 54 86 90 18 38 44 45 46 1 15 35 39 56 69 79 89 88 99 98 8 6 10 41 42 53 68 72 83 3 17 22 26 34 31 33 52 65 82 91 12 20 43 63
Volta 59: 27 59 13 90 18 38 44 46 54 86 15 35 45 56 79 88 89 99 98 1 10 8 6 39 42 53 68 69 72 83 3 17 26 31 41 65 91 12 22 34 33 52 82 20 43
Volta 60: 27 59 13 18 44 46 86 90 15 35 38 54 56 79 88 1 8 45 68 69 72 89 98 99 3 6 10 42 53 83 91 17 22 26 34 31 41 52 65 82 12 20 33 43
Volta 61: 27 59 13 18 44 86 90 15 38 46 54 56 79 88 8 35 45 69 89 98 99 1 6 68 72 83 91 3 10 17 26 31 42 41 53 65 82 12 20 22 34 33 52
Volta 62: 27 59 13 44 86 90 18 38 46 54 79 88 8 15 35 56 89 98 6 45 68 69 72 83 99 1 3 10 26 31 41 53 91 12 17 22 34 33 42 52 65 82 20
Volta 63: 59 27 13 90 18 44 46 79 86 15 35 38 54 88 89 98 6 8 45 56 69 68 72 83 99 1 10 41 91 3 17 26 34 31 33 42 53 52 65 82 12 22
Volta 64: 27 59 13 90 18 44 46 15 35 38 54 79 88 86 98 8 6 56 72 83 89 99 1 45 69 68 3 10 17 26 31 41 42 53 52 82 91 12 33 34 65 22
Volta 65: 59 13 27 90 18 35 44 46 79 86 88 98 6 15 38 54 56 72 83 89 1 8 45 68 69 99 10 31 41 53 82 91 3 17 26 34 33 42 52 12 65
Volta 66: 13 59 27 90 18 35 44 46 6 15 38 54 56 79 83 88 89 86 98 8 69 72 99 1 31 45 53 68 82 3 10 17 34 41 91 12 26 33 42 52
Volta 67: 13 27 59 18 90 6 15 35 38 44 46 54 79 86 89 98 8 56 69 72 83 88 45 53 68 82 99 1 31 34 41 91 3 10 17 33 42 52 12
Volta 68: 13 59 27 18 90 6 15 35 44 46 79 86 98 8 38 54 56 69 72 83 89 88 82 99 1 34 31 41 45 53 68 91 10 33 42 3 12 17 26
Volta 69: 59 13 18 27 6 15 44 90 8 35 38 46 54 69 72 79 83 86 89 88 98 56 99 34 31 45 41 53 68 82 91 1 42 10 12 17 33 3
Volta 70: 59 13 27 6 18 90 15 35 38 44 69 72 79 83 86 88 98 8 46 54 56 89 99 34 31 41 45 53 68 91 82 1 10 33 42 12 17 3
Volta 71: 13 59 27 6 90 15 18 38 44 83 86 88 98 8 35 46 54 56 69 72 79 89 99 34 53 91 31 45 41 68 82 1 10 42 12 17 33
Volta 72: 13 59 27 6 15 18 38 44 83 88 90 98 46 86 8 34 54 53 56 69 89 91 99 41 45 68 10 82 1 17 33 42 12
Volta 73: 13 59 6 15 18 27 38 44 46 83 90 88 86 98 8 34 54 56 89 99 45 41 53 69 68 91 82 1 10 17 33 42
Volta 74: 13 59 18 27 6 15 38 44 46 83 90 88 98 86 89 99 8 34 45 53 54 56 69 68 91 41 82 33 1 10 17 42
Volta 75: 13 59 18 27 6 15 38 44 46 83 90 98 88 89 86 99 8 34 54 56 68 91 45 41 53 69 82 1 10 17 33
Volta 76: 13 59 6 15 18 27 46 83 90 98 38 44 86 99 8 34 56 68 88 89 91 45 54 53 41 69 82 33 1 10 17
Volta 77: 13 59 6 15 18 27 46 90 98 83 8 34 38 44 56 68 89 86 91 99 54 88 45 53 69 82 41 1 10 33
Volta 78: 13 59 6 15 18 27 90 98 46 83 8 34 44 56 91 38 89 88 86 99 53 82 69 1 10 33
Volta 79: 13 59 6 15 27 90 18 83 98 8 44 46 91 34 38 56 86 88 89 99 53 82 1 10 69
Volta 80: 59 13 6 15 27 83 90 98 8 18 44 91 38 46 56 88 89 34 53 82 86 99 1 10 69
Volta 81: 59 13 6 15 27 83 90 98 8 44 18 38 46 56 88 91 34 82 89 86 53 99 10 1
Volta 82: 59 13 6 15 27 98 8 44 83 90 38 56 88 91 18 34 46 89 53 82 86 99 1 10
Volta 83: 59 13 6 27 98 8 15 44 90 38 56 83 88 91 18 34 46 89 82 86 53 99 1
Volta 84: 59 6 13 27 98 8 15 38 44 83 90 91 18 34 46 56 89 88 82 53 86 99
Volta 85: 59 6 13 98 27 8 15 44 83 91 18 34 38 88 90 46 56 82 89 53 86
Volta 86: 59 6 98 13 27 8 83 91 15 18 34 44 90 88 38 56 82 89 46 53 86
Volta 87: 59 6 98 13 8 27 83 15 18 44 88 91 34 90 38 46 56 82 89 53
Volta 88: 59 6 13 98 8 83 18 27 44 88 91 15 34 38 56 82 90 89 46 53
Volta 89: 59 6 13 98 8 27 44 83 88 91 15 18 56 82 90 34 38 89 46
Volta 90: 59 6 13 98 8 44 83 88 15 18 27 91 56 90 34 82 89 38 46
Volta 91: 59 13 6 98 8 44 88 15 18 27 83 91 90 56 82 89 34 38
Volta 92: 59 6 13 98 8 88 15 18 27 44 83 91 90 56 38 82 89 34
Volta 93: 59 98 6 8 13 88 15 27 91 18 44 83 90 56 82 89 38
Volta 94: 59 6 13 98 8 15 27 88 18 44 83 90 91 56 82 89 38
Volta 95: 59 13 8 6 15 88 98 18 27 83 90 91 44 56 82 89
Volta 96: 59 6 8 13 15 88 98 27 83 90 91 18 44 56 82 89
Volta 97: 59 8 13 6 15 83 90 88 91 98 18 27 44 56 82
Volta 98: 59 8 13 6 83 88 98 15 18 90 91 27 44 56 82
Volta 99: 59 8 6 13 88 98 15 18 83 90 91 44 27 56
Volta 100: 59 8 13 6 18 83 88 90 98 15 44 91 27 56
Volta 101: 59 8 6 13 18 88 98 15 44 83 90 91 27
Volta 102: 59 8 6 13 18 98 15 83 88 44 90 91 27
Volta 103: 59 8 98 6 13 18 83 15 88 91 44 90
Volta 104: 59 8 6 13 18 98 15 83 88 91 44 90
Volta 105: 59 8 6 13 98 18 83 88 91 15 44
Volta 106: 59 8 6 13 98 18 83 88 15 44 91
Volta 107: 59 8 6 13 18 88 98 44 83 15
Volta 108: 59 8 6 13 18 88 98 44 83 15
Volta 109: 59 8 6 13 18 88 83 98 44
Volta 110: 59 8 6 13 18 88 98 44 83
Volta 111: 59 8 6 13 88 98 18 44
Volta 112: 8 59 6 13 18 88 98 44
Volta 113: 8 59 6 13 18 88 98
Volta 114: 59 8 6 13 18 98
Volta 115: 59 8 6 13 18
Volta 116: 8 59 13 6 18
Volta 117: 8 59 6 13
Volta 118: 8 59 6 13
Volta 119: 8 59 6
Volta 120: 8 59 6
Volta 121: 8 59
Volta 122: 8 59

Ranqueamento Final:
1: Ciclista 59 - 23251.38 segundos
2: Ciclista 6 - 23250.18 segundos
3: Ciclista 8 - 22950.18 segundos
4: Ciclista 13 - 22800.30 segundos
5: Ciclista 18 - 22500.42 segundos
6: Ciclista 98 - 22352.34 segundos
7: Ciclista 44 - 21901.02 segundos
8: Ciclista 83 - 21451.98 segundos
9: Ciclista 15 - 21150.30 segundos
10: Ciclista 91 - 20702.22 segundos
11: Ciclista 90 - 20402.10 segundos
12: Ciclista 27 - 20100.66 segundos
13: Ciclista 56 - 19801.38 segundos
14: Ciclista 82 - 19351.98 segundos
15: Ciclista 89 - 19052.10 segundos
16: Ciclista 38 - 18750.90 segundos
17: Ciclista 34 - 18450.78 segundos
18: Ciclista 46 - 18001.14 segundos
19: Ciclista 53 - 17551.26 segundos
20: Ciclista 86 - 17252.10 segundos
21: Ciclista 99 - 17100.06 segundos
22: Ciclista 10 - 16650.18 segundos
23: Ciclista 69 - 16201.62 segundos
24: Ciclista 33 - 16050.78 segundos
25: Ciclista 17 - 15600.42 segundos
26: Ciclista 42 - 15151.02 segundos
27: Ciclista 12 - 14850.30 segundos
28: Ciclista 3 - 14550.06 segundos
29: Ciclista 26 - 14100.66 segundos
30: Ciclista 52 - 13651.50 segundos
31: Ciclista 22 - 13200.54 segundos
32: Ciclista 20 - 12750.42 segundos
33: Ciclista 43 - 12301.02 segundos
34: Ciclista 63 - 11851.50 segundos
35: Ciclista 19 - 11700.42 segundos
36: Ciclista 21 - 11400.54 segundos
37: Ciclista 4 - 10950.06 segundos
38: Ciclista 5 - 10500.06 segundos
39: Ciclista 36 - 10050.90 segundos
40: Ciclista 49 - 9601.14 segundos
41: Ciclista 77 - 9301.86 segundos
42: Ciclista 85 - 9001.98 segundos
43: Ciclista 70 - 8551.62 segundos
44: Ciclista 50 - 8101.14 segundos
45: Ciclista 51 - 7651.26 segundos
46: Ciclista 25 - 7350.54 segundos
47: Ciclista 7 - 7050.18 segundos
48: Ciclista 62 - 6451.50 segundos
49: Ciclista 9 - 6300.18 segundos
50: Ciclista 75 - 5701.74 segundos
51: Ciclista 60 - 5551.38 segundos
52: Ciclista 95 - 4952.22 segundos
53: Ciclista 2 - 4650.06 segundos
54: Ciclista 78 - 4052.34 segundos
55: Ciclista 58 - 3751.38 segundos
56: Ciclista 30 - 3450.66 segundos
57: Ciclista 64 - 2851.50 segundos
58: Ciclista 84 - 2401.98 segundos
59: Ciclista 81 - 1951.98 segundos
60: Ciclista 92 - 1502.22 segundos
61: Ciclista 74 - 1201.74 segundos
62: Ciclista 96 - 602.34 segundos

Ciclista 1 quebrou na volta 84 - 17100.00 segundos
Ciclista 11 quebrou na volta 6 - 1350.24 segundos
Ciclista 14 quebrou na volta 6 - 1350.24 segundos
Ciclista 16 quebrou na volta 30 - 5700.36 segundos
Ciclista 23 quebrou na volta 24 - 5100.48 segundos
Ciclista 24 quebrou na volta 30 - 6150.48 segundos
Ciclista 28 quebrou na volta 54 - 10650.60 segundos
Ciclista 29 quebrou na volta 24 - 4800.60 segundos
Ciclista 31 quebrou na volta 72 - 14400.72 segundos
Ciclista 32 quebrou na volta 30 - 6000.72 segundos
Ciclista 35 quebrou na volta 72 - 14100.72 segundos
Ciclista 37 quebrou na volta 12 - 2700.84 segundos
Ciclista 39 quebrou na volta 60 - 11850.84 segundos
Ciclista 40 quebrou na volta 18 - 4050.84 segundos
Ciclista 41 quebrou na volta 78 - 15750.96 segundos
Ciclista 45 quebrou na volta 78 - 15600.96 segundos
Ciclista 47 quebrou na volta 48 - 9601.08 segundos
Ciclista 48 quebrou na volta 30 - 6151.08 segundos
Ciclista 54 quebrou na volta 78 - 15451.20 segundos
Ciclista 55 quebrou na volta 6 - 1201.20 segundos
Ciclista 57 quebrou na volta 24 - 4651.32 segundos
Ciclista 61 quebrou na volta 30 - 5551.44 segundos
Ciclista 65 quebrou na volta 66 - 13651.44 segundos
Ciclista 66 quebrou na volta 30 - 5551.56 segundos
Ciclista 67 quebrou na volta 48 - 9751.56 segundos
Ciclista 68 quebrou na volta 78 - 15301.56 segundos
Ciclista 71 quebrou na volta 6 - 1351.68 segundos
Ciclista 72 quebrou na volta 72 - 14101.68 segundos
Ciclista 73 quebrou na volta 6 - 1201.68 segundos
Ciclista 76 quebrou na volta 48 - 9451.80 segundos
Ciclista 79 quebrou na volta 72 - 14101.80 segundos
Ciclista 80 quebrou na volta 24 - 5101.80 segundos
Ciclista 87 quebrou na volta 12 - 2552.04 segundos
Ciclista 88 quebrou na volta 114 - 22052.04 segundos
Ciclista 93 quebrou na volta 6 - 1352.16 segundos
Ciclista 94 quebrou na volta 48 - 9452.16 segundos
Ciclista 97 quebrou na volta 18 - 4052.28 segundos
Ciclista 100 quebrou na volta 6 - 1052.28 segundos
