Volta 1: 2 4 5 3 1 8 6 7 10 9 12 15 14 11 13 20 18 16 17 19 23 21 24 25 22 28 29 26 27 30 31 33 34 35 32 40 39 37 38 36 43 45 44 42 41 50 46 49 48 47
Volta 2: 4 5 2 9 8 7 10 6 13 12 14 11 15 17 16 19 18 22 25 26 29 27 28 30 33 32 35 31 34 40 39 36 45 41 42 43 44 46 3 1 20 23 24 21 37 38 48 47 50 49
Volta 3: 2 5 4 10 6 8 7 15 14 13 11 16 17 19 18 22 25 29 28 35 31 33 32 39 36 44 43 42 3 1 9 12 24 23 21 26 30 27 34 38 40 41 45 46 50 48 47 20 37
Volta 4: 4 5 10 8 6 14 13 15 16 19 18 17 25 28 29 33 31 35 39 44 42 43 2 3 7 9 11 12 22 23 21 27 26 34 32 38 40 36 50 48 47 1 20 24 30 37 41 45 46
Volta 5: 4 6 8 13 19 17 16 33 39 43 44 3 5 2 9 10 7 11 15 14 12 18 23 22 21 25 29 28 27 35 31 34 32 40 36 38 42 47 48 50 20 24 26 30 45 41 1 37
Volta 6: 4 8 6 13 19 16 33 39 2 10 9 15 11 12 14 17 18 25 28 31 38 36 40 44 43 50 48 5 3 7 20 21 22 24 23 29 27 32 35 34 47 1 37 41 45
Volta 7: 4 13 16 19 33 39 6 8 15 11 14 12 18 25 28 31 36 38 40 44 50 48 5 3 2 10 7 9 20 17 22 23 21 27 29 34 32 43 47 1 24 35 41 37
Volta 8: 13 33 4 8 15 14 16 19 18 25 39 44 48 50 5 6 10 9 11 12 17 20 28 27 31 36 40 38 43 47 2 3 7 22 23 24 21 29 32 35 34 41 1 37
Volta 9: 13 8 14 15 18 16 25 33 39 50 48 4 6 10 11 12 20 17 19 28 31 40 38 36 43 44 47 5 7 9 21 23 29 27 35 32 34 41 2 3 24 22 1
Volta 10: 13 8 16 33 39 48 4 10 6 11 15 12 14 17 19 18 25 36 38 44 47 50 5 7 9 20 21 29 28 27 31 32 40 41 43 2 3 23 24 22 35 34 1
Volta 11: 8 13 16 39 6 11 12 14 19 18 25 33 38 36 44 50 48 47 4 9 10 15 17 20 28 27 31 32 40 43 41 2 5 3 7 21 24 22 29 34 35 23
Volta 12: 13 39 8 6 11 14 12 19 16 18 33 44 48 10 15 20 25 28 32 36 38 41 43 50 4 3 5 7 9 17 21 22 24 27 29 35 40 2 23 34
Volta 13: 6 8 14 13 19 18 16 39 10 11 15 12 25 28 33 32 38 36 41 44 48 50 3 4 7 9 17 20 24 22 40 43 5 2 23 21 29 27 35
Volta 14: 8 13 14 19 18 39 6 10 15 12 16 28 32 33 41 44 48 3 9 7 11 20 25 22 36 40 38 50 2 4 17 21 24 27 29 35 43 5 23
Volta 15: 14 18 19 39 8 10 13 16 28 32 33 41 44 48 3 6 9 7 15 11 12 20 22 38 36 2 4 17 24 25 29 35 40 43 50 5 21 27
Volta 16: 14 19 39 10 8 13 16 18 28 32 33 48 6 9 12 11 15 20 22 38 44 41 4 3 7 17 25 24 29 35 40 36 43 50 2 21 5 27
Volta 17: 39 10 8 14 13 19 16 28 32 9 11 18 22 33 41 48 4 3 7 6 12 15 20 35 40 38 44 43 2 17 25 24 29 36 50 5 21
Volta 18: 8 14 39 10 13 11 19 16 18 22 28 33 41 48 9 7 12 15 20 35 38 2 3 6 17 25 24 40 36 43 44 50 5 21 29
Volta 19: 8 39 10 13 14 11 18 16 28 33 41 48 7 9 12 20 19 22 35 38 2 3 6 15 17 24 25 36 40 43 44 50 21 5
Volta 20: 8 10 13 11 14 18 16 33 39 41 20 19 22 28 35 48 3 9 7 6 15 12 17 24 36 38 43 44 50 2 25 21 40 5
Volta 21: 8 10 14 13 33 41 11 18 16 20 22 28 35 39 48 3 9 7 12 19 17 24 38 36 43 50 2 6 15 25 40 44 21
Volta 22: 10 8 13 14 41 11 20 22 28 35 33 39 48 3 12 18 19 16 17 36 38 43 50 2 9 7 6 15 24 44 25 21 40
Volta 23: 8 10 14 13 41 22 33 3 11 12 18 16 19 20 28 35 36 39 38 43 48 2 9 7 6 15 17 44 50 25 21 24
Volta 24: 10 8 13 14 41 22 3 11 19 16 18 35 33 39 36 38 43 48 9 7 12 17 20 28 50 2 6 15 21 24 44 25
Volta 25: 8 10 14 13 22 41 3 16 33 38 36 39 43 11 12 19 17 20 18 28 35 48 50 2 7 9 15 21 24 44 6
Volta 26: 8 10 14 13 16 22 33 38 39 41 3 12 11 17 18 19 35 36 43 48 2 7 9 15 20 24 28 44 50 6 21
Volta 27: 10 8 14 13 16 22 33 41 3 11 17 38 39 36 43 2 7 15 12 19 20 18 28 35 48 50 6 9 24 44
Volta 28: 10 8 14 3 13 11 16 22 33 39 36 41 2 7 12 15 17 20 18 19 35 38 43 48 6 9 28 50 24 44
Volta 29: 10 8 14 3 13 11 16 22 33 39 41 2 7 15 12 20 17 19 36 43 48 9 18 28 35 38 50 6 24
Volta 30: 8 10 14 3 13 11 22 33 39 41 7 15 20 16 19 36 48 2 9 12 18 17 28 35 38 43 50 6 24
Volta 31: 8 10 14 22 33 3 11 15 13 36 39 41 48 7 9 12 20 18 16 19 17 28 38 43 50 2 6 35
Volta 32: 8 10 14 3 13 15 22 33 39 36 48 9 7 11 12 17 19 20 16 43 41 2 6 18 28 38 50 35
Volta 33: 8 10 14 3 15 22 33 39 48 9 7 12 11 13 17 16 19 36 43 41 18 20 28 38 50 2 6
Volta 34: 8 10 3 14 33 39 9 11 13 15 16 17 19 22 36 43 41 48 7 12 20 28 38 2 18 50 6
Volta 35: 8 3 10 39 9 14 15 11 16 17 19 22 33 43 41 7 13 12 20 36 48 2 18 28 38 50
Volta 36: 8 3 10 9 14 11 16 19 17 22 33 39 41 7 13 12 15 36 43 48 20 18 28 38 50 2
Volta 37: 8 3 10 14 11 19 17 22 33 9 7 13 12 16 39 36 41 48 15 20 28 43 50 18 38
Volta 38: 8 3 10 11 17 19 22 7 9 12 14 13 16 33 36 39 48 15 20 43 41 50 18 28 38
Volta 39: 8 3 10 11 17 19 22 7 13 14 12 33 48 9 15 16 36 39 41 50 20 28 43 18
Volta 40: 8 10 11 19 22 3 13 12 17 33 9 7 15 14 16 36 39 48 50 20 43 41 18 28
Volta 41: 8 22 10 13 11 12 17 19 33 3 9 14 15 39 48 7 16 20 36 41 50 18 43
Volta 42: 8 22 10 12 13 19 33 3 14 11 15 17 48 7 9 16 20 36 41 18 50 43
Volta 43: 8 10 12 13 19 22 33 3 15 11 17 9 14 20 36 48 7 16 41 50 18
Volta 44: 8 10 12 13 22 33 11 15 19 3 14 17 48 9 16 20 36 41 50 7 18
Volta 45: 8 10 13 12 11 19 22 33 3 15 17 9 14 20 16 36 48 7 41 50
Volta 46: 8 10 13 11 12 19 22 33 3 15 17 9 14 36 48 16 20 41 50 7
Volta 47: 10 8 11 12 13 19 22 33 3 17 9 15 14 36 48 20 16 41 50
Volta 48: 10 8 12 22 33 3 13 11 19 9 15 14 17 36 48 20 16 50 41
Volta 49: 8 10 33 3 13 11 12 19 22 9 14 17 36 48 15 20 16 50
Volta 50: 10 8 3 13 11 12 33 9 19 22 36 15 14 17 48 16 20 50
Volta 51: 8 10 3 13 33 11 12 19 22 9 14 17 36 48 15 20 16
Volta 52: 8 10 33 3 12 11 13 22 17 19 9 15 14 20 36 48 16
Volta 53: 8 33 3 10 11 13 12 22 17 19 9 14 48 15 20 36
Volta 54: 8 3 10 11 12 22 33 13 17 19 14 48 9 15 20 36
Volta 55: 8 3 12 22 33 10 11 19 17 13 14 48 20 9 15
Volta 56: 8 22 3 10 12 11 19 17 33 13 14 48 9 15 20
Volta 57: 8 22 12 33 3 10 14 11 13 17 19 48 9 15
Volta 58: 8 12 22 33 3 10 14 11 13 19 17 48 9 15
Volta 59: 8 22 3 13 12 11 19 33 10 14 17 48 9
Volta 60: 8 3 13 11 12 19 22 33 10 17 14 48 9
Volta 61: 8 3 11 19 22 33 12 13 10 14 17 48
Volta 62: 8 3 19 22 11 12 13 33 10 17 14 48
Volta 63: 8 3 13 11 19 22 33 10 12 14 17
Volta 64: 8 13 22 33 3 10 11 19 14 12 17
Volta 65: 8 22 33 10 13 11 19 3 14 12
Volta 66: 8 22 11 13 33 3 10 19 14
Volta 67: 8 11 22 33 3 10 13 19
Volta 68: 8 11 22 33 3 10 13 19
Volta 69: 8 11 22 10 33 3 13
Volta 70: 11 22 8 10 33 3 13
Volta 71: 11 8 10 22 3 33
Volta 72: 11 22 3 8 10 33
Volta 73: 11 22 3 8 10
Volta 74: 11 22 3 8 10
Volta 75: 11 22 3 8
Volta 76: 11 8 22 3
Volta 77: 11 8 22
Volta 78: 8 11 22
Volta 79: 8 11
Volta 80: 11 8

Ranqueamento Final:
1: Ciclista 8 - 15300.18 segundos
2: Ciclista 11 - 15150.30 segundos
3: Ciclista 22 - 15000.54 segundos
4: Ciclista 3 - 14700.06 segundos
5: Ciclista 10 - 14250.18 segundos
6: Ciclista 33 - 13950.78 segundos
7: Ciclista 13 - 13500.30 segundos
8: Ciclista 19 - 13050.42 segundos
9: Ciclista 14 - 12900.30 segundos
10: Ciclista 17 - 12450.42 segundos
11: Ciclista 48 - 12301.14 segundos
12: Ciclista 9 - 12000.18 segundos
13: Ciclista 15 - 11700.30 segundos
14: Ciclista 20 - 11100.42 segundos
15: Ciclista 36 - 10650.90 segundos
16: Ciclista 16 - 10350.42 segundos
17: Ciclista 50 - 9901.14 segundos
18: Ciclista 41 - 9751.02 segundos
19: Ciclista 7 - 9300.18 segundos
20: Ciclista 18 - 8850.42 segundos
21: Ciclista 43 - 8551.02 segundos
22: Ciclista 28 - 8100.66 segundos
23: Ciclista 38 - 7800.90 segundos
24: Ciclista 2 - 7350.06 segundos
25: Ciclista 6 - 7050.18 segundos
26: Ciclista 35 - 6600.78 segundos
27: Ciclista 24 - 6150.54 segundos
28: Ciclista 44 - 5851.02 segundos
29: Ciclista 21 - 5400.54 segundos
30: Ciclista 25 - 5100.54 segundos
31: Ciclista 40 - 4650.90 segundos
32: Ciclista 5 - 4350.06 segundos
33: Ciclista 29 - 3900.66 segundos
34: Ciclista 27 - 3600.66 segundos
35: Ciclista 23 - 3150.54 segundos
36: Ciclista 34 - 2700.78 segundos
37: Ciclista 1 - 2400.06 segundos
38: Ciclista 37 - 1950.90 segundos
39: Ciclista 45 - 1501.02 segundos
40: Ciclista 46 - 1051.14 segundos
41: Ciclista 49 - 601.14 segundos

Ciclista 4 quebrou na volta 18 - 3600.00 segundos
Ciclista 12 quebrou na volta 66 - 12900.24 segundos
Ciclista 26 quebrou na volta 6 - 1350.60 segundos
Ciclista 30 quebrou na volta 6 - 1500.60 segundos
Ciclista 31 quebrou na volta 12 - 2550.72 segundos
Ciclista 32 quebrou na volta 18 - 3450.72 segundos
Ciclista 39 quebrou na volta 42 - 8250.84 segundos
Ciclista 42 quebrou na volta 6 - 1200.96 segundos
Ciclista 47 quebrou na volta 12 - 2401.08 segundos
