Volta 1: 2 1 5 4 3 6 10 8 9 7 15 13 12 11 14 16 17 20 19 18 22 24 23 25 21 30 26 27 29 28 35 31 33 34 32 38 37 36 40 39 44 42 43 45 41 50 49 48 46 47 53 55 52 54 51 60 59 56 57 58 64 65 63 61 62 69 68 67 70 66 75 73 74 72 71 79 77 80 78 76 84 81 82 83 85 89 86 90 87 88 92 93 95 91 94 96 97 98 100 99
Volta 2: 4 3 2 1 5 6 7 10 11 14 13 12 16 20 17 18 19 24 22 23 21 29 30 27 26 35 34 32 31 36 37 39 43 44 41 45 42 46 47 50 49 48 51 54 53 52 56 57 59 60 64 61 62 65 67 69 70 66 72 71 73 74 77 78 76 79 81 84 86 88 87 90 89 94 95 91 98 99 96 97 8 9 15 25 28 33 40 38 55 58 63 68 75 80 83 82 85 93 92 100
Volta 3: 4 1 3 2 7 11 14 16 19 17 20 21 22 26 27 30 29 35 34 31 36 39 41 45 47 46 51 54 57 56 59 60 62 64 67 66 70 74 73 72 76 88 86 87 89 91 95 99 96 5 8 10 9 6 13 15 12 18 25 23 24 28 33 32 40 37 43 42 44 48 49 50 53 55 52 58 63 65 61 68 69 71 77 78 79 80 81 85 82 83 84 90 92 94 97 98 38 75 93
Volta 4: 3 2 7 11 14 20 16 17 22 21 30 29 27 31 35 41 45 47 59 64 62 66 67 74 76 89 87 95 96 5 4 1 6 9 10 15 13 12 19 18 23 25 26 33 32 34 36 39 37 44 42 50 46 51 55 53 52 54 56 57 58 60 65 69 68 70 71 72 73 79 84 83 85 88 86 90 91 94 98 99 8 24 28 38 40 43 49 48 61 63 75 80 78 77 81 82 93 92 97
Volta 5: 3 7 11 22 27 31 41 59 76 89 96 1 4 2 6 12 13 14 15 17 16 18 20 19 25 21 26 29 30 35 32 39 45 47 46 50 54 55 51 60 56 58 64 62 70 68 66 67 69 72 73 74 85 88 87 95 99 5 9 8 10 24 23 34 33 40 37 38 36 43 42 44 52 53 57 65 61 63 71 78 80 77 79 83 84 82 90 86 91 92 94 98 28 49 48 75 81 93
Volta 6: 3 11 22 27 41 76 96 2 1 4 7 14 12 20 17 16 18 21 35 31 39 45 50 47 54 59 56 64 69 66 70 67 74 85 87 89 95 5 6 10 8 9 15 13 19 25 23 24 30 29 26 34 33 32 37 38 36 42 43 46 52 53 51 55 60 58 63 62 68 72 71 73 77 78 79 84 82 86 88 90 94 99 40 44 48 57 65 61 80 81 91 92 98 49 75 93
Volta 7: 41 76 96 2 3 1 4 7 12 11 18 20 16 17 22 27 31 35 39 50 59 64 70 69 74 89 87 9 10 6 13 14 15 19 21 25 23 26 30 34 32 33 36 45 42 47 46 53 52 54 55 51 56 60 62 68 66 67 72 73 78 85 84 86 88 95 99 5 8 24 29 40 38 37 44 43 48 58 57 65 63 71 79 77 82 90 94 98 61 75 80 81 92 91 49
Volta 8: 76 96 3 4 1 2 12 17 18 22 27 35 31 41 59 70 69 87 7 9 13 15 11 16 19 20 23 25 21 26 30 33 34 36 39 45 42 47 46 50 54 52 51 56 64 67 68 73 74 78 85 89 95 5 8 10 6 14 32 40 37 38 43 44 48 55 53 60 58 63 62 66 72 71 84 86 88 90 94 98 99 24 29 57 65 61 75 79 77 80 81 82 91 92 49
Volta 9: 76 96 2 4 1 12 17 22 27 35 70 3 7 9 13 15 11 16 18 23 21 30 31 34 39 36 45 41 50 46 51 56 59 64 67 69 68 73 74 85 89 87 6 8 10 14 19 20 25 26 32 33 37 40 42 44 47 54 55 53 52 60 63 72 78 84 90 88 94 95 99 5 24 29 38 43 48 57 58 62 65 66 71 75 79 80 86 98 61 77 82 81 91 92
Volta 10: 76 96 4 17 27 1 3 2 9 15 12 18 16 22 21 35 34 36 39 45 46 50 51 56 64 68 70 67 74 73 87 6 7 14 13 11 20 19 25 23 26 30 33 31 40 42 41 47 54 53 52 55 60 59 63 69 78 84 85 90 88 89 94 99 5 10 8 32 37 43 44 48 58 62 65 66 72 71 75 79 86 95 98 24 29 38 57 61 80 77 82 81 92 91
Volta 11: 76 4 17 27 96 1 2 3 9 12 16 18 34 35 39 45 50 51 56 64 67 68 74 87 7 15 14 11 13 20 19 21 22 25 30 26 33 31 40 36 42 46 53 52 55 59 63 69 70 73 85 90 88 89 99 6 23 32 37 44 41 47 54 60 58 66 75 72 71 78 84 86 94 95 98 5 10 8 24 29 38 43 48 57 61 62 65 79 81 92 77 80 82
Volta 12: 27 76 96 3 4 12 17 34 35 45 64 87 2 1 7 11 15 14 13 18 16 20 25 21 39 50 53 51 52 55 56 59 67 68 73 74 85 6 19 30 26 32 33 31 36 37 40 42 47 54 63 70 69 71 84 88 89 86 90 94 98 99 5 8 10 24 29 38 44 41 43 48 60 58 65 66 75 72 78 81 95 92 57 61 62 79 80 82 77
Volta 13: 76 96 4 12 17 27 35 64 87 1 3 11 15 18 25 34 39 45 50 53 52 51 67 68 74 73 2 6 7 13 14 19 20 16 21 30 26 31 32 33 40 42 55 54 56 59 63 69 71 84 85 89 88 94 98 99 10 8 24 37 36 43 44 47 58 65 70 66 72 75 78 86 90 92 95 5 29 38 41 48 60 57 62 61 82 81 79 80
Volta 14: 96 4 12 27 35 76 87 3 1 15 18 17 25 34 39 45 53 51 64 68 73 2 6 7 13 11 19 16 20 21 30 33 42 50 55 52 54 59 56 67 69 71 74 84 85 98 10 14 24 26 31 32 40 36 37 44 43 58 63 66 70 78 86 88 89 90 95 92 94 99 5 8 29 41 48 47 65 62 61 75 72 81 38 60 57 80 79 82
Volta 15: 96 4 12 27 35 87 3 1 15 17 25 34 39 53 64 76 7 6 19 18 20 45 55 52 51 59 69 68 67 71 74 73 84 98 2 13 11 16 21 24 26 30 33 32 31 40 43 42 50 54 56 58 63 66 85 88 86 89 95 92 99 5 10 14 29 36 37 44 47 65 62 70 72 78 81 90 94 8 38 41 48 57 61 75 79 80 60
Volta 16: 96 12 27 35 87 4 25 34 39 3 1 15 18 17 20 45 55 51 53 59 64 69 67 68 73 76 84 98 2 7 6 13 11 19 21 26 30 31 33 32 40 42 43 50 54 52 56 58 63 66 71 74 85 95 99 10 14 16 24 37 36 44 47 62 70 78 89 90 88 86 92 94 5 29 38 41 57 65 61 72 75 79 81 8 48 60 80
Volta 17: 27 87 96 4 12 35 3 1 15 17 18 25 34 39 45 53 59 69 73 76 98 2 6 11 20 19 21 30 33 32 31 43 42 54 51 52 55 58 63 64 67 68 71 84 85 99 7 13 16 24 26 37 40 47 50 56 62 66 70 74 78 89 86 90 92 95 94 5 10 14 38 36 44 41 57 61 75 88 8 29 48 60 65 72 79 81
Volta 18: 27 87 96 12 35 4 1 15 17 18 25 53 69 73 3 20 21 30 33 32 31 45 52 51 54 55 58 64 63 68 67 76 84 85 98 2 6 11 13 19 16 24 37 42 43 50 56 62 70 74 71 78 89 86 90 95 94 99 5 10 14 26 38 40 36 44 47 57 66 88 92 29 41 48 61 72 75 79 81 8 60 65
Volta 19: 27 87 96 12 1 4 15 17 18 35 53 69 3 20 21 25 30 33 45 55 54 51 58 64 63 67 73 76 84 98 2 13 11 19 16 24 32 31 37 42 43 50 52 56 68 71 78 85 90 94 6 10 14 26 40 38 62 66 70 74 86 89 95 99 5 29 36 41 44 47 57 61 72 75 81 88 92 48 60 79 8
Volta 20: 96 27 87 4 1 12 15 18 35 53 69 17 25 21 30 45 54 55 64 67 73 76 84 98 3 11 19 16 20 32 31 33 51 58 56 63 68 71 85 90 94 2 10 13 14 24 38 37 40 43 42 50 52 62 66 70 74 78 86 89 95 99 6 26 29 36 41 47 57 72 81 88 92 5 44 60 61 75 79 48 8
Volta 21: 96 27 87 15 12 18 53 4 1 17 21 35 45 55 54 64 69 67 73 98 3 20 16 19 25 30 31 33 32 51 56 58 68 76 84 90 2 10 11 14 13 24 38 37 43 42 50 52 63 62 71 74 85 89 86 94 6 26 29 40 36 41 57 66 70 72 78 81 88 95 99 5 47 75 79 92 44 48 60 61
Volta 22: 96 27 15 53 87 1 4 12 17 18 35 45 55 64 20 21 25 32 31 33 54 51 56 68 67 69 73 76 90 98 3 2 10 13 11 16 19 30 38 37 42 43 58 74 85 84 89 94 14 24 29 26 36 40 41 50 52 57 63 62 70 66 71 78 81 86 88 95 99 5 6 47 72 79 92 44 60 75 48 61
Volta 23: 96 27 15 53 87 1 12 18 55 64 4 17 20 25 21 33 35 45 51 54 56 67 69 76 3 2 16 32 31 43 58 68 74 73 85 84 90 89 98 10 13 11 14 19 24 30 40 37 36 38 41 42 50 52 63 62 78 81 86 94 5 6 29 26 47 57 70 66 71 72 88 95 92 99 75 79 44 48 60
Volta 24: 27 96 15 12 18 53 55 64 87 4 17 25 35 45 54 69 76 2 3 16 21 31 33 32 43 51 58 56 67 74 73 90 98 10 11 13 19 30 37 36 38 42 41 50 52 63 62 81 84 85 89 94 14 24 26 29 40 47 57 70 66 78 86 92 95 99 5 6 71 72 88 44 48 60 75 79
Volta 25: 27 15 96 12 53 55 64 87 4 17 18 25 35 45 54 69 2 16 21 33 32 43 51 56 67 73 76 90 98 3 10 11 31 37 38 41 50 58 62 74 85 81 89 94 14 13 19 24 30 36 40 42 47 52 63 66 70 78 84 86 95 92 99 5 6 26 29 57 71 72 88 48 75 44 60
Volta 26: 15 27 96 12 55 87 17 18 35 45 54 53 64 2 4 16 21 25 32 33 43 51 67 69 76 90 3 10 31 37 41 50 58 56 73 74 81 89 94 98 14 13 11 19 24 38 42 47 63 62 66 84 85 95 6 29 30 40 36 52 57 70 78 88 86 92 99 5 26 48 75 71 72 44 60
Volta 27: 15 12 27 55 96 17 18 35 53 64 87 4 16 25 21 43 45 54 69 67 90 2 3 10 33 31 32 37 50 51 73 76 81 89 94 14 11 38 41 56 58 62 66 74 84 85 98 13 19 24 29 30 36 40 42 47 57 63 70 78 86 88 95 99 5 6 48 52 75 72 71 92 26 44
Volta 28: 12 15 27 18 17 55 87 96 4 25 21 35 45 54 53 64 67 90 2 16 31 33 32 37 43 50 69 76 81 94 3 10 41 51 56 58 62 73 85 84 89 14 13 11 19 29 40 36 38 42 47 63 66 74 78 86 95 98 5 6 24 30 52 57 70 71 75 72 88 92 99 26 48 44
Volta 29: 12 15 18 27 55 87 4 17 21 35 53 64 67 90 96 2 16 25 45 43 50 54 69 76 81 3 10 31 33 32 37 41 51 58 73 89 94 14 13 11 38 40 36 47 56 62 63 66 74 78 85 84 86 95 98 6 19 29 30 42 52 70 75 72 71 88 92 99 5 24 57 26 48
Volta 30: 12 15 18 27 55 87 17 21 35 96 4 16 25 45 50 53 54 64 67 76 90 2 3 10 33 31 43 58 69 73 81 94 14 11 32 38 36 37 40 41 51 56 62 74 84 85 89 86 95 98 13 29 30 42 47 63 70 66 72 75 71 78 5 6 19 24 52 57 88 92 99 26 48
Volta 31: 12 15 27 87 18 35 55 96 4 17 16 21 25 45 53 64 3 2 31 33 43 50 54 58 67 69 73 76 90 94 10 14 11 32 37 40 38 41 56 62 81 84 86 89 95 98 30 29 36 47 51 63 70 66 74 75 78 85 5 6 13 19 24 42 52 72 71 88 92 99 57 26
Volta 32: 12 27 87 15 18 35 55 96 4 17 25 21 45 53 3 2 16 31 33 50 54 64 67 76 90 10 11 38 43 41 58 62 69 73 86 95 94 14 29 32 40 37 51 56 63 70 74 84 81 85 89 98 5 6 13 30 36 42 47 52 66 71 75 72 78 19 24 57 88 92 99 26
Volta 33: 12 27 87 18 55 4 15 17 25 35 45 53 96 3 2 16 21 31 33 54 64 67 76 11 41 43 50 69 73 90 86 10 14 29 32 38 37 58 56 62 74 85 84 94 95 98 6 30 40 36 47 51 52 63 70 72 71 75 81 89 5 13 24 42 66 78 88 92 99 19 57
Volta 34: 12 87 18 27 4 17 35 45 55 53 96 3 2 15 25 21 31 33 54 67 76 11 16 41 50 64 69 90 86 14 32 38 43 58 62 73 74 84 94 95 10 6 29 30 37 36 40 51 56 63 70 71 81 85 89 98 5 13 42 47 52 75 72 78 88 92 19 24 66 99 57
Volta 35: 12 87 27 18 45 2 4 17 25 21 31 35 53 55 54 67 96 3 15 16 33 41 50 64 69 76 90 86 11 32 43 73 95 94 10 14 29 40 38 37 51 58 56 62 63 70 74 81 85 84 98 5 6 13 30 36 42 47 52 75 72 71 78 89 19 24 66 88 92 99
Volta 36: 12 87 18 27 45 4 2 17 31 35 54 67 96 25 33 41 50 53 64 76 3 11 16 32 43 69 86 90 94 10 14 37 38 40 51 56 58 62 63 70 74 73 81 84 85 95 6 13 29 47 52 71 75 72 78 89 98 5 19 24 30 36 42 92 66 88 99
Volta 37: 12 87 27 45 4 18 17 35 31 67 2 25 54 53 96 11 16 33 41 50 64 76 90 94 3 10 14 32 38 37 40 43 58 56 63 69 73 74 81 84 85 86 95 6 29 47 52 51 62 70 71 75 78 89 98 13 19 30 36 42 72 92 5 24 66 88
Volta 38: 87 12 45 4 17 27 31 2 18 25 35 54 67 11 41 53 64 76 90 94 96 3 10 14 16 33 32 38 43 50 58 56 63 69 74 73 84 86 95 37 40 52 62 70 71 81 85 89 98 6 13 19 30 29 42 47 51 72 75 78 24 36 66 92 5 88
Volta 39: 87 4 12 27 31 45 2 17 18 67 25 35 54 53 94 10 11 14 16 32 33 43 41 50 56 64 63 73 76 90 96 3 38 37 52 58 62 70 69 74 81 85 84 86 95 98 6 13 19 29 40 51 72 71 89 24 30 36 42 47 66 75 78 5 92
Volta 40: 87 4 12 27 45 17 18 31 2 25 35 54 67 94 10 11 41 43 53 64 76 90 96 3 14 16 32 33 38 37 50 52 58 56 63 62 69 73 74 85 84 86 98 6 19 29 70 72 71 81 89 95 13 24 30 40 36 42 47 51 66 75 78 92 5
Volta 41: 87 4 12 18 17 27 31 45 2 54 67 11 25 35 41 53 64 90 94 96 3 10 14 16 33 32 37 43 50 58 63 62 69 73 76 86 98 29 38 52 56 70 71 74 81 85 84 95 6 13 19 24 40 42 47 51 72 89 30 36 66 75 78 92
Volta 42: 87 4 12 18 27 31 45 17 67 2 25 35 53 54 64 94 3 10 11 33 32 37 43 41 58 63 62 76 90 86 96 14 38 50 52 56 69 74 73 84 95 98 6 29 42 47 51 71 72 85 81 89 13 19 24 30 40 66 75 78 36 92
Volta 43: 87 4 12 18 27 31 45 2 17 25 35 54 67 94 3 32 41 43 53 64 62 63 76 86 90 10 14 11 33 38 37 50 52 56 58 74 73 84 95 96 98 29 47 69 71 72 81 89 6 13 19 24 40 42 51 66 75 78 85 30 36
Volta 44: 87 12 18 4 27 45 17 31 54 67 94 2 3 25 35 43 53 62 86 10 11 32 33 37 38 41 58 64 63 73 76 90 98 96 14 29 50 52 56 69 72 74 84 89 95 6 40 42 47 51 66 75 71 78 81 85 13 19 24 30 36
Volta 45: 87 18 4 12 27 45 31 54 67 94 2 17 25 35 53 62 86 3 10 11 33 37 43 41 58 63 64 76 90 14 29 32 38 50 52 56 69 73 74 84 89 95 96 98 6 72 75 78 85 81 13 24 40 42 47 51 66 71 19 30
Volta 46: 87 18 4 27 45 12 54 25 31 35 62 67 94 2 17 37 43 41 53 63 76 90 86 3 10 14 11 32 33 50 52 58 64 69 73 84 89 95 98 6 29 38 56 72 74 78 85 96 13 40 42 47 51 66 75 71 81 19 24 30
Volta 47: 87 4 18 27 45 12 54 31 62 67 94 2 25 35 37 43 53 63 86 3 10 14 11 17 32 41 52 58 64 69 73 76 84 90 89 95 98 6 29 33 38 50 56 74 85 13 40 42 51 66 75 72 78 81 96 24 47 71 19
Volta 48: 87 18 45 4 27 54 12 31 67 94 2 25 35 43 53 63 62 86 17 32 52 64 69 76 84 90 95 98 3 10 11 14 33 41 50 56 58 74 85 89 6 13 29 38 42 51 72 81 24 40 47 75 71 78 96 19
Volta 49: 87 45 18 54 4 12 27 67 94 2 35 31 43 63 62 17 25 53 64 69 86 98 3 10 11 14 32 33 41 50 52 58 56 76 85 84 90 89 95 6 13 29 38 42 74 81 51 71 72 75 78 96 24 40 47
Volta 50: 87 18 45 4 12 27 54 31 62 67 94 2 25 35 43 53 63 64 69 86 98 10 17 41 50 52 56 76 84 90 3 6 14 11 13 29 32 33 38 58 74 85 89 95 42 75 71 81 24 40 51 72 78 96 47
Volta 51: 87 18 45 12 27 54 4 67 94 2 25 35 31 43 62 63 64 69 86 98 17 50 53 56 76 84 3 10 14 11 29 33 38 41 52 58 74 85 90 89 95 6 13 32 42 71 81 40 51 75 72 78 96 24
Volta 52: 87 45 18 4 12 27 54 67 2 43 62 64 69 86 94 98 17 25 31 35 50 53 63 76 3 10 14 29 38 41 52 56 58 84 85 95 6 11 13 33 74 90 89 32 42 51 72 75 71 81 96 40 78 24
Volta 53: 87 45 18 4 12 27 54 67 64 98 2 17 31 35 43 50 63 62 69 86 94 3 10 14 25 29 53 52 56 58 76 84 85 95 6 13 11 33 38 41 90 32 42 72 71 75 74 81 89 96 40 51 78
Volta 54: 87 45 4 18 27 54 12 64 67 98 2 35 31 43 62 63 69 86 3 10 17 29 50 53 56 76 84 85 94 95 13 14 25 33 38 41 52 58 6 11 32 72 71 75 74 89 40 78 81 96 51
Volta 55: 87 45 18 54 4 12 27 64 67 98 35 63 62 69 2 17 29 31 43 50 76 85 86 95 3 10 14 13 25 41 53 52 56 84 94 6 11 33 38 58 71 74 72 75 89 32 40 78 81 96
Volta 56: 87 45 12 18 54 64 67 4 27 35 62 98 2 29 31 43 63 69 76 3 10 14 17 25 41 50 53 56 84 85 86 95 94 6 13 33 52 58 75 71 74 11 32 38 40 72 81 89 78 96
Volta 57: 87 45 18 54 64 67 4 12 27 98 2 29 35 43 62 69 76 3 10 17 31 41 50 53 63 85 86 95 6 14 25 52 58 56 75 71 74 84 94 13 11 33 38 72 89 32 40 78 81
Volta 58: 87 45 54 64 4 12 18 67 29 27 35 98 3 2 31 43 41 62 63 69 76 95 10 6 17 25 50 52 53 56 75 71 74 84 85 86 94 13 14 33 58 72 89 11 32 40 38 78 81
Volta 59: 87 45 54 64 18 67 4 12 27 29 35 98 2 3 41 63 76 95 10 25 31 43 50 62 69 75 71 74 84 86 6 13 17 33 52 53 56 85 89 94 14 38 40 58 72 78 11 32
Volta 60: 87 45 54 64 67 4 12 18 29 3 35 76 98 2 10 31 43 41 63 62 69 84 95 6 13 17 25 50 52 56 75 74 71 85 89 33 40 53 58 94 11 38 72 78 32
Volta 61: 87 45 54 64 67 4 12 29 3 18 35 76 2 31 43 41 62 63 69 84 95 98 10 6 13 25 52 56 75 74 85 89 17 33 50 53 58 71 94 38 40 72 78 11
Volta 62: 87 45 54 64 4 67 3 12 29 76 2 18 31 35 41 62 84 98 6 10 43 52 56 63 69 74 95 13 17 25 50 53 71 75 85 89 94 33 40 58 72 78 11 38
Volta 63: 87 45 54 64 4 67 12 29 76 3 18 31 35 41 62 84 98 2 6 10 43 69 95 13 17 25 52 56 63 71 74 75 85 89 33 40 50 53 58 72 78 94 11
Volta 64: 87 45 54 64 4 67 12 18 29 35 62 76 84 98 3 2 10 31 41 69 95 6 13 25 43 52 63 75 71 17 40 50 53 56 58 74 78 85 89 33 72 94 11
Volta 65: 87 45 54 64 4 67 29 35 76 98 2 3 12 18 31 41 62 69 84 95 6 10 13 25 43 17 40 50 53 52 56 63 75 74 71 85 89 33 58 72 78 94
Volta 66: 87 45 54 64 67 4 29 76 3 2 12 18 31 35 84 98 6 43 41 62 69 95 10 13 17 25 40 50 53 52 56 63 74 75 85 33 58 71 72 78 89 94
Volta 67: 87 45 54 64 4 29 67 76 3 12 35 31 84 98 2 6 18 41 43 62 69 17 25 40 50 63 74 95 10 13 52 53 56 58 72 75 78 85 89 33 71
Volta 68: 87 45 54 64 4 29 67 76 3 12 35 31 84 98 6 41 62 69 2 18 25 40 43 50 95 10 13 17 52 53 56 58 63 75 74 72 78 85 33 89 71
Volta 69: 87 45 29 54 64 67 4 3 12 35 76 98 31 41 84 2 6 40 50 62 69 95 10 17 18 25 43 53 52 56 58 63 72 78 13 33 74 75 85 89
Volta 70: 87 45 54 64 3 4 12 29 35 67 76 98 31 84 2 6 41 50 62 69 18 25 40 53 56 72 78 95 10 17 33 43 52 58 63 75 74 85 13 89
Volta 71: 87 45 4 12 29 35 54 64 67 76 98 3 2 6 31 41 62 69 84 25 40 50 53 56 78 95 10 17 18 33 43 52 58 63 74 72 13 75 85
Volta 72: 87 45 4 29 54 64 67 3 12 35 76 98 2 31 62 69 84 6 40 41 50 56 78 95 18 33 43 52 53 58 63 72 74 10 13 17 75 85
Volta 73: 87 45 4 29 54 64 67 12 76 3 2 35 31 62 69 98 6 41 56 78 84 95 33 40 43 50 53 63 74 10 13 18 52 58 72 75 17
Volta 74: 87 45 4 54 64 12 29 67 76 3 31 35 98 2 41 56 62 69 84 6 33 40 43 50 63 74 78 95 10 18 53 58 72 75 13 52 17
Volta 75: 87 45 54 64 4 12 29 3 31 35 67 76 62 84 98 2 6 40 43 41 50 56 63 69 74 78 33 53 72 75 95 10 13 18 52 58
Volta 76: 87 45 64 4 29 54 12 35 67 76 3 31 62 98 2 6 43 41 50 69 74 78 84 33 40 56 63 72 95 10 13 18 53 52 58 75
Volta 77: 87 45 4 29 54 64 12 35 67 76 3 31 62 98 2 6 41 43 84 40 50 56 63 69 72 74 78 95 10 18 33 52 53 13 58
Volta 78: 87 45 64 4 12 29 35 54 67 76 3 62 2 6 31 84 98 40 50 63 69 74 72 78 95 33 52 53 56 10 18 13 58
Volta 79: 87 45 64 4 12 29 35 54 67 3 62 76 6 31 98 2 74 78 84 95 33 40 50 53 56 63 69 72 10 18 52 13
Volta 80: 87 45 35 64 4 3 12 29 54 67 76 6 31 62 98 2 74 78 95 40 50 53 56 69 72 84 18 33 52 63 10 13
Volta 81: 87 45 35 64 4 3 12 29 54 67 62 76 98 2 6 31 78 40 50 56 69 74 72 84 95 18 33 52 53 63 10
Volta 82: 87 45 64 12 29 35 54 4 3 62 67 76 6 31 78 98 2 40 56 69 74 84 95 18 33 50 52 72 10 53 63
Volta 83: 87 45 64 29 35 54 4 3 12 31 62 67 76 2 6 78 84 95 98 33 40 50 52 56 69 74 72 18 53 10
Volta 84: 87 45 29 54 64 3 12 35 4 31 67 62 78 84 95 98 2 6 33 40 50 52 56 69 74 53 72 10 18
Volta 85: 87 45 54 64 3 12 29 35 4 31 62 67 78 95 6 50 56 84 98 2 33 40 52 69 72 74 53 10
Volta 86: 87 45 54 12 29 64 3 35 31 62 67 78 4 6 84 95 98 2 33 40 50 52 56 69 72 53 74 10
Volta 87: 87 45 54 12 29 64 3 31 35 62 67 6 78 84 98 4 33 40 50 52 69 95 2 56 74 72 53
Volta 88: 87 45 12 29 54 3 64 35 31 62 67 78 84 98 4 6 40 69 2 33 50 52 56 95 72 74 53
Volta 89: 87 45 12 29 54 3 64 35 31 62 67 40 78 84 98 2 4 6 33 50 69 95 52 56 72 74
Volta 90: 12 29 45 54 64 3 31 35 62 40 67 78 84 4 2 6 50 69 95 98 33 52 56 72 74
Volta 91: 12 29 45 54 3 31 64 35 62 67 78 84 2 4 6 40 50 98 33 52 56 69 95 72
Volta 92: 12 45 29 54 64 3 31 35 67 78 84 4 2 6 40 62 98 33 50 52 56 69 95 72
Volta 93: 12 45 29 54 64 3 35 31 67 84 2 6 40 78 98 4 33 50 62 69 52 56 95
Volta 94: 12 29 45 54 3 64 35 31 67 84 2 78 6 33 40 50 62 69 98 4 52 95 56
Volta 95: 12 29 45 54 3 64 31 35 84 2 67 6 62 78 98 4 33 40 50 52 69 95
Volta 96: 12 29 45 54 3 64 2 35 31 67 84 6 62 78 4 33 50 52 69 98 40 95
Volta 97: 12 45 29 54 3 64 2 35 31 84 6 67 78 4 50 52 62 69 98 33 40
Volta 98: 12 45 29 54 64 3 35 31 2 6 67 78 84 98 4 33 50 52 62 69 40
Volta 99: 45 12 29 54 3 35 64 2 31 67 78 6 84 98 4 33 52 62 69 50
Volta 100: 12 45 29 54 3 64 2 31 35 78 6 67 84 98 4 52 62 33 69 50
Volta 101: 12 45 29 54 3 2 35 64 78 6 31 67 84 98 4 52 33 62 69
Volta 102: 12 45 29 54 3 2 35 31 64 78 4 6 52 67 84 98 33 62 69
Volta 103: 12 45 29 54 3 2 31 35 64 78 6 84 4 33 52 67 98 62
Volta 104: 12 45 29 54 3 2 35 31 64 78 84 4 6 33 52 67 98 62
Volta 105: 12 45 29 54 3 31 64 78 2 35 84 4 6 33 67 52 98
Volta 106: 12 45 29 54 3 78 35 31 64 2 4 6 33 84 52 67 98
Volta 107: 12 45 3 29 54 78 31 2 4 6 35 64 84 33 52 67
Volta 108: 12 45 3 29 54 31 78 2 4 35 64 84 6 33 67 52
Volta 109: 12 45 29 54 3 31 4 35 78 84 2 33 64 67 6
Volta 110: 12 45 3 29 54 31 84 4 2 35 64 67 78 6 33
Volta 111: 12 45 3 29 54 84 2 31 35 67 78 4 6 64
Volta 112: 12 45 3 54 29 84 2 31 35 78 6 64 67 4
Volta 113: 12 45 3 29 54 84 2 31 35 64 67 78 6
Volta 114: 12 45 54 29 84 2 31 35 64 67 6 78
Volta 115: 12 45 29 54 2 31 35 64 84 6 67
Volta 116: 12 45 54 2 29 64 84 6 31 35 67
Volta 117: 12 45 2 29 54 6 31 35 64 84
Volta 118: 12 45 2 29 54 31 35 64 84 6
Volta 119: 12 45 2 29 35 31 54 64 84
Volta 120: 12 45 29 2 35 54 31 64 84
Volta 121: 12 45 29 2 31 35 54 64
Volta 122: 12 45 2 29 35 54 31 64
Volta 123: 12 2 29 45 54 31 35
Volta 124: 12 29 2 45 54 35 31
Volta 125: 12 29 2 45 54 35
Volta 126: 12 29 2 54 35 45
Volta 127: 12 29 2 54 35
Volta 128: 12 29 2 54 35
Volta 129: 12 29 2 54
Volta 130: 12 29 2 54
Volta 131: 12 29 2
Volta 132: 12 29 2
Volta 133: 12 29
Volta 134: 12 29

Ranqueamento Final:
1: Ciclista 29 - 25950.66 segundos
2: Ciclista 2 - 25800.06 segundos
3: Ciclista 54 - 25501.26 segundos
4: Ciclista 35 - 25350.78 segundos
5: Ciclista 12 - 25050.30 segundos
6: Ciclista 45 - 24901.02 segundos
7: Ciclista 31 - 24600.78 segundos
8: Ciclista 64 - 24151.50 segundos
9: Ciclista 84 - 23701.98 segundos
10: Ciclista 6 - 23400.18 segundos
11: Ciclista 67 - 22951.62 segundos
12: Ciclista 78 - 22651.86 segundos
13: Ciclista 4 - 22350.06 segundos
14: Ciclista 33 - 21900.78 segundos
15: Ciclista 52 - 21601.26 segundos
16: Ciclista 98 - 21152.34 segundos
17: Ciclista 62 - 20851.50 segundos
18: Ciclista 69 - 20551.62 segundos
19: Ciclista 50 - 20251.14 segundos
20: Ciclista 40 - 19800.90 segundos
21: Ciclista 95 - 19352.22 segundos
22: Ciclista 56 - 19051.38 segundos
23: Ciclista 72 - 18751.74 segundos
24: Ciclista 74 - 18451.74 segundos
25: Ciclista 53 - 18001.26 segundos
26: Ciclista 10 - 17550.18 segundos
27: Ciclista 18 - 17100.42 segundos
28: Ciclista 63 - 16651.50 segundos
29: Ciclista 13 - 16350.30 segundos
30: Ciclista 58 - 16051.38 segundos
31: Ciclista 75 - 15451.74 segundos
32: Ciclista 17 - 15300.42 segundos
33: Ciclista 85 - 14701.98 segundos
34: Ciclista 89 - 14402.10 segundos
35: Ciclista 71 - 14101.74 segundos
36: Ciclista 94 - 13652.22 segundos
37: Ciclista 11 - 13500.30 segundos
38: Ciclista 38 - 12900.90 segundos
39: Ciclista 32 - 12600.78 segundos
40: Ciclista 81 - 12001.98 segundos
41: Ciclista 96 - 11702.34 segundos
42: Ciclista 51 - 11401.26 segundos
43: Ciclista 24 - 11100.54 segundos
44: Ciclista 47 - 10651.14 segundos
45: Ciclista 19 - 10200.42 segundos
46: Ciclista 30 - 9750.66 segundos
47: Ciclista 36 - 9450.90 segundos
48: Ciclista 92 - 9002.22 segundos
49: Ciclista 5 - 8700.06 segundos
50: Ciclista 88 - 8252.10 segundos
51: Ciclista 99 - 7802.34 segundos
52: Ciclista 57 - 7501.38 segundos
53: Ciclista 26 - 7050.66 segundos
54: Ciclista 48 - 6601.14 segundos
55: Ciclista 44 - 6301.02 segundos
56: Ciclista 60 - 5851.38 segundos
57: Ciclista 79 - 5401.86 segundos
58: Ciclista 61 - 5101.50 segundos
59: Ciclista 8 - 4800.18 segundos
60: Ciclista 65 - 4201.50 segundos
61: Ciclista 80 - 3751.86 segundos
62: Ciclista 82 - 3301.98 segundos
63: Ciclista 77 - 3001.86 segundos
64: Ciclista 91 - 2402.22 segundos
65: Ciclista 49 - 2101.14 segundos
66: Ciclista 93 - 1652.22 segundos
67: Ciclista 97 - 1052.34 segundos
68: Ciclista 100 - 602.34 segundos

Ciclista 1 quebrou na volta 24 - 4650.00 segundos
Ciclista 3 quebrou na volta 114 - 22200.00 segundos
Ciclista 7 quebrou na volta 18 - 3900.12 segundos
Ciclista 9 quebrou na volta 12 - 2250.12 segundos
Ciclista 14 quebrou na volta 60 - 12300.24 segundos
Ciclista 15 quebrou na volta 36 - 7050.24 segundos
Ciclista 16 quebrou na volta 42 - 8400.36 segundos
Ciclista 20 quebrou na volta 24 - 4650.36 segundos
Ciclista 21 quebrou na volta 36 - 6900.48 segundos
Ciclista 22 quebrou na volta 12 - 2400.48 segundos
Ciclista 23 quebrou na volta 12 - 2700.48 segundos
Ciclista 25 quebrou na volta 72 - 14550.48 segundos
Ciclista 27 quebrou na volta 60 - 11850.60 segundos
Ciclista 28 quebrou na volta 6 - 1500.60 segundos
Ciclista 34 quebrou na volta 18 - 3600.72 segundos
Ciclista 37 quebrou na volta 48 - 9600.84 segundos
Ciclista 39 quebrou na volta 18 - 3450.84 segundos
Ciclista 41 quebrou na volta 78 - 15450.96 segundos
Ciclista 42 quebrou na volta 54 - 11100.96 segundos
Ciclista 43 quebrou na volta 78 - 15450.96 segundos
Ciclista 46 quebrou na volta 12 - 2551.08 segundos
Ciclista 55 quebrou na volta 36 - 6901.20 segundos
Ciclista 59 quebrou na volta 18 - 3601.32 segundos
Ciclista 66 quebrou na volta 48 - 9901.56 segundos
Ciclista 68 quebrou na volta 24 - 4951.56 segundos
Ciclista 70 quebrou na volta 42 - 8551.56 segundos
Ciclista 73 quebrou na volta 48 - 9751.68 segundos
Ciclista 76 quebrou na volta 84 - 16651.80 segundos
Ciclista 83 quebrou na volta 6 - 1351.92 segundos
Ciclista 86 quebrou na volta 60 - 12152.04 segundos
Ciclista 87 quebrou na volta 90 - 16802.04 segundos
Ciclista 90 quebrou na volta 54 - 11102.04 segundos
