Volta 1: 2 4 5 3 1 8 6 7 10 9 12 15 14 11 13 20 18 16 17 19 23 21 24 25 22 28 29 26 27 30 31 33 34 35 32 40 39 37 38 36 43 45 44 42 41 50 46 49 48 47
Volta 2: 4 5 1 9 8 7 10 6 13 12 14 11 15 16 19 18 20 25 23 26 29 27 28 30 33 32 35 31 34 38 40 39 45 41 42 43 44 47 3 2 17 24 22 21 37 36 48 46 50 49
Volta 3: 5 4 1 10 6 8 9 12 15 14 13 16 20 19 18 23 25 26 27 35 33 32 34 39 40 41 44 42 3 2 7 11 24 22 30 28 29 31 37 38 45 43 48 50 47 17 21 36 46
Volta 4: 1 4 10 8 6 14 13 15 16 20 19 18 26 27 32 34 33 39 44 41 42 3 5 2 9 12 11 24 23 25 28 30 29 35 40 38 45 43 47 48 50 7 17 21 22 31 37 36 46
Volta 5: 6 8 13 18 20 19 27 32 39 41 44 42 5 4 1 3 9 10 14 15 16 23 24 29 26 30 34 35 33 43 47 48 2 7 11 12 17 25 21 22 28 37 40 38 45 50 31 36
Volta 6: 6 20 19 27 39 44 1 5 3 10 8 15 14 13 18 16 23 26 33 34 43 41 42 48 47 4 9 11 12 17 24 21 28 29 30 35 38 40 50 2 7 25 22 31 36 37 45
Volta 7: 27 39 5 6 8 10 15 13 18 16 19 20 26 33 43 42 44 1 4 3 9 14 17 23 21 29 34 35 41 48 47 2 7 12 11 24 25 22 30 28 31 38 37 40 50 36
Volta 8: 27 5 10 8 6 15 13 16 19 26 39 44 3 4 1 9 14 17 18 20 23 21 29 33 34 35 41 43 42 47 2 7 12 11 22 25 24 30 28 38 37 40 48 31 36 50
Volta 9: 27 10 8 15 19 39 1 4 5 3 6 13 14 16 18 26 29 35 33 44 41 42 2 9 7 11 12 20 17 21 22 23 28 34 40 37 43 47 48 24 25 30 31 36 38
Volta 10: 27 8 10 19 39 4 1 6 13 15 26 35 44 42 3 5 14 11 16 17 20 18 23 21 29 34 33 37 40 43 41 47 48 2 7 9 12 25 24 22 30 28 31 36 38
Volta 11: 27 10 8 19 39 4 6 15 13 35 44 42 5 1 3 14 11 17 20 18 16 29 26 33 34 37 43 41 47 2 7 12 21 22 23 25 28 30 31 40 48 9 24 36
Volta 12: 10 27 39 4 8 6 15 13 19 44 42 3 1 14 20 16 18 34 35 33 37 43 47 5 11 17 22 23 28 29 26 30 31 40 41 48 2 9 7 12 24 21 25 36
Volta 13: 10 27 39 4 8 42 44 3 6 13 15 16 19 35 33 37 43 47 5 1 14 17 18 20 26 28 30 29 31 34 41 48 2 9 11 24 23 22 25 40 7 12 21
Volta 14: 10 27 39 4 8 3 13 15 19 35 37 44 42 43 47 1 6 14 18 20 16 29 26 30 31 34 33 48 5 9 11 17 25 22 23 28 40 41 2 7 12 21 24
Volta 15: 10 27 39 8 4 15 13 35 43 42 44 47 3 1 6 14 16 18 19 26 30 34 33 37 48 5 9 11 20 17 23 29 28 31 41 7 25 22 40 2 12 21
Volta 16: 27 10 8 39 4 15 47 3 1 6 13 14 19 35 42 44 43 9 17 20 16 18 23 30 29 26 28 31 33 34 37 41 48 5 7 11 22 25 40 2 12 21
Volta 17: 27 10 39 4 8 47 6 14 15 13 35 42 43 3 1 18 20 16 19 23 26 30 28 33 34 37 41 44 48 9 17 22 29 31 5 7 11 12 25 40 2
Volta 18: 27 39 4 10 47 8 6 13 14 15 43 42 3 1 16 18 19 30 28 35 34 44 48 20 17 22 23 29 26 33 31 37 41 5 9 7 25 11 12
Volta 19: 27 39 4 10 13 14 43 47 3 8 6 15 16 19 30 28 35 42 48 1 18 22 23 26 29 34 41 44 5 7 9 20 17 31 33 37 11 25
Volta 20: 27 39 4 10 13 14 43 47 6 19 35 48 1 3 8 15 16 23 22 29 30 28 44 42 41 5 7 9 17 20 18 26 34 37 25 31 33 11
Volta 21: 27 39 13 14 43 47 4 6 10 19 48 3 15 16 22 30 28 29 35 44 42 1 5 7 8 18 20 17 23 26 34 37 41 9 33 31 25
Volta 22: 27 39 14 47 4 6 10 13 43 48 19 30 35 1 3 8 15 20 16 17 23 22 29 28 34 41 44 42 5 7 9 18 26 31 33 37 25
Volta 23: 27 39 47 6 10 14 13 43 4 19 30 35 48 3 20 16 22 28 29 41 44 5 1 9 8 7 15 18 17 23 34 31 37 42 26 33
Volta 24: 27 39 47 6 10 14 13 43 19 30 48 4 3 20 16 29 35 41 5 9 8 15 17 22 23 28 37 44 42 7 18 26 33 34 31
Volta 25: 27 39 6 13 43 47 10 14 19 30 48 4 3 16 35 41 5 8 9 20 22 23 29 28 37 44 7 15 18 17 26 34 33 42
Volta 26: 27 39 6 43 47 10 14 13 19 30 48 4 35 5 3 8 16 20 23 28 29 37 44 41 9 7 15 17 22 34 33 42 18 26
Volta 27: 27 39 43 6 10 14 19 48 47 4 13 30 35 5 3 8 20 16 29 41 7 9 17 22 23 28 34 33 37 44 42 15 18
Volta 28: 27 39 43 10 14 19 47 48 6 13 30 35 4 20 29 41 5 3 9 8 16 22 23 28 34 33 37 7 15 18 17 42 44
Volta 29: 27 39 43 10 14 19 6 35 47 48 13 20 29 30 41 4 5 3 8 16 23 22 34 37 9 7 15 18 17 28 33 42
Volta 30: 27 39 43 10 6 14 19 47 48 13 20 30 29 35 5 4 8 23 22 41 3 18 16 17 28 33 34 37 9 7 42
Volta 31: 27 39 43 10 6 14 19 20 30 29 35 48 47 5 4 8 13 3 16 22 23 28 34 37 41 9 18 17 33 7
Volta 32: 39 43 10 27 19 6 14 20 35 48 47 8 29 30 4 3 5 13 23 22 34 37 41 17 18 16 28 33 7 9
Volta 33: 43 10 27 39 19 6 14 20 47 29 30 35 48 4 5 8 13 23 22 34 3 18 17 16 28 37 41 7 33
Volta 34: 10 39 43 19 27 20 47 6 14 35 48 5 8 13 29 30 34 4 3 16 17 23 22 28 37 18 41 7 33
Volta 35: 10 39 43 19 27 20 47 6 14 35 48 5 13 34 3 4 8 22 23 30 29 28 37 17 16 18 41 7
Volta 36: 10 19 39 43 20 27 6 14 35 47 48 5 34 3 4 8 13 30 29 37 17 23 22 28 16 18 41 7
Volta 37: 10 19 43 27 39 20 47 48 6 14 34 35 3 4 5 8 30 29 13 22 28 37 18 16 17 23 41
Volta 38: 10 19 27 43 20 39 47 48 4 3 5 6 14 30 34 35 8 22 29 13 16 18 23 28 37 17 41
Volta 39: 10 19 27 43 20 39 48 47 4 5 6 14 30 35 34 3 22 8 13 23 29 28 37 18 17 16
Volta 40: 10 19 27 39 43 20 48 6 14 30 35 47 5 4 34 3 8 22 23 28 29 13 18 37 17 16
Volta 41: 10 19 27 43 20 39 48 6 14 35 47 5 4 30 34 8 23 22 29 28 3 13 37 18 17
Volta 42: 10 19 27 43 20 39 48 6 5 14 30 35 47 4 8 23 28 34 3 13 22 29 37 18 17
Volta 43: 10 19 20 27 43 48 39 5 6 14 35 47 8 30 28 4 13 23 22 29 34 37 3 18
Volta 44: 10 19 27 43 20 39 48 5 6 14 35 8 30 28 47 4 13 22 23 29 34 37 3 18
Volta 45: 10 19 43 20 27 39 48 5 6 14 35 8 30 28 47 4 13 22 37 3 23 29 34
Volta 46: 10 19 43 20 6 14 27 35 39 48 5 8 28 30 47 13 3 4 22 23 29 34 37
Volta 47: 10 19 43 6 20 27 14 28 35 39 48 5 8 13 30 47 4 3 22 23 29 34
Volta 48: 10 19 6 27 14 20 28 39 48 8 13 35 3 5 30 47 4 23 22 29 34
Volta 49: 10 19 6 14 27 39 48 8 13 20 28 35 30 47 4 5 3 29 22 23
Volta 50: 10 19 6 27 39 48 8 13 14 28 20 30 35 5 4 47 3 23 22 29
Volta 51: 10 19 6 27 48 8 13 14 28 39 35 4 20 30 47 3 5 23 22
Volta 52: 10 19 27 48 8 6 13 14 28 39 4 20 35 47 5 3 30 23 22
Volta 53: 10 19 8 6 13 27 28 39 48 14 4 35 20 30 47 3 5 23
Volta 54: 10 19 6 13 28 27 48 8 14 39 4 30 35 47 5 20 23 3
Volta 55: 10 19 13 27 28 8 6 39 48 14 4 30 35 5 47 20 23
Volta 56: 19 10 27 28 6 13 48 8 14 39 4 30 35 47 5 20 23
Volta 57: 19 10 27 28 6 8 13 39 48 4 14 35 47 5 20 30
Volta 58: 19 10 27 28 6 13 8 39 48 4 14 20 30 35 47 5
Volta 59: 19 10 27 28 6 8 13 39 48 4 14 30 35 47 20
Volta 60: 19 27 28 6 13 8 39 48 4 14 30 47 20 35
Volta 61: 19 27 28 6 13 8 39 48 4 14 30 47 20
Volta 62: 19 27 28 6 13 39 8 48 4 14 30 47 20
Volta 63: 19 27 28 6 13 8 39 48 4 14 30 47
Volta 64: 19 27 6 28 8 13 39 48 4 14 47 30
Volta 65: 19 27 6 28 8 13 39 4 14 48 47
Volta 66: 19 27 6 28 13 8 14 39 48 4 47
Volta 67: 19 27 6 13 28 8 39 4 14 48
Volta 68: 19 27 6 28 13 8 14 39 48 4
Volta 69: 19 27 6 28 8 13 14 39 48
Volta 70: 19 27 6 28 8 13 39 14 48
Volta 71: 19 27 6 28 39 8 14 13
Volta 72: 19 27 6 28 13 8 14
Volta 73: 19 27 6 28 13 8
Volta 74: 19 27 6 28 13 8
Volta 75: 19 27 6 28 13
Volta 76: 19 27 6 28 13
Volta 77: 19 27 6 28
Volta 78: 19 27 6 28
Volta 79: 19 27 6
Volta 80: 19 27 6

Ranqueamento Final:
1: Ciclista 6 - 15450.18 segundos
2: Ciclista 27 - 15300.66 segundos
3: Ciclista 28 - 15150.66 segundos
4: Ciclista 13 - 15000.30 segundos
5: Ciclista 19 - 14850.42 segundos
6: Ciclista 8 - 14700.18 segundos
7: Ciclista 14 - 14400.30 segundos
8: Ciclista 48 - 13951.14 segundos
9: Ciclista 4 - 13650.06 segundos
10: Ciclista 47 - 13351.14 segundos
11: Ciclista 30 - 13050.66 segundos
12: Ciclista 20 - 12750.42 segundos
13: Ciclista 35 - 12150.78 segundos
14: Ciclista 5 - 11850.06 segundos
15: Ciclista 23 - 11400.54 segundos
16: Ciclista 3 - 11100.06 segundos
17: Ciclista 22 - 10650.54 segundos
18: Ciclista 29 - 10200.66 segundos
19: Ciclista 34 - 9750.78 segundos
20: Ciclista 37 - 9300.90 segundos
21: Ciclista 18 - 9000.42 segundos
22: Ciclista 17 - 8700.42 segundos
23: Ciclista 16 - 8400.42 segundos
24: Ciclista 41 - 7951.02 segundos
25: Ciclista 7 - 7650.18 segundos
26: Ciclista 33 - 7200.78 segundos
27: Ciclista 9 - 6750.18 segundos
28: Ciclista 42 - 6301.02 segundos
29: Ciclista 44 - 5851.02 segundos
30: Ciclista 26 - 5550.66 segundos
31: Ciclista 31 - 5100.78 segundos
32: Ciclista 25 - 4800.54 segundos
33: Ciclista 11 - 4500.30 segundos
34: Ciclista 12 - 4200.06 segundos
35: Ciclista 21 - 3600.54 segundos
36: Ciclista 24 - 3150.54 segundos
37: Ciclista 36 - 2700.90 segundos
38: Ciclista 38 - 2400.90 segundos
39: Ciclista 50 - 1951.14 segundos
40: Ciclista 45 - 1501.02 segundos
41: Ciclista 46 - 1201.14 segundos
42: Ciclista 49 - 601.14 segundos

Ciclista 1 quebrou na volta 24 - 5100.00 segundos
Ciclista 2 quebrou na volta 18 - 4200.00 segundos
Ciclista 10 quebrou na volta 60 - 11100.12 segundos
Ciclista 15 quebrou na volta 30 - 6150.24 segundos
Ciclista 32 quebrou na volta 6 - 1200.72 segundos
Ciclista 39 quebrou na volta 72 - 14250.84 segundos
Ciclista 40 quebrou na volta 18 - 3900.84 segundos
Ciclista 43 quebrou na volta 48 - 9150.96 segundos
