Volta 1: 5 4 3 2 1 8 7 10 6 9 14 11 12 15 13 20 18 16 17 19 25 22 24 23 21 26 30 29 27 28 32 35 34 31 33 40 39 38 37 36 43 41 42 44 45 46 50 49 47 48
Volta 2: 5 3 2 9 10 7 6 8 14 15 11 12 17 19 20 24 21 22 25 23 28 30 31 34 32 33 38 40 42 45 43 44 48 50 46 49 47 4 1 13 18 16 29 26 27 35 37 36 39 41
Volta 3: 2 3 10 7 11 15 14 19 28 30 34 45 42 46 1 5 9 6 8 12 13 18 17 16 20 21 22 23 24 25 27 29 26 31 35 33 32 37 38 39 40 43 44 48 49 47 50 4 36
Volta 4: 2 3 7 10 14 11 19 30 34 45 42 1 5 8 6 15 12 20 18 17 21 25 23 24 29 26 27 28 35 31 33 32 37 39 44 46 50 48 49 47 9 13 16 22 36 40 38 43 4
Volta 5: 3 14 19 34 42 5 2 7 10 11 15 17 18 25 26 30 29 28 32 33 39 37 44 45 46 1 9 8 6 12 13 20 16 24 23 21 22 27 35 31 36 40 43 50 49 48 47 38
Volta 6: 3 14 2 5 10 15 11 19 18 25 29 30 32 33 34 37 45 42 1 9 8 7 12 20 16 17 21 23 28 26 35 31 40 39 36 44 43 46 49 47 50 48 6 13 24 22 27 38
Volta 7: 3 14 5 10 11 18 19 34 42 2 7 9 8 12 15 17 20 23 25 29 26 30 28 32 35 33 31 36 37 45 44 43 46 49 47 1 6 13 16 24 21 27 39 40 50 48 22
Volta 8: 14 3 10 11 34 42 2 5 9 15 18 19 23 30 29 28 31 33 35 37 45 44 49 47 1 6 8 7 12 13 20 16 17 24 21 25 26 32 36 40 43 46 48 50 22 27 39
Volta 9: 3 10 14 11 42 5 2 9 15 19 18 23 28 30 33 34 31 49 1 7 6 13 12 16 17 20 26 29 35 36 37 40 43 45 44 48 47 50 8 21 24 25 27 32 46 22
Volta 10: 10 3 5 9 11 14 18 19 23 33 42 49 1 2 7 6 15 17 26 28 30 29 31 34 37 44 45 43 50 47 48 8 13 12 16 20 21 24 27 32 35 40 36 46 25 22
Volta 11: 10 3 5 9 11 19 49 2 1 7 15 14 18 17 23 28 30 26 33 37 42 48 8 6 12 13 16 20 24 29 32 31 35 34 40 36 45 44 43 46 47 50 21 25 27
Volta 12: 10 1 2 9 7 15 14 11 17 19 26 30 33 42 48 8 12 13 20 18 24 23 29 32 31 34 37 45 44 43 50 47 46 6 16 21 40 36 27
Volta 13: 10 1 2 7 9 11 14 19 17 30 26 33 42 15 13 20 18 23 29 34 37 45 44 48 50 47 8 12 16 21 24 32 31 40 43 46 6 36
Volta 14: 10 7 9 11 17 33 1 2 13 14 15 19 18 23 30 26 34 44 42 48 8 20 29 31 32 37 40 43 45 46 47 50 6 12 16 21 24 36
Volta 15: 10 11 17 2 9 7 14 19 18 23 26 33 42 44 48 1 13 15 20 29 30 34 31 32 40 37 43 45 47 50 8 16 24 21 46 6 12
Volta 16: 10 9 11 17 23 33 44 48 2 1 7 14 13 15 19 18 20 30 26 29 34 37 42 43 45 50 8 24 31 32 40 47 46 12 16 21 6
Volta 17: 10 11 17 23 33 44 48 1 2 9 7 13 18 19 20 30 29 26 34 37 8 15 14 31 32 42 45 43 46 50 12 16 24 21 40 47
Volta 18: 10 11 17 23 1 9 7 13 20 30 26 33 44 48 2 15 19 18 29 34 32 37 43 45 42 50 12 14 21 31 40 47 46 16 24
Volta 19: 10 23 1 7 9 11 13 17 26 30 33 44 48 2 15 18 20 29 32 34 37 42 12 19 21 31 45 43 46 47 50 14 16 40
Volta 20: 10 23 1 7 9 13 11 17 26 30 33 44 2 15 18 20 29 34 32 42 48 31 37 43 45 46 12 14 19 16 21 50 47 40
Volta 21: 10 13 11 23 30 26 33 2 1 7 9 15 20 17 34 44 48 18 29 32 31 43 45 42 12 19 21 37 46 47 14 16 50
Volta 22: 10 23 30 26 1 7 9 11 13 33 34 44 48 2 15 18 17 20 29 31 42 43 12 19 21 32 37 45 46 47 16 50 14
Volta 23: 10 30 26 1 7 13 11 23 34 44 2 9 15 17 33 31 42 48 12 18 20 19 21 29 32 37 45 43 47 16 50 46
Volta 24: 10 30 26 1 13 9 7 15 11 17 23 34 33 42 44 48 19 18 21 29 31 32 37 45 43 47 12 16 20 46 50
Volta 25: 10 26 30 1 13 7 9 11 15 23 34 44 48 17 19 29 32 33 37 42 12 18 20 21 31 45 43 47 16 46
Volta 26: 26 30 1 10 13 11 15 23 34 44 48 7 9 19 33 32 18 20 17 21 29 31 37 42 43 47 12 16 45 46
Volta 27: 26 30 1 10 15 23 44 48 7 9 13 11 19 34 33 18 17 21 29 31 32 37 43 42 47 12 20 45 16
Volta 28: 30 26 1 10 15 23 44 48 13 19 33 34 9 7 11 17 21 31 37 42 43 47 18 20 29 32 45 12 16
Volta 29: 30 26 10 15 44 48 1 19 23 33 9 7 13 17 21 34 31 37 47 11 29 32 43 42 45 20 18 12
Volta 30: 30 26 10 15 44 48 1 19 23 9 13 17 21 34 33 47 7 11 31 32 37 42 43 20 18 29 45 12
Volta 31: 30 10 26 44 15 19 23 48 1 17 33 9 7 11 13 21 32 31 34 37 43 47 29 45 42 20 18
Volta 32: 30 10 26 44 15 48 1 17 19 23 9 7 13 33 32 34 37 43 47 11 21 29 31 45 20 18 42
Volta 33: 10 30 15 26 44 17 48 1 9 7 13 19 23 33 37 11 21 31 32 34 43 47 18 29 45 20
Volta 34: 30 10 15 26 17 44 48 1 13 23 33 9 7 11 19 21 34 32 37 43 47 29 31 20 18 45
Volta 35: 30 15 26 10 17 44 48 1 33 9 11 13 23 21 32 37 43 47 7 19 29 34 31 20 18
Volta 36: 30 26 15 17 44 48 13 11 23 32 33 37 43 47 9 19 21 29 31 7 34 20 18
Volta 37: 30 15 17 26 44 48 23 32 33 47 9 11 13 19 21 29 31 37 43 7 34 20
Volta 38: 30 17 26 44 15 32 47 48 9 13 19 23 29 31 33 37 43 7 11 21 34 20
Volta 39: 30 17 44 15 26 32 47 9 33 37 43 48 11 13 19 21 23 29 31 7 34
Volta 40: 30 17 26 44 15 32 47 9 37 43 48 11 13 19 23 21 29 33 31 7 34
Volta 41: 17 30 44 15 26 32 47 37 43 48 9 19 21 33 31 11 13 23 29 7
Volta 42: 17 30 15 26 44 32 37 47 9 31 43 48 13 11 19 21 23 29 33 7
Volta 43: 17 30 26 44 15 32 37 47 31 43 9 13 19 21 23 33 48 11 29
Volta 44: 17 30 26 15 32 44 31 37 43 47 9 13 48 11 19 21 23 29 33
Volta 45: 17 30 26 32 15 31 37 44 43 47 13 9 19 23 48 11 21 29
Volta 46: 17 30 26 32 15 31 43 44 47 13 37 9 19 23 48 11 21 29
Volta 47: 17 30 26 15 31 32 43 44 47 37 13 19 23 48 9 11 21
Volta 48: 26 17 30 15 31 32 43 47 13 19 23 37 48 9 11 21
Volta 49: 17 26 15 30 32 31 43 13 19 23 37 47 48 9 11
Volta 50: 17 26 15 30 32 31 43 13 23 47 19 37 48 9 11
Volta 51: 17 26 15 30 32 31 43 13 23 47 37 19 48 9
Volta 52: 26 17 30 15 32 31 43 47 13 23 37 19 48 9
Volta 53: 26 17 30 32 43 15 31 13 23 47 19 37 48
Volta 54: 26 17 30 32 43 15 31 23 47 19 37 48
Volta 55: 26 17 30 32 43 15 23 31 47 19 37
Volta 56: 26 32 43 17 30 15 23 31 47 37 19
Volta 57: 26 32 43 17 30 23 15 31 37 47
Volta 58: 26 43 17 30 32 15 23 31 37 47
Volta 59: 26 43 17 30 32 15 23 31 37
Volta 60: 26 43 17 30 32 31 15 23 37
Volta 61: 43 17 26 30 32 15 23 31
Volta 62: 17 43 30 26 32 15 23 31
Volta 63: 17 43 30 26 32 15 23
Volta 64: 17 30 43 26 32 15 23
Volta 65: 17 43 30 32 15 26
Volta 66: 17 43 15 30 26 32
Volta 67: 17 43 26 30 15
Volta 68: 17 30 26 43 15
Volta 69: 17 30 43 26
Volta 70: 30 43 17 26
Volta 71: 30 43 17
Volta 72: 17 30 43
Volta 73: 17 30
Volta 74: 17 30

Ranqueamento Final:
1: Ciclista 30 - 1440.66 segundos
2: Ciclista 17 - 1440.42 segundos
3: Ciclista 43 - 1396.02 segundos
4: Ciclista 26 - 1350.66 segundos
5: Ciclista 15 - 1335.30 segundos
6: Ciclista 32 - 1275.78 segundos
7: Ciclista 23 - 1260.54 segundos
8: Ciclista 31 - 1230.78 segundos
9: Ciclista 37 - 1200.90 segundos
10: Ciclista 47 - 1156.14 segundos
11: Ciclista 19 - 1125.42 segundos
12: Ciclista 48 - 1096.14 segundos
13: Ciclista 9 - 1065.18 segundos
14: Ciclista 11 - 1035.30 segundos
15: Ciclista 21 - 990.54 segundos
16: Ciclista 29 - 945.66 segundos
17: Ciclista 33 - 900.78 segundos
18: Ciclista 7 - 870.18 segundos
19: Ciclista 34 - 855.78 segundos
20: Ciclista 20 - 825.42 segundos
21: Ciclista 18 - 780.42 segundos
22: Ciclista 45 - 721.02 segundos
23: Ciclista 42 - 676.02 segundos
24: Ciclista 12 - 645.30 segundos
25: Ciclista 16 - 600.42 segundos
26: Ciclista 46 - 556.14 segundos
27: Ciclista 50 - 526.14 segundos
28: Ciclista 14 - 495.30 segundos
29: Ciclista 40 - 450.90 segundos
30: Ciclista 24 - 405.54 segundos
31: Ciclista 6 - 375.18 segundos
32: Ciclista 36 - 315.90 segundos
33: Ciclista 27 - 285.66 segundos
34: Ciclista 22 - 255.54 segundos
35: Ciclista 39 - 195.90 segundos
36: Ciclista 38 - 150.90 segundos
37: Ciclista 4 - 120.06 segundos
38: Ciclista 41 - 61.02 segundos

Ciclista 1 quebrou na volta 36 - 705.00 segundos
Ciclista 2 quebrou na volta 24 - 480.00 segundos
Ciclista 3 quebrou na volta 12 - 225.00 segundos
Ciclista 5 quebrou na volta 12 - 225.00 segundos
Ciclista 8 quebrou na volta 18 - 390.12 segundos
Ciclista 10 quebrou na volta 36 - 690.12 segundos
Ciclista 13 quebrou na volta 54 - 1080.24 segundos
Ciclista 25 quebrou na volta 12 - 270.48 segundos
Ciclista 28 quebrou na volta 12 - 240.60 segundos
Ciclista 35 quebrou na volta 12 - 270.72 segundos
Ciclista 44 quebrou na volta 48 - 945.96 segundos
Ciclista 49 quebrou na volta 12 - 241.08 segundos
