Volta 1: 2 5 3 1 4 6 9 10 7 8 11 13 14 12 15 18 17 19 20 16 22 24 21 23 25 30 29 28 27 26 33 32 35 34 31 39 40 36 37 38 42 44 41 45 43 48 46 49 47 50 54 55 53 51 52 59 58 56 60 57 63 64 61 65 62 67 68 70 69 66 71 73 72 75 74 79 76 78 80 77 83 84 85 82 81 87 89 86 88 90 95 91 92 93 94 100 98 99 96 97
Volta 2: 2 4 8 6 10 9 13 11 19 18 16 23 21 25 22 27 26 28 30 29 31 34 33 37 40 36 38 43 41 45 44 49 46 47 48 53 54 52 51 55 59 60 58 56 65 63 64 61 62 68 66 70 67 73 72 71 74 75 76 78 77 80 79 83 81 84 82 87 90 88 89 86 94 92 95 97 100 98 99 96 1 5 3 7 12 14 15 20 17 24 35 32 39 42 50 57 69 85 91 93
Volta 3: 2 6 9 10 13 18 23 22 21 25 27 28 31 33 37 38 36 40 43 45 46 48 53 54 56 59 58 62 65 61 63 68 67 73 72 71 75 74 76 79 80 77 83 81 87 86 88 89 95 94 92 99 5 3 4 7 8 14 15 11 12 19 20 16 24 30 29 26 35 32 34 39 44 42 41 47 49 51 52 55 60 57 64 66 70 69 78 85 84 82 90 91 98 96 97 100 1 17 50
Volta 4: 2 6 9 13 18 25 21 23 22 28 27 33 31 37 40 38 43 48 54 53 59 58 56 65 61 63 62 67 73 74 71 79 76 80 77 81 89 88 86 92 94 95 5 3 4 10 7 12 14 15 19 16 24 30 26 29 32 34 39 36 41 45 44 42 46 47 49 51 52 55 57 60 64 70 68 75 72 78 83 85 82 90 87 91 99 98 97 96 8 11 17 20 35 50 66 69 84 100 1
Volta 5: 9 13 18 25 23 40 37 38 43 48 54 53 56 59 58 63 67 74 73 76 77 86 92 5 2 10 7 6 15 14 12 19 24 21 22 29 27 28 30 31 33 39 36 42 45 44 46 47 51 60 57 64 61 62 65 70 71 75 72 80 79 83 81 89 90 88 95 94 97 99 96 4 3 8 11 20 16 17 26 34 32 35 41 49 55 52 69 68 78 82 85 84 87 91 100 98 50 66
Volta 6: 18 25 40 37 38 43 54 58 56 59 73 76 86 2 6 10 9 7 13 15 21 22 24 23 28 30 27 29 33 31 36 45 47 48 51 53 57 60 64 62 65 61 70 67 75 71 74 77 80 83 88 90 89 92 95 94 97 96 5 14 12 17 19 26 32 34 35 39 44 42 41 49 55 52 69 72 79 81 82 85 87 91 99 100 4 8 11 20 66 84 98 50
Volta 7: 18 38 37 40 54 56 58 86 6 7 15 13 22 23 25 24 30 27 33 36 43 51 53 59 62 67 75 73 71 74 80 77 76 88 95 94 2 5 10 9 12 14 19 17 21 29 26 28 31 34 35 39 42 44 45 47 48 49 52 55 60 57 64 65 61 70 72 79 85 81 83 82 90 89 87 92 91 97 99 96 4 8 11 20 32 41 69 84 100 98 66
Volta 8: 18 40 56 58 6 7 15 13 23 24 22 27 33 37 38 36 43 54 53 51 59 74 75 73 80 76 86 88 94 95 2 10 9 12 14 17 19 21 25 29 28 30 26 35 31 39 45 42 44 48 55 60 57 65 62 64 61 67 70 71 77 79 83 89 90 87 91 92 96 97 5 4 8 20 34 32 41 49 47 52 69 72 81 85 82 99 100 98 11 66 84
Volta 9: 18 56 7 6 13 15 23 24 22 38 40 43 58 74 80 88 86 95 9 10 12 14 19 17 21 26 29 28 30 27 35 33 37 36 54 53 51 55 59 60 65 64 62 67 70 73 71 75 77 76 79 83 89 94 92 97 96 5 2 8 25 34 31 39 42 45 44 48 49 52 57 61 72 81 82 85 87 90 91 98 99 4 11 20 32 41 47 66 69 100
Volta 10: 6 18 22 38 56 58 74 80 86 95 7 10 9 15 12 13 17 19 23 24 21 28 27 29 33 35 36 37 40 43 54 51 53 55 59 62 64 65 67 71 73 77 83 88 97 96 14 26 30 34 31 39 44 42 48 49 52 60 57 61 70 72 75 76 79 81 89 90 87 92 94 91 98 99 2 4 5 8 11 20 25 32 45 41 47 69 66 85 82 100
Volta 11: 6 18 22 56 74 80 95 10 9 12 13 24 29 33 40 38 37 36 43 55 54 58 64 65 67 77 83 86 7 15 19 17 23 21 26 28 27 30 34 35 39 44 42 48 49 51 53 59 60 57 62 73 71 75 79 76 81 88 90 87 92 94 96 97 2 5 8 11 14 25 31 45 41 47 52 61 70 69 66 72 82 85 89 91 99 98 4 20 32
Volta 12: 6 18 22 56 80 10 13 12 24 37 36 38 43 54 65 64 67 74 77 83 86 95 7 9 15 19 17 23 21 29 33 34 35 39 40 42 44 55 53 51 59 60 58 57 75 73 81 90 96 97 2 11 14 25 26 28 27 31 41 48 49 52 62 61 72 76 79 82 88 87 94 91 92 99 4 5 8 20 32 45 47 70 66 69 85 89 98
Volta 13: 18 80 10 6 22 36 38 37 56 65 64 74 77 95 7 9 15 13 12 19 21 24 29 35 33 34 42 43 44 53 54 60 57 67 75 73 83 81 86 90 96 2 14 17 23 28 26 40 39 41 49 55 51 59 58 62 72 76 88 87 91 97 99 5 8 11 25 27 31 48 52 61 70 66 79 82 85 89 94 92 4 20 32 45 47 69
Volta 14: 18 80 22 37 38 36 56 74 10 6 9 7 13 24 21 33 35 34 43 44 54 57 60 65 64 75 73 77 83 81 90 95 96 15 12 14 17 19 28 26 29 39 40 42 41 53 55 58 62 67 72 76 86 97 99 2 5 11 25 23 27 31 48 49 51 59 61 79 85 82 89 87 88 92 94 91 4 8 20 32 45 47 52 70 69 66
Volta 15: 18 80 22 36 37 56 6 10 13 33 35 38 43 54 60 65 74 73 77 81 95 9 7 14 12 19 17 21 24 28 26 29 34 40 42 41 44 57 64 62 67 75 76 83 86 90 96 99 97 2 15 23 25 27 31 39 48 49 53 55 59 58 61 72 79 82 85 89 88 87 92 94 5 4 8 11 20 32 45 47 51 70 69 91 52
Volta 16: 18 80 22 36 37 56 13 35 33 38 54 60 74 77 81 95 6 7 10 9 12 24 21 26 28 34 40 42 43 44 57 65 64 67 75 73 76 83 86 99 96 2 14 15 17 19 25 29 39 41 49 48 55 53 58 61 62 79 90 88 94 97 4 5 11 20 23 27 31 32 45 47 51 59 69 70 72 82 85 89 87 91 92 8 52
Volta 17: 80 18 37 56 22 35 36 54 77 81 7 10 6 9 13 24 33 38 40 43 44 42 60 65 67 73 74 75 76 83 95 99 2 15 14 12 19 25 21 28 26 29 34 41 49 53 55 58 57 64 61 62 79 86 90 88 96 97 17 23 27 32 31 39 48 47 51 59 69 70 72 85 87 94 92 5 4 8 11 20 45 82 89 91
Volta 18: 80 18 37 56 54 77 81 6 7 9 22 35 36 40 44 60 74 76 83 95 2 10 12 19 24 25 29 26 33 34 38 43 42 55 53 57 65 62 64 61 67 73 75 79 90 86 88 96 97 15 14 23 21 27 31 39 41 48 47 49 59 58 70 69 72 87 94 5 4 11 20 17 32 45 51 85 82 89 91 8
Volta 19: 37 56 80 18 81 6 7 22 35 36 44 54 60 76 77 9 19 25 24 34 38 40 43 55 61 65 62 67 74 83 86 88 95 96 2 10 15 12 21 27 29 26 33 39 41 42 48 49 53 58 59 57 64 73 75 79 90 94 97 5 4 11 14 17 20 23 31 47 51 69 70 72 82 89 87 91 32 45 85
Volta 20: 37 56 80 7 18 35 54 60 77 81 9 6 19 25 22 40 36 44 43 55 67 74 76 83 95 96 10 12 15 24 29 27 26 33 34 39 38 42 53 58 62 65 61 73 75 79 88 90 86 94 2 5 4 14 17 20 23 21 31 41 48 47 49 59 57 64 69 72 87 91 97 11 32 51 70 85 82 89 45
Volta 21: 37 56 80 7 18 77 81 19 35 36 44 43 54 60 67 74 83 9 10 6 22 25 24 26 29 27 34 40 39 38 42 55 53 58 65 62 73 75 79 76 86 88 95 94 96 5 2 15 12 17 20 23 21 33 31 48 49 47 57 59 64 61 69 72 87 90 91 4 14 11 32 41 70 85 82 97 51 89
Volta 22: 37 56 80 81 7 19 18 35 36 44 54 60 74 77 83 6 10 22 24 25 26 27 40 42 43 53 55 58 62 67 75 76 86 88 95 94 96 5 9 12 15 20 17 29 34 33 38 39 49 47 59 61 65 64 69 73 72 79 90 87 4 2 14 11 23 21 31 41 48 57 70 82 85 91 32 51 89 97
Volta 23: 37 80 56 81 7 18 19 36 44 54 74 77 10 6 25 26 27 35 55 53 60 58 76 83 88 86 94 96 15 20 22 24 29 34 40 42 43 49 59 62 64 65 67 69 72 75 79 87 90 95 5 4 9 14 12 17 21 23 33 39 38 41 47 57 61 73 82 91 2 11 31 32 48 51 70 85 89
Volta 24: 37 56 81 7 18 54 74 77 6 19 26 35 36 44 53 60 58 76 88 94 96 10 15 20 24 27 40 42 43 49 59 64 65 69 67 72 79 83 86 5 4 12 14 17 22 23 34 39 38 47 62 75 73 82 87 90 95 2 9 11 21 33 31 41 48 57 61 70 91 51 85 89
Volta 25: 37 18 54 56 74 81 7 19 26 36 44 53 60 58 76 77 88 94 10 6 15 27 35 59 64 69 67 72 83 86 96 4 14 12 17 20 22 23 24 34 40 39 43 42 49 47 65 62 73 75 79 82 87 90 95 2 5 9 33 31 38 41 57 61 70 91 11 21 48 51 85
Volta 26: 37 54 56 74 81 7 18 36 44 58 88 6 15 19 27 26 35 53 59 60 64 69 67 77 76 86 94 4 10 12 20 24 23 34 39 40 42 49 65 62 73 72 75 83 82 90 95 96 5 9 14 17 22 33 38 43 47 57 70 79 87 91 2 11 31 41 48 51 61 85 21
Volta 27: 37 74 81 7 44 54 58 56 88 6 19 18 26 27 36 53 60 59 64 69 76 77 10 15 20 23 34 35 39 40 42 49 65 67 82 83 86 94 96 5 4 9 14 12 17 24 22 47 62 70 73 75 72 79 90 87 95 91 33 31 38 41 43 51 57 61 85 2 11 48
Volta 28: 37 81 7 44 54 58 74 88 6 18 36 56 59 64 69 76 10 15 19 20 23 27 26 35 34 39 42 53 60 65 67 77 83 86 94 96 4 5 12 14 24 40 49 62 72 73 82 87 90 9 17 22 33 31 38 43 47 51 57 61 70 75 79 85 95 91 2 11 41 48
Volta 29: 37 81 7 58 88 6 18 44 54 56 59 64 74 10 15 19 20 23 26 27 35 34 39 36 42 53 60 69 77 76 83 94 4 5 12 14 65 67 73 72 86 90 96 9 17 24 31 40 38 43 47 49 51 62 61 75 79 85 82 87 95 2 22 33 41 57 70 91 11
Volta 30: 37 7 18 44 54 56 59 58 88 10 6 15 23 35 34 39 36 53 60 64 74 77 76 83 94 4 12 19 20 26 27 42 65 69 67 72 86 90 96 5 9 14 17 24 31 40 49 51 62 61 73 82 85 87 95 22 33 38 43 47 57 70 75 79 91 2 11 41
Volta 31: 37 7 18 44 56 88 10 6 23 34 36 54 53 58 59 60 64 74 77 76 83 15 12 20 26 27 35 39 42 65 67 69 90 86 94 96 5 4 14 19 17 24 31 51 62 73 72 9 22 40 38 43 47 49 57 61 75 85 82 87 95 2 33 70 79 91 11
Volta 32: 37 7 18 44 56 88 10 34 36 54 58 59 60 76 83 6 12 15 20 23 27 35 39 42 53 65 64 74 77 90 86 94 4 5 14 19 17 26 31 51 67 69 72 73 96 24 38 40 43 57 61 62 82 85 87 95 2 9 22 33 47 49 75 79 11 70 91
Volta 33: 37 7 18 44 88 10 34 54 59 56 60 83 6 15 23 27 35 36 53 58 65 74 76 77 86 90 94 4 5 14 12 20 26 31 39 42 51 64 69 67 73 17 19 24 40 38 43 57 61 62 72 85 82 95 96 2 33 49 75 79 87 9 22 47 70 11
Volta 34: 37 7 10 18 44 59 56 60 83 88 34 36 54 53 58 77 76 86 90 94 4 6 15 14 12 20 23 26 27 31 35 39 42 65 67 69 74 73 5 17 40 43 51 57 61 62 64 72 82 85 95 19 24 33 38 49 75 79 87 96 2 9 22 47 70 11
Volta 35: 7 37 10 18 59 56 83 88 36 44 53 54 58 60 76 77 90 94 4 6 12 15 14 20 23 27 34 35 39 42 65 67 73 74 86 5 17 26 31 40 43 51 57 62 69 72 85 95 24 38 61 64 75 82 2 9 19 22 33 47 49 70 79 87 96
Volta 36: 7 37 10 18 56 59 83 44 53 54 60 58 88 90 94 6 14 12 20 27 35 34 36 39 65 73 76 86 5 4 15 23 26 31 43 42 51 57 62 67 69 74 72 85 95 24 38 40 61 64 82 2 19 22 33 47 75 79 87 9 49 70 96
Volta 37: 7 37 10 56 59 18 44 54 53 60 58 83 90 88 94 6 14 20 27 35 39 65 73 76 86 4 15 12 23 26 34 36 43 51 62 67 74 85 95 5 24 31 38 42 57 69 72 82 40 64 61 87 2 19 22 33 49 47 70 75 79 9
Volta 38: 7 37 56 10 53 60 59 88 90 94 6 14 18 27 35 44 54 58 65 76 83 86 4 15 12 20 36 39 43 62 67 73 85 95 5 24 23 26 34 31 38 42 51 57 69 74 72 82 40 61 2 19 22 33 49 64 70 79 87 9 47 75
Volta 39: 7 56 10 37 60 90 88 6 27 44 53 58 59 65 76 83 86 94 4 14 18 35 39 36 54 62 67 73 95 5 15 12 20 23 26 31 34 38 43 51 69 74 85 82 24 40 42 57 72 2 19 49 64 61 70 87 9 22 33 47 79
Volta 40: 7 56 10 37 88 90 27 44 53 59 60 65 76 83 86 94 4 6 18 35 36 54 58 67 5 15 12 14 34 39 38 43 51 62 69 73 74 85 82 95 20 23 24 26 31 42 57 72 40 61 87 2 9 19 22 33 47 49 64 70 79
Volta 41: 7 56 88 10 37 44 59 76 86 90 6 18 27 35 36 54 53 60 65 83 94 4 5 12 15 38 39 58 62 67 74 73 85 14 24 31 34 43 42 51 69 82 95 20 23 26 40 57 72 2 22 49 61 70 87 9 19 33 47 64
Volta 42: 7 88 10 37 44 56 76 90 6 27 36 53 54 59 60 65 86 5 15 18 58 62 73 85 83 94 4 12 14 34 38 39 67 69 82 95 20 24 23 26 31 43 51 72 2 22 40 49 57 87 9 19 33 64 61 70 47
Volta 43: 88 7 10 37 44 56 76 90 6 27 36 54 65 86 5 15 18 53 60 59 73 83 94 4 14 12 34 39 38 58 62 69 67 85 20 24 26 43 51 82 95 2 23 31 57 72 19 22 33 40 49 64 61 70 87 9
Volta 44: 88 7 37 44 56 76 90 10 27 36 65 86 5 6 15 18 54 53 59 73 94 4 12 34 38 58 60 62 67 83 14 26 39 43 69 85 2 20 23 24 31 51 57 82 95 22 40 49 64 72 87 9 19 33 61 70
Volta 45: 37 44 76 88 90 7 10 36 56 65 86 5 6 15 27 54 53 59 94 4 12 18 58 60 62 67 73 83 14 34 38 39 69 85 2 20 23 26 43 82 95 24 22 31 49 51 57 87 19 33 40 64 72 9 61
Volta 46: 44 88 90 7 10 36 37 56 65 76 86 15 27 53 94 5 6 54 58 59 62 67 83 4 14 12 18 39 38 60 69 73 85 20 34 43 82 95 2 23 24 26 31 49 51 57 87 19 22 33 40 64 72 9 61
Volta 47: 44 10 37 36 65 76 90 88 7 15 53 56 86 94 5 6 27 54 67 83 4 18 38 59 58 62 69 73 85 14 12 34 39 60 82 2 20 23 43 49 51 57 87 95 22 24 26 31 40 64 72 9 19 33
Volta 48: 37 44 65 88 90 10 7 15 36 53 56 76 86 6 27 67 83 4 5 18 54 59 58 62 69 73 14 12 34 39 38 85 2 23 49 82 87 95 20 22 24 31 40 51 57 64 26 33 72 9
Volta 49: 44 90 88 7 10 37 36 53 65 76 15 56 83 86 4 5 6 27 54 58 59 62 67 69 12 18 34 38 73 85 14 23 39 49 82 2 20 22 31 40 57 87 95 24 26 33 51 64 72
Volta 50: 44 90 10 37 53 65 76 88 7 15 36 56 83 86 4 6 27 54 58 59 62 69 67 5 12 18 38 14 34 39 49 73 82 85 2 22 23 40 87 95 20 26 31 33 51 57 64 72 24
Volta 51: 44 90 53 65 76 88 10 7 37 56 86 4 6 15 36 58 69 67 83 5 18 27 38 54 59 62 12 34 39 73 85 14 49 82 87 95 2 20 23 22 31 33 40 51 57 26 64 72
Volta 52: 44 90 76 88 7 10 37 53 56 65 86 4 15 36 58 83 6 18 62 69 67 5 12 27 34 39 38 54 59 14 49 73 82 85 95 2 20 23 22 31 40 51 57 87 26 33 64 72
Volta 53: 90 44 10 37 53 56 65 76 88 4 7 36 58 83 86 6 15 62 67 5 12 18 27 34 38 39 54 59 69 49 73 85 95 2 14 20 22 23 31 40 57 82 33 51 64 87 26
Volta 54: 90 44 10 37 53 56 76 88 4 7 83 36 58 62 67 86 6 12 15 18 27 39 54 69 5 34 38 59 85 95 2 14 22 73 20 23 31 33 40 51 57 64 82 87 26
Volta 55: 90 44 37 53 76 88 4 10 56 7 36 58 83 6 12 15 18 62 67 86 5 27 39 38 54 59 69 85 2 34 73 95 14 22 31 40 51 57 82 87 20 23 33 64
Volta 56: 44 90 37 53 4 56 76 88 10 7 36 58 83 12 62 86 5 6 15 18 27 54 67 69 85 2 34 38 39 59 95 14 22 31 51 57 73 82 87 20 23 33 40 64
Volta 57: 44 90 37 53 56 88 4 7 10 36 76 83 12 58 62 86 6 15 18 27 2 5 38 54 59 67 69 85 95 14 22 34 39 51 57 73 82 87 20 31 40 23 33
Volta 58: 44 37 53 56 88 90 4 10 7 83 12 36 62 76 6 58 86 2 5 15 18 27 38 69 85 14 22 34 54 51 59 67 82 87 95 20 31 39 57 73 23 40 33
Volta 59: 44 90 7 37 53 56 83 88 4 10 36 76 6 12 58 62 86 5 15 18 27 38 69 85 2 14 22 34 54 59 67 82 95 20 39 51 57 87 23 31 40 73
Volta 60: 44 90 37 53 56 88 4 7 10 36 76 83 6 62 86 12 15 27 38 58 69 85 5 2 18 34 67 14 20 22 39 54 51 59 82 87 95 23 31 57 40 73
Volta 61: 44 90 53 4 37 36 56 76 83 88 6 7 10 62 86 12 15 27 58 69 2 18 34 38 85 5 14 20 51 54 67 82 87 95 23 22 31 39 57 59 40
Volta 62: 44 90 4 36 37 53 56 10 6 62 76 83 88 7 12 27 69 86 15 18 34 38 58 85 2 5 20 51 67 82 87 95 14 22 31 39 54 59 57 23 40
Volta 63: 44 90 36 37 53 4 10 56 76 83 88 6 7 27 62 69 86 15 12 18 34 38 85 5 20 58 82 2 22 31 54 51 57 67 87 95 14 23 39 59
Volta 64: 44 90 37 36 4 53 76 88 10 7 6 27 56 62 69 83 12 18 34 38 85 86 5 15 20 2 22 31 58 67 82 87 95 14 39 54 51 59 57 23
Volta 65: 37 44 90 4 36 76 88 7 6 10 27 53 69 12 18 38 56 62 83 86 5 15 34 85 2 20 31 58 82 87 95 14 22 39 51 54 57 67 59
Volta 66: 37 44 90 4 36 76 88 7 10 53 69 6 27 56 62 83 5 15 12 18 38 85 86 20 31 82 95 2 14 22 39 54 58 67 87 51 59 57
Volta 67: 44 90 4 37 36 76 88 7 53 69 10 6 27 56 62 5 15 18 38 83 86 12 31 85 82 14 20 22 54 67 87 95 2 39 51 58 59
Volta 68: 36 37 44 76 88 90 4 7 53 6 10 27 56 69 5 15 38 62 83 12 18 85 86 20 22 31 54 82 95 14 39 51 58 59 67 87 2
Volta 69: 44 76 88 4 36 37 53 90 10 7 27 56 69 5 6 12 15 18 38 62 83 85 86 20 22 31 54 82 95 14 58 67 39 51 59 87
Volta 70: 76 4 37 44 53 90 88 10 27 36 5 7 6 56 69 15 12 62 83 20 18 22 31 38 54 82 85 86 95 14 58 67 39 51 59 87
Volta 71: 76 44 53 88 90 4 10 27 36 37 5 69 6 7 15 12 56 62 83 18 31 54 82 85 86 20 22 38 58 67 95 14 39 59 51
Volta 72: 76 53 4 36 44 90 88 5 69 6 7 15 56 12 82 83 85 86 18 20 22 31 54 58 95 14 59 67 39
Volta 73: 53 76 4 36 44 90 88 5 15 56 69 6 7 12 83 82 86 22 54 85 14 20 18 31 58 59 67 95
Volta 74: 76 36 44 53 88 90 5 4 56 69 6 7 15 82 83 12 85 86 14 18 22 31 54 58 67 95 20 59
Volta 75: 36 53 76 5 44 88 90 4 56 69 15 82 6 7 12 85 83 14 22 31 58 67 86 95 20 18 54
Volta 76: 36 53 5 44 76 90 88 4 56 69 15 82 7 6 12 83 85 14 22 67 86 95 18 20 31 54 58
Volta 77: 36 53 5 44 76 90 4 69 88 56 15 12 83 82 6 7 14 22 67 85 86 18 31 54 95 20
Volta 78: 36 53 76 90 4 5 44 69 88 56 82 7 6 15 12 67 14 22 31 54 85 86 95 20 18
Volta 79: 36 53 76 5 44 69 90 4 88 56 6 12 15 67 82 7 22 85 86 14 20 31 54 95
Volta 80: 36 53 5 44 69 76 90 4 88 56 6 12 7 15 22 67 82 85 14 20 31 86 95 54
Volta 81: 36 53 44 69 90 5 76 88 4 12 56 6 22 67 82 7 14 15 20 31 85 86 95
Volta 82: 36 53 44 69 76 88 90 4 5 12 6 22 56 67 7 15 31 82 85 86 95 14 20
Volta 83: 36 44 53 69 88 90 5 4 76 12 6 56 67 7 15 22 85 86 95 14 31 82
Volta 84: 36 53 44 69 88 76 90 5 4 12 6 67 22 56 85 7 15 31 82 86 95 14
Volta 85: 53 36 44 69 88 5 12 76 90 4 67 6 22 56 7 15 85 82 86 95 31
Volta 86: 53 69 36 44 88 12 90 4 5 67 76 6 22 56 15 82 86 95 7 31 85
Volta 87: 53 36 44 69 88 12 90 5 67 76 4 6 22 56 86 95 7 15 82 31
Volta 88: 53 36 69 88 12 44 90 5 4 6 22 67 76 56 95 7 15 82 86 31
Volta 89: 36 53 88 44 69 5 12 90 4 22 67 76 6 15 56 86 95 7 82
Volta 90: 36 88 53 69 12 44 90 4 6 22 67 76 15 7 56 82 86 95
Volta 91: 36 88 69 12 53 90 44 4 22 76 6 15 67 7 56 86 82
Volta 92: 88 36 53 69 90 12 44 4 22 76 6 15 67 56 86 7 82
Volta 93: 88 36 69 12 53 90 22 44 76 4 6 15 67 86 56 7
Volta 94: 88 36 69 53 90 12 22 44 4 6 15 76 67 86 56 7
Volta 95: 88 36 53 69 44 90 4 6 15 12 22 76 67 86 56
Volta 96: 88 36 53 69 90 4 15 12 22 44 6 67 86 56
Volta 97: 88 36 53 69 90 12 22 44 4 6 15 67 86
Volta 98: 88 36 53 69 12 22 44 90 4 6 15 67 86
Volta 99: 88 36 53 69 12 22 44 90 4 6 15 67
Volta 100: 88 53 69 36 44 4 12 22 90 6 15 67
Volta 101: 88 53 69 36 44 4 12 22 90 6 15
Volta 102: 88 69 53 4 36 44 90 6 12 22 15
Volta 103: 88 69 53 44 4 6 12 22 36 90
Volta 104: 88 69 53 4 6 44 90 12 22 36
Volta 105: 88 69 53 6 44 90 4 12 22
Volta 106: 88 69 53 44 90 6 4 12 22
Volta 107: 88 69 53 90 6 44 12 4
Volta 108: 88 69 53 6 44 12 4
Volta 109: 88 69 53 6 44 12
Volta 110: 88 69 53 6 44 12
Volta 111: 88 69 6 53 44
Volta 112: 88 69 53 6 44
Volta 113: 88 69 6 53
Volta 114: 88 69 6 53
Volta 115: 88 6 69
Volta 116: 88 6 69
Volta 117: 88 6
Volta 118: 88 6

Ranqueamento Final:
1: Ciclista 6 - 2265.18 segundos
2: Ciclista 88 - 2237.10 segundos
3: Ciclista 69 - 2236.62 segundos
4: Ciclista 53 - 2206.26 segundos
5: Ciclista 44 - 2176.02 segundos
6: Ciclista 12 - 2160.30 segundos
7: Ciclista 4 - 2130.06 segundos
8: Ciclista 22 - 2085.54 segundos
9: Ciclista 36 - 2040.90 segundos
10: Ciclista 15 - 2010.30 segundos
11: Ciclista 67 - 1966.62 segundos
12: Ciclista 86 - 1952.10 segundos
13: Ciclista 56 - 1921.38 segundos
14: Ciclista 7 - 1890.18 segundos
15: Ciclista 82 - 1861.98 segundos
16: Ciclista 95 - 1802.22 segundos
17: Ciclista 31 - 1770.78 segundos
18: Ciclista 85 - 1726.98 segundos
19: Ciclista 14 - 1695.30 segundos
20: Ciclista 20 - 1650.42 segundos
21: Ciclista 54 - 1621.26 segundos
22: Ciclista 18 - 1575.42 segundos
23: Ciclista 58 - 1531.38 segundos
24: Ciclista 59 - 1501.38 segundos
25: Ciclista 39 - 1471.26 segundos
26: Ciclista 87 - 1427.10 segundos
27: Ciclista 2 - 1395.06 segundos
28: Ciclista 57 - 1351.38 segundos
29: Ciclista 23 - 1320.54 segundos
30: Ciclista 40 - 1275.90 segundos
31: Ciclista 73 - 1246.74 segundos
32: Ciclista 33 - 1215.78 segundos
33: Ciclista 64 - 1171.50 segundos
34: Ciclista 26 - 1125.66 segundos
35: Ciclista 72 - 1081.74 segundos
36: Ciclista 24 - 1050.54 segundos
37: Ciclista 9 - 1020.42 segundos
38: Ciclista 61 - 976.50 segundos
39: Ciclista 70 - 931.62 segundos
40: Ciclista 47 - 901.14 segundos
41: Ciclista 79 - 841.86 segundos
42: Ciclista 75 - 811.74 segundos
43: Ciclista 96 - 767.34 segundos
44: Ciclista 11 - 735.30 segundos
45: Ciclista 91 - 692.22 segundos
46: Ciclista 41 - 646.02 segundos
47: Ciclista 48 - 601.14 segundos
48: Ciclista 21 - 570.54 segundos
49: Ciclista 89 - 527.10 segundos
50: Ciclista 97 - 482.34 segundos
51: Ciclista 45 - 451.02 segundos
52: Ciclista 8 - 405.18 segundos
53: Ciclista 52 - 376.26 segundos
54: Ciclista 66 - 316.62 segundos
55: Ciclista 98 - 272.34 segundos
56: Ciclista 100 - 227.34 segundos
57: Ciclista 84 - 196.98 segundos
58: Ciclista 50 - 166.14 segundos
59: Ciclista 1 - 120.06 segundos
60: Ciclista 93 - 62.22 segundos

Ciclista 3 quebrou na volta 6 - 135.00 segundos
Ciclista 5 quebrou na volta 90 - 1740.00 segundos
Ciclista 10 quebrou na volta 72 - 1395.12 segundos
Ciclista 13 quebrou na volta 18 - 345.24 segundos
Ciclista 16 quebrou na volta 6 - 135.36 segundos
Ciclista 17 quebrou na volta 36 - 720.36 segundos
Ciclista 19 quebrou na volta 48 - 1020.36 segundos
Ciclista 25 quebrou na volta 24 - 465.48 segundos
Ciclista 27 quebrou na volta 72 - 1380.60 segundos
Ciclista 28 quebrou na volta 18 - 375.60 segundos
Ciclista 29 quebrou na volta 24 - 480.60 segundos
Ciclista 30 quebrou na volta 12 - 240.60 segundos
Ciclista 32 quebrou na volta 24 - 510.72 segundos
Ciclista 34 quebrou na volta 66 - 1305.72 segundos
Ciclista 35 quebrou na volta 42 - 825.72 segundos
Ciclista 37 quebrou na volta 72 - 1380.84 segundos
Ciclista 38 quebrou na volta 72 - 1440.84 segundos
Ciclista 42 quebrou na volta 42 - 840.96 segundos
Ciclista 43 quebrou na volta 48 - 975.96 segundos
Ciclista 46 quebrou na volta 6 - 121.08 segundos
Ciclista 49 quebrou na volta 54 - 1081.08 segundos
Ciclista 51 quebrou na volta 72 - 1471.20 segundos
Ciclista 55 quebrou na volta 24 - 481.20 segundos
Ciclista 60 quebrou na volta 48 - 961.32 segundos
Ciclista 62 quebrou na volta 72 - 1426.44 segundos
Ciclista 63 quebrou na volta 6 - 106.44 segundos
Ciclista 65 quebrou na volta 54 - 1021.44 segundos
Ciclista 68 quebrou na volta 6 - 136.56 segundos
Ciclista 71 quebrou na volta 12 - 241.68 segundos
Ciclista 74 quebrou na volta 42 - 826.68 segundos
Ciclista 76 quebrou na volta 96 - 1891.80 segundos
Ciclista 77 quebrou na volta 36 - 691.80 segundos
Ciclista 78 quebrou na volta 6 - 136.80 segundos
Ciclista 80 quebrou na volta 24 - 436.80 segundos
Ciclista 81 quebrou na volta 30 - 541.92 segundos
Ciclista 83 quebrou na volta 78 - 1546.92 segundos
Ciclista 90 quebrou na volta 108 - 2087.04 segundos
Ciclista 92 quebrou na volta 18 - 377.16 segundos
Ciclista 94 quebrou na volta 48 - 917.16 segundos
Ciclista 99 quebrou na volta 18 - 347.28 segundos
