Volta 1: 2 3 4 5 1 8 6 7 10 9 15 12 11 14 13 17 18 19 20 16 22 21 25 23 24 26 30 28 27 29 33 35 34 31 32 40 36 39 38 37 41 45 42 44 43 47 49 48 46 50 51 52 53 54 55 57 58 56 60 59 62 61 63 65 64 67 68 70 69 66 75 73 74 71 72 80 76 77 78 79 83 82 84 81 85 90 89 87 88 86 94 92 93 95 91 98 99 97 96 100
Volta 2: 3 1 2 5 8 9 7 10 15 13 20 16 17 18 19 22 24 28 26 29 30 32 33 31 35 36 37 39 45 43 42 41 46 50 48 49 47 53 52 54 51 55 57 56 59 60 62 64 63 61 65 67 70 66 68 73 72 71 77 80 78 85 82 84 81 89 92 94 93 95 91 98 97 96 100 99 4 6 11 14 12 25 21 23 27 34 40 38 44 58 69 75 74 79 76 83 86 90 88 87
Volta 3: 3 5 9 7 10 8 15 18 19 16 24 28 26 31 37 36 42 41 46 53 52 54 60 56 57 63 65 68 66 71 78 80 85 81 82 89 94 91 95 93 98 96 97 100 1 4 2 6 13 12 11 17 20 22 23 21 25 30 29 35 34 33 32 39 38 40 45 44 43 47 49 48 50 55 51 58 59 61 62 64 70 67 72 73 77 79 76 84 83 86 90 88 92 99 14 27 69 75 74
Volta 4: 3 7 9 16 19 24 28 26 36 41 60 57 65 66 71 78 80 82 85 81 89 93 91 95 98 97 5 2 1 6 8 10 12 11 15 13 20 18 22 21 25 29 30 34 31 35 32 40 39 37 43 45 42 44 48 49 47 46 50 53 55 54 52 56 64 63 68 70 72 73 77 79 76 84 88 90 94 100 96 4 14 17 23 33 38 51 58 59 61 62 69 67 74 75 83 86 92 99 27
Volta 5: 3 16 24 41 57 65 78 81 85 89 95 91 93 97 2 5 1 6 9 7 10 15 12 11 20 18 19 25 22 26 28 31 32 34 39 37 36 43 42 44 47 50 46 48 49 54 55 53 52 56 60 64 66 68 70 72 73 71 77 80 84 82 94 98 4 8 14 13 17 23 21 29 30 33 35 40 45 51 58 59 63 62 61 67 69 74 75 79 76 83 88 86 90 92 100 96 38 99
Volta 6: 16 41 81 89 93 3 2 1 6 7 9 18 19 25 28 26 32 36 39 43 42 50 49 55 52 53 56 57 60 64 65 66 70 68 71 77 80 82 85 94 97 98 5 4 10 11 12 14 13 17 20 22 23 21 30 29 35 31 37 45 46 47 48 54 61 62 63 67 74 72 73 79 76 83 84 86 88 90 96 100 8 33 38 40 51 58 69 75 92 99
Volta 7: 41 89 93 2 3 9 7 16 18 28 32 43 42 49 52 60 57 56 64 70 77 85 81 98 5 4 1 6 12 11 19 20 17 22 25 23 21 26 29 31 36 39 37 45 46 50 48 55 53 65 61 62 63 68 67 66 74 71 73 72 80 84 82 86 88 90 94 100 97 96 10 8 14 13 30 33 35 38 47 51 54 58 69 79 76 83 92 40 75
Volta 8: 41 89 93 2 9 18 16 42 52 60 57 56 64 70 81 85 3 5 7 6 12 19 25 21 22 26 28 29 32 36 39 43 45 49 50 48 55 53 61 63 68 66 73 74 77 80 82 90 88 98 97 1 4 8 11 14 13 20 17 23 31 37 47 46 51 54 65 62 67 69 71 72 79 76 83 84 86 92 94 100 96 10 30 35 33 38 40 58 75
Volta 9: 89 93 9 18 16 42 41 57 60 56 81 85 5 3 2 12 22 26 28 29 32 39 43 45 50 48 53 52 64 66 70 68 74 77 80 82 88 90 98 97 1 7 6 14 13 11 20 17 19 21 25 31 37 36 46 49 51 55 61 63 65 67 71 73 72 76 84 83 86 94 92 96 100 4 10 8 23 30 33 35 47 54 58 62 69 79 38 40
Volta 10: 89 93 9 16 18 42 41 60 57 81 85 2 3 22 32 39 45 50 48 56 68 66 70 77 80 82 90 98 97 5 1 7 12 11 14 19 25 26 28 29 31 37 36 43 49 46 53 51 52 64 61 67 71 73 72 74 76 86 88 92 100 4 10 8 6 13 17 20 23 21 30 33 35 47 55 54 63 65 62 79 84 83 94 96 38 58 69 40
Volta 11: 89 93 16 42 41 57 85 81 3 2 9 18 22 45 48 60 56 68 80 82 90 98 97 1 5 12 11 14 19 25 28 31 32 36 37 39 43 50 53 52 64 61 70 66 73 74 71 72 76 77 86 88 4 8 6 7 10 13 20 17 21 26 30 29 35 47 46 49 51 54 65 63 62 67 79 83 84 92 96 100 23 33 38 55 58 69 94
Volta 12: 89 16 41 57 81 93 2 9 18 42 45 56 68 80 85 90 98 3 12 19 25 22 28 39 48 50 53 52 60 64 72 77 82 88 97 4 1 5 10 6 8 14 11 13 17 20 26 30 32 37 36 43 46 49 51 54 61 62 63 70 66 73 74 71 79 76 86 92 100 96 7 21 23 33 35 38 47 58 65 67 84 83 94 55 69
Volta 13: 89 16 41 81 93 2 9 18 45 42 57 56 80 85 3 12 19 22 50 52 53 64 68 72 77 90 88 97 98 4 5 1 10 8 6 14 11 20 17 25 26 28 30 32 37 36 39 43 49 48 51 60 63 61 70 66 71 74 76 79 82 86 100 96 7 13 21 35 38 47 46 54 58 62 67 73 84 92 94 23 33 55 65 83
Volta 14: 89 81 93 16 41 42 56 57 80 2 3 9 18 22 45 50 53 72 85 88 97 98 1 4 8 10 14 12 11 19 20 17 25 32 36 39 49 48 52 51 60 61 64 63 68 66 70 76 79 77 82 86 90 100 5 6 21 28 30 26 35 37 38 43 46 47 54 62 74 71 92 94 96 7 13 23 33 55 58 65 67 73 84 83
Volta 15: 81 89 16 42 41 57 80 93 2 9 18 45 56 72 85 88 98 1 3 8 11 12 14 19 20 22 25 32 39 36 50 51 53 52 64 61 63 68 66 77 90 86 100 97 5 4 6 10 17 21 26 30 28 38 37 43 48 46 49 54 60 62 70 71 74 76 79 82 92 94 96 7 23 33 35 47 65 67 84 13 55 58 73
Volta 16: 81 89 16 41 57 93 2 18 42 56 72 80 88 98 1 3 8 9 12 22 32 39 45 50 52 51 53 61 64 77 85 90 86 97 5 4 14 11 19 20 25 21 26 30 28 36 37 48 46 54 60 63 66 68 70 74 71 82 92 94 96 100 10 6 17 23 35 38 43 47 49 65 62 67 79 76 7 13 33 55 58 73 84
Volta 17: 89 57 81 93 2 18 16 42 41 56 80 98 1 8 9 12 22 45 52 64 72 77 85 88 97 5 3 14 11 20 21 28 32 36 39 46 50 48 53 51 54 61 68 70 66 74 71 90 86 100 4 6 10 19 25 26 30 35 37 38 43 47 49 60 62 63 65 67 79 76 82 94 92 96 7 13 17 23 33 55 58 73
Volta 18: 89 57 81 2 16 18 41 42 80 93 98 1 8 9 22 56 64 72 85 88 5 12 21 28 46 48 53 54 52 61 70 66 71 77 86 90 100 97 3 4 14 19 20 25 26 30 32 35 39 36 37 50 49 60 63 67 74 76 92 94 96 6 10 13 17 33 38 43 47 55 58 65 62 79 82 7 73
Volta 19: 81 89 2 16 57 80 98 1 18 22 41 42 56 88 93 8 9 12 28 53 52 54 64 66 70 72 77 85 90 97 100 4 3 5 14 21 25 32 39 36 37 49 48 46 50 61 67 74 71 76 86 92 6 10 13 19 20 17 30 26 33 35 38 43 47 55 60 63 65 62 82 94 96 58 79 7
Volta 20: 81 89 2 57 98 1 16 18 42 41 80 93 8 12 22 53 52 54 56 64 66 72 77 90 88 5 9 14 21 25 28 32 39 37 46 49 48 70 74 71 85 86 92 100 97 3 4 20 19 26 30 35 33 36 43 50 47 55 60 61 63 65 67 76 82 94 96 10 6 13 17 38 58 62 79 7
Volta 21: 81 89 98 1 2 16 18 41 57 80 93 8 42 53 56 66 72 88 5 9 14 12 21 22 25 28 37 46 52 54 64 70 74 77 85 90 92 3 4 26 30 35 32 39 36 43 47 49 50 48 55 60 61 65 63 67 71 86 94 96 100 97 6 10 13 17 20 19 33 38 76 82 58 62 79
Volta 22: 81 89 2 1 18 41 57 80 93 98 8 16 56 66 72 88 12 14 22 21 25 37 42 46 53 70 74 77 85 90 92 5 4 9 28 26 30 35 36 43 48 49 50 47 52 54 64 63 67 86 94 96 97 100 3 19 20 32 39 55 60 61 65 71 82 10 6 13 17 33 38 76 79 58 62
Volta 23: 81 18 41 57 80 89 93 1 2 8 16 56 72 98 14 22 25 21 53 70 66 77 88 92 5 12 26 28 35 37 42 48 46 50 49 54 64 63 74 85 90 86 94 96 100 3 4 9 20 30 36 39 43 47 55 52 60 61 67 71 82 97 10 6 19 17 33 32 38 65 79 13 58 76
Volta 24: 81 18 41 57 89 93 1 16 80 98 2 8 14 21 25 22 53 56 70 66 72 77 88 92 12 26 28 35 42 50 63 85 86 30 37 36 43 46 47 49 48 54 52 60 61 74 71 82 90 94 96 97 3 4 6 10 19 17 20 33 32 39 55 65 67 38 76 13 58
Volta 25: 18 41 81 89 1 16 57 80 93 98 8 14 22 25 53 56 70 72 77 88 2 21 28 26 35 63 66 85 86 92 12 30 37 42 43 46 49 48 50 54 52 60 61 74 71 82 90 96 3 6 20 19 32 33 36 39 47 55 65 67 94 97 4 10 17 38 13 76
Volta 26: 18 41 81 89 16 57 80 93 98 1 14 25 53 56 70 72 88 8 21 22 26 28 35 63 66 77 86 92 2 12 37 43 49 46 50 48 52 60 61 71 82 85 90 96 6 30 33 32 39 36 42 47 54 65 74 97 3 4 10 17 19 20 38 55 67 94 13 76
Volta 27: 18 81 89 16 41 80 93 98 1 25 56 57 72 88 8 14 21 22 28 26 35 53 63 70 66 77 92 2 12 37 43 49 50 48 60 61 71 86 90 96 6 30 33 32 42 46 54 52 74 82 85 3 4 20 17 39 36 47 55 65 97 10 13 19 38 67 94
Volta 28: 18 81 89 80 93 1 16 25 41 57 72 88 98 21 22 28 35 53 56 63 66 70 77 92 8 14 26 43 50 48 49 60 61 71 90 96 2 6 12 30 32 33 37 42 46 52 54 82 85 86 4 17 20 36 39 47 55 65 74 97 3 10 13 19 38 67 94
Volta 29: 18 81 89 93 1 16 25 41 80 88 98 28 35 57 70 66 72 77 92 14 21 22 26 43 49 50 53 56 60 61 63 71 96 2 8 12 32 37 42 48 52 90 86 6 20 17 30 33 36 47 46 55 54 65 74 85 82 3 4 10 13 19 39 97 38 67
Volta 30: 81 89 1 25 80 88 93 98 16 28 35 41 57 66 77 92 14 22 43 50 49 53 56 63 61 70 72 8 12 21 26 32 42 48 60 90 96 2 6 36 37 47 46 54 65 74 82 85 86 3 4 10 13 33 55 19 38 67 97
Volta 31: 81 89 25 80 88 93 98 1 16 57 77 14 22 28 35 41 43 49 53 56 63 66 70 72 92 12 21 26 32 48 50 61 2 6 8 37 36 42 46 54 60 74 82 86 90 96 4 33 47 55 65 85 3 10 13 38 67 19
Volta 32: 81 89 1 16 25 57 80 88 93 98 22 28 35 49 53 56 70 66 72 77 92 14 21 26 41 43 63 61 8 12 32 37 42 46 50 48 60 82 86 90 96 2 6 33 36 47 54 65 74 85 4 3 13 38 55 67 10 19
Volta 33: 81 89 1 16 25 80 88 22 28 49 53 57 77 93 98 14 26 35 41 56 63 61 70 66 72 92 8 12 21 32 42 43 48 46 50 2 6 33 36 37 47 54 60 65 74 82 90 86 96 4 55 67 85 3 10 13 38
Volta 34: 81 89 16 25 80 88 1 28 49 57 77 93 98 22 26 35 41 53 56 61 70 66 72 92 8 12 14 21 43 46 48 63 2 6 32 33 37 42 50 47 65 74 82 86 96 4 36 54 55 60 67 85 90 3 10 13 38
Volta 35: 81 89 88 16 25 49 77 80 93 98 1 22 28 26 35 53 57 66 70 72 92 8 12 21 41 43 48 56 63 61 2 6 14 32 33 42 47 46 50 74 86 96 37 36 54 55 60 65 82 85 90 3 4 13 67 10
Volta 36: 81 89 88 16 49 80 98 25 22 26 35 53 57 77 1 8 28 56 61 66 70 72 92 2 12 21 32 43 41 47 46 48 63 86 96 6 14 33 37 42 50 55 54 60 65 74 82 4 13 36 67 85 90 10
Volta 37: 81 89 88 16 80 25 22 26 49 57 77 98 1 8 28 35 53 70 72 92 2 12 32 43 41 47 46 56 61 63 66 86 6 14 21 33 37 42 48 50 54 60 82 96 4 36 55 65 74 85 90 13 67
Volta 38: 81 89 88 16 22 26 49 57 77 80 98 1 8 25 28 35 53 70 72 32 43 47 56 61 66 86 92 2 6 12 33 37 41 42 48 50 46 60 63 4 14 21 36 54 55 65 74 85 82 96 67 90 13
Volta 39: 81 89 88 16 26 57 80 98 1 8 25 22 28 35 49 53 70 77 32 43 66 72 86 92 2 6 12 41 50 47 46 56 61 63 4 14 33 36 37 42 48 54 55 60 74 96 21 65 67 82 85 90
Volta 40: 81 89 88 16 80 8 22 28 26 35 49 53 57 70 77 98 1 25 43 72 86 92 32 41 46 47 50 56 61 63 66 2 6 14 12 33 36 42 48 55 60 74 96 4 37 54 65 82 21 67 85 90
Volta 41: 81 89 88 16 8 22 26 28 35 49 53 57 70 77 80 98 25 43 72 92 1 41 47 46 50 56 63 61 66 86 2 6 14 32 33 42 60 74 96 4 12 36 37 48 54 55 21 65 67 82 85
Volta 42: 81 89 88 8 16 22 26 35 49 70 77 80 28 53 57 72 92 25 43 41 47 56 63 86 2 1 6 14 42 50 46 60 61 66 74 4 12 33 36 37 48 55 54 96 65 67 82 21 85
Volta 43: 81 89 88 8 16 35 80 22 26 28 49 53 57 70 77 92 43 41 47 63 72 86 2 1 14 25 50 46 60 56 61 66 74 6 12 33 37 42 48 54 55 4 36 67 82 96 21 65
Volta 44: 81 89 88 35 8 16 22 28 26 49 77 80 92 47 53 57 63 70 72 86 2 1 14 25 41 43 46 60 56 61 66 74 12 33 37 42 50 4 6 48 54 55 82 96 21 36 65 67
Volta 45: 81 89 88 35 16 28 49 77 80 8 22 26 47 53 57 63 70 72 86 92 1 2 14 25 41 43 46 60 66 74 12 37 42 50 56 61 6 33 54 55 82 96 4 36 48 65 21
Volta 46: 81 89 88 35 16 49 80 8 22 26 28 53 57 70 72 77 86 92 14 25 47 60 63 2 1 12 37 42 43 41 50 46 56 61 66 74 6 33 55 54 82 96 4 48 65 36 21
Volta 47: 81 89 88 35 80 8 16 26 49 70 77 92 14 25 22 28 53 57 60 72 86 2 41 43 47 50 63 66 74 1 6 12 37 42 46 55 56 61 33 48 54 65 82 96 4 36
Volta 48: 81 88 89 35 80 8 16 70 92 14 25 22 28 26 49 53 57 72 77 86 2 41 50 47 60 63 74 1 6 12 37 42 61 66 33 46 55 56 82 96 4 36 48 65
Volta 49: 81 88 89 35 80 16 92 8 14 22 28 26 49 53 57 70 77 86 25 41 50 47 60 63 74 72 1 2 6 37 42 66 12 46 55 56 61 82 96 33 36 48 4
Volta 50: 81 88 89 35 80 16 8 57 70 77 86 92 14 25 22 26 28 49 53 74 72 1 2 6 41 42 50 47 60 63 66 37 46 55 56 82 96 12 33 61 4 36 48
Volta 51: 81 88 89 35 80 16 8 57 70 86 92 25 49 53 74 72 77 2 6 14 22 26 28 50 47 60 66 1 37 41 42 46 63 96 33 55 56 61 82 4 12 36
Volta 52: 81 88 89 35 80 16 8 57 70 92 25 49 53 72 86 6 14 22 26 28 50 66 74 77 1 2 37 41 42 46 47 60 63 96 55 56 82 4 33 61 12 36
Volta 53: 81 88 89 16 35 80 70 92 8 49 57 72 86 14 25 22 28 26 50 53 66 74 77 2 6 42 41 46 47 60 1 37 55 56 63 82 96 33 61 4 12
Volta 54: 81 88 89 16 80 70 8 49 57 72 86 92 25 22 28 26 53 74 77 6 14 42 46 50 47 66 1 2 37 55 60 56 63 82 96 33 61 4 12
Volta 55: 81 88 89 16 80 70 8 49 57 86 22 25 26 53 72 77 92 14 28 46 50 47 66 74 2 1 6 42 55 60 63 96 33 37 56 61 82 4
Volta 56: 81 88 89 16 70 80 49 57 8 22 25 26 53 72 86 92 46 66 74 77 2 1 6 14 28 47 50 55 60 63 33 42 56 82 96 37 61 4
Volta 57: 81 88 89 16 70 80 49 8 26 57 72 86 22 25 46 53 66 77 92 2 1 14 28 50 47 55 60 74 6 56 63 82 96 33 37 42 61
Volta 58: 81 88 89 80 16 70 26 49 57 86 8 25 22 46 53 66 72 77 92 2 1 50 47 55 60 6 14 28 56 63 74 33 37 42 61 82 96
Volta 59: 81 88 89 80 16 70 49 57 8 25 22 26 46 66 72 77 86 92 2 47 55 53 1 14 28 50 60 56 63 74 6 33 37 42 61 82
Volta 60: 81 89 88 80 16 49 70 8 22 25 26 46 57 66 72 77 86 2 53 92 47 50 55 60 56 74 6 14 28 42 63 33 37 61 82
Volta 61: 81 89 88 80 16 49 70 8 22 26 46 57 66 72 77 86 2 25 53 92 47 55 60 6 28 50 56 63 74 14 33 37 42 61
Volta 62: 81 89 88 80 16 49 70 26 57 72 2 8 22 25 46 53 66 77 86 92 55 6 28 47 50 60 63 74 33 42 56 61 14 37
Volta 63: 81 89 88 80 16 26 49 57 70 2 8 25 22 53 66 72 77 86 46 92 50 47 55 60 6 28 56 63 74 14 33 42 61
Volta 64: 81 89 88 80 16 49 70 22 25 26 53 57 72 77 2 8 66 86 92 46 55 60 6 50 47 63 28 33 42 56 61 74 14
Volta 65: 81 89 88 80 16 22 25 26 49 57 70 72 77 8 53 66 86 92 2 46 55 6 50 47 60 63 28 33 42 56 61 74
Volta 66: 81 89 88 80 16 22 25 26 49 57 70 72 66 77 86 92 2 46 55 53 60 63 6 28 42 47 50 56 61 74 33
Volta 67: 81 89 88 80 16 22 25 26 49 57 70 72 66 77 92 55 53 86 2 46 28 42 47 60 56 63 74 6 50 61
Volta 68: 81 89 88 80 26 49 57 70 16 25 22 72 77 92 55 66 86 2 46 53 42 47 60 63 28 50 56 74 6 61
Volta 69: 81 89 88 80 16 22 26 49 57 70 25 66 72 77 92 46 53 55 86 2 42 47 60 63 28 56 74 6 50
Volta 70: 81 89 80 88 16 26 49 57 70 22 25 72 77 46 55 53 66 92 2 42 63 86 28 47 56 60 6 50 74
Volta 71: 81 89 80 88 16 26 57 70 49 72 22 25 55 66 77 92 42 46 53 63 2 47 60 56 86 28 50 6
Volta 72: 81 89 88 80 26 70 16 49 57 25 22 55 66 72 77 46 53 63 92 2 42 47 86 28 60 56 6
Volta 73: 81 89 80 88 26 16 49 70 25 22 55 57 66 72 77 63 92 2 42 46 53 28 47 60 56 86
Volta 74: 81 89 88 80 26 49 70 16 22 55 57 66 72 77 25 92 2 46 53 63 42 47 56 60 86 28
Volta 75: 81 89 88 49 70 80 22 26 55 57 66 72 77 16 25 2 46 63 92 42 47 53 56 60 86
Volta 76: 89 81 88 80 22 26 49 55 57 70 72 25 66 77 16 46 2 42 53 56 63 92 47 60 86
Volta 77: 89 81 88 80 22 26 49 70 25 55 57 72 77 16 46 66 42 53 56 63 92 2 47 60
Volta 78: 89 81 88 26 49 70 80 25 22 57 16 55 77 42 46 56 63 47 53 60 92 2
Volta 79: 89 81 88 70 80 22 26 49 25 55 57 16 42 56 63 77 46 47 53 92 60
Volta 80: 81 89 88 70 80 22 26 49 25 42 55 57 77 16 47 53 56 63 46 60 92
Volta 81: 89 81 88 22 26 49 70 80 25 42 55 16 47 53 57 63 77 46 60 56
Volta 82: 81 89 88 22 49 70 80 26 25 42 16 55 63 77 47 53 56 57 60 46
Volta 83: 81 89 88 49 70 22 26 80 25 42 55 16 53 60 57 63 77 47 56
Volta 84: 81 89 49 88 22 70 80 25 26 42 55 53 57 60 63 77 47 56
Volta 85: 81 89 49 70 88 25 22 26 80 42 53 60 63 55 57 77 47
Volta 86: 81 89 49 70 88 25 22 26 80 42 53 60 55 57 63 77 47
Volta 87: 81 89 88 25 22 26 49 70 80 42 60 53 57 63 77 55
Volta 88: 81 89 70 88 25 22 26 49 42 60 80 53 57 77 55 63
Volta 89: 81 89 88 25 26 49 70 22 42 60 80 53 57 55 77
Volta 90: 81 89 26 49 70 88 25 42 60 53 55 57 77
Volta 91: 81 89 26 49 25 42 60 70 88 55 57 53
Volta 92: 81 89 26 49 25 70 88 42 60 55 53 57
Volta 93: 81 89 26 49 25 42 60 70 88 55 53
Volta 94: 81 89 26 25 49 60 70 88 42 55 53
Volta 95: 81 89 26 25 49 60 88 70 42 55
Volta 96: 81 89 26 25 60 88 55 70
Volta 97: 81 89 25 26 88 60 55
Volta 98: 81 89 25 26 60 88 55
Volta 99: 81 89 25 26 60 88
Volta 100: 81 89 25 26 60 88
Volta 101: 81 89 25 26 60
Volta 102: 81 25 89 26 60
Volta 103: 81 25 89 26
Volta 104: 81 25 89 26
Volta 105: 81 89 25
Volta 106: 81 89 25
Volta 107: 81 89
Volta 108: 81 89

Ranqueamento Final:
1: Ciclista 89 - 10127.10 segundos
2: Ciclista 81 - 10051.98 segundos
3: Ciclista 25 - 10050.54 segundos
4: Ciclista 26 - 9900.66 segundos
5: Ciclista 60 - 9826.38 segundos
6: Ciclista 88 - 9602.10 segundos
7: Ciclista 55 - 9601.26 segundos
8: Ciclista 70 - 9376.62 segundos
9: Ciclista 53 - 9301.26 segundos
10: Ciclista 57 - 9076.38 segundos
11: Ciclista 77 - 8851.86 segundos
12: Ciclista 63 - 8701.50 segundos
13: Ciclista 47 - 8551.14 segundos
14: Ciclista 56 - 8401.38 segundos
15: Ciclista 46 - 8176.14 segundos
16: Ciclista 92 - 7952.22 segundos
17: Ciclista 2 - 7800.06 segundos
18: Ciclista 86 - 7577.10 segundos
19: Ciclista 28 - 7425.66 segundos
20: Ciclista 6 - 7276.14 segundos
21: Ciclista 74 - 7051.74 segundos
22: Ciclista 61 - 6901.50 segundos
23: Ciclista 33 - 6675.78 segundos
24: Ciclista 14 - 6525.30 segundos
25: Ciclista 37 - 6300.90 segundos
26: Ciclista 82 - 6076.98 segundos
27: Ciclista 96 - 5852.34 segundos
28: Ciclista 4 - 5775.06 segundos
29: Ciclista 12 - 5625.30 segundos
30: Ciclista 36 - 5400.90 segundos
31: Ciclista 48 - 5176.14 segundos
32: Ciclista 65 - 4951.50 segundos
33: Ciclista 21 - 4875.54 segundos
34: Ciclista 67 - 4576.62 segundos
35: Ciclista 85 - 4426.98 segundos
36: Ciclista 90 - 4202.10 segundos
37: Ciclista 13 - 4050.30 segundos
38: Ciclista 10 - 3825.18 segundos
39: Ciclista 38 - 3600.90 segundos
40: Ciclista 19 - 3450.42 segundos
41: Ciclista 97 - 3227.34 segundos
42: Ciclista 94 - 3002.22 segundos
43: Ciclista 76 - 2926.86 segundos
44: Ciclista 58 - 2701.38 segundos
45: Ciclista 62 - 2476.50 segundos
46: Ciclista 7 - 2325.18 segundos
47: Ciclista 73 - 2026.74 segundos
48: Ciclista 84 - 1801.98 segundos
49: Ciclista 83 - 1576.98 segundos
50: Ciclista 69 - 1426.62 segundos
51: Ciclista 40 - 1275.90 segundos
52: Ciclista 75 - 976.74 segundos
53: Ciclista 99 - 752.34 segundos
54: Ciclista 27 - 600.66 segundos
55: Ciclista 87 - 302.10 segundos

Ciclista 1 quebrou na volta 60 - 5925.00 segundos
Ciclista 3 quebrou na volta 36 - 3750.00 segundos
Ciclista 5 quebrou na volta 24 - 2400.00 segundos
Ciclista 8 quebrou na volta 66 - 6375.12 segundos
Ciclista 9 quebrou na volta 24 - 2475.12 segundos
Ciclista 11 quebrou na volta 18 - 1875.24 segundos
Ciclista 15 quebrou na volta 6 - 600.24 segundos
Ciclista 16 quebrou na volta 84 - 8250.36 segundos
Ciclista 17 quebrou na volta 30 - 3150.36 segundos
Ciclista 18 quebrou na volta 30 - 2700.36 segundos
Ciclista 20 quebrou na volta 30 - 3150.36 segundos
Ciclista 22 quebrou na volta 90 - 8700.48 segundos
Ciclista 23 quebrou na volta 18 - 2025.48 segundos
Ciclista 24 quebrou na volta 6 - 600.48 segundos
Ciclista 29 quebrou na volta 12 - 1275.60 segundos
Ciclista 30 quebrou na volta 30 - 3075.60 segundos
Ciclista 31 quebrou na volta 12 - 1275.72 segundos
Ciclista 32 quebrou na volta 42 - 4275.72 segundos
Ciclista 34 quebrou na volta 6 - 675.72 segundos
Ciclista 35 quebrou na volta 54 - 5025.72 segundos
Ciclista 39 quebrou na volta 30 - 3150.84 segundos
Ciclista 41 quebrou na volta 54 - 5325.96 segundos
Ciclista 42 quebrou na volta 96 - 9375.96 segundos
Ciclista 43 quebrou na volta 48 - 4725.96 segundos
Ciclista 44 quebrou na volta 6 - 675.96 segundos
Ciclista 45 quebrou na volta 18 - 1725.96 segundos
Ciclista 49 quebrou na volta 96 - 9151.08 segundos
Ciclista 50 quebrou na volta 72 - 7276.08 segundos
Ciclista 51 quebrou na volta 18 - 1801.20 segundos
Ciclista 52 quebrou na volta 30 - 3001.20 segundos
Ciclista 54 quebrou na volta 48 - 4951.20 segundos
Ciclista 59 quebrou na volta 6 - 676.32 segundos
Ciclista 64 quebrou na volta 24 - 2476.44 segundos
Ciclista 66 quebrou na volta 78 - 7576.56 segundos
Ciclista 68 quebrou na volta 18 - 1801.56 segundos
Ciclista 71 quebrou na volta 30 - 2926.68 segundos
Ciclista 72 quebrou na volta 78 - 7501.68 segundos
Ciclista 78 quebrou na volta 6 - 526.80 segundos
Ciclista 79 quebrou na volta 24 - 2551.80 segundos
Ciclista 80 quebrou na volta 90 - 8701.80 segundos
Ciclista 91 quebrou na volta 6 - 527.16 segundos
Ciclista 93 quebrou na volta 36 - 3377.16 segundos
Ciclista 95 quebrou na volta 6 - 602.16 segundos
Ciclista 98 quebrou na volta 42 - 3977.28 segundos
Ciclista 100 quebrou na volta 24 - 2477.28 segundos
