Volta 1: 3 4 1 2 5 9 10 6 8 7 14 13 15 12 11 19 16 20 18 17 24 23 21 22 25 26 30 29 27 28 32 34 31 33 35 37 38 39 40 36 43 42 45 44 41 50 47 48 49 46
Volta 2: 2 5 3 4 9 6 7 8 14 11 13 15 20 18 19 17 25 24 21 23 22 26 29 28 27 33 34 32 31 35 36 38 41 45 49 48 46 47 1 10 12 16 30 37 40 39 42 44 43 50
Volta 3: 4 5 8 6 9 15 17 18 20 24 25 23 28 26 29 33 34 36 45 49 47 48 2 3 1 10 7 14 12 11 13 16 19 21 22 30 27 32 35 31 38 40 37 39 42 41 43 44 46
Volta 4: 5 4 8 6 15 20 17 23 25 26 33 48 47 49 3 1 2 9 10 14 11 19 18 24 22 28 30 29 27 31 34 32 40 36 39 38 43 44 45 42 41 46 7 13 12 16 21 35 37
Volta 5: 4 5 8 17 23 25 47 49 48 2 1 3 9 6 11 15 20 18 19 27 26 34 33 31 36 39 40 42 44 45 43 46 10 7 14 13 12 16 24 21 22 28 30 29 32 38 41 35
Volta 6: 5 4 8 17 25 47 49 48 1 6 15 19 20 23 26 33 34 31 36 40 46 3 2 7 10 9 14 11 13 18 16 27 29 28 39 38 42 43 45 12 22 24 21 30 32 41
Volta 7: 5 49 47 4 8 15 20 17 25 23 34 36 46 48 1 2 10 7 9 6 13 14 11 16 19 18 26 29 31 33 38 39 40 43 3 24 28 27 30 32 45 42 12 22 21
Volta 8: 5 47 4 8 20 17 25 34 36 49 48 1 9 13 14 15 19 23 26 31 33 38 43 46 2 7 10 6 11 18 16 28 29 32 39 40 42 45 3 12 24 30 27 21 22
Volta 9: 5 4 34 36 47 8 9 15 19 17 20 23 25 33 31 38 43 48 49 46 2 1 7 6 14 13 11 18 28 26 32 39 40 42 3 10 12 16 27 29 45 24 30 21
Volta 10: 5 36 47 4 9 8 17 19 20 23 33 34 48 49 1 6 11 14 13 15 25 26 28 32 31 38 39 40 43 46 2 3 7 10 12 18 16 27 29 42 45 24 30 21
Volta 11: 5 47 4 9 8 19 17 33 34 36 49 1 6 15 11 13 20 23 26 32 43 48 46 3 2 7 14 16 18 25 28 29 27 31 40 39 38 42 10 12 45 24 30
Volta 12: 5 47 4 19 17 33 34 36 49 1 8 6 9 15 13 20 23 26 32 48 46 2 11 14 16 18 28 31 39 38 43 42 3 7 10 12 25 29 27 40 45 24 30
Volta 13: 47 5 4 17 19 49 1 9 8 13 23 26 34 33 32 36 48 46 6 15 18 20 39 38 43 2 3 10 12 14 11 16 25 28 29 31 40 42 45 7 27 24
Volta 14: 47 5 19 4 9 8 17 23 26 33 34 46 49 1 6 13 18 20 32 39 36 43 48 2 10 14 11 15 16 28 29 31 38 42 3 7 12 25 40 45 24 27
Volta 15: 47 5 19 9 17 23 49 4 1 8 6 13 20 26 33 34 32 39 36 48 46 2 11 15 16 18 29 31 38 43 3 10 12 14 25 28 40 45 42 7 24
Volta 16: 5 19 47 49 4 6 8 9 17 23 26 34 32 33 48 2 1 13 11 18 20 16 29 36 38 39 43 46 10 12 15 14 25 28 31 42 45 3 7 40 24
Volta 17: 19 47 5 49 4 6 8 9 17 26 34 33 48 1 13 18 20 23 32 43 46 2 10 11 14 15 16 25 29 28 31 36 39 38 42 3 7 12 40 45
Volta 18: 5 19 8 17 26 49 48 1 4 6 9 20 18 23 32 43 14 11 13 15 16 29 28 31 36 39 42 46 3 2 10 7 12 40 38 45
Volta 19: 5 19 8 48 49 4 9 17 18 23 26 43 1 6 15 13 11 20 29 28 31 32 36 39 46 2 7 10 14 16 40 42 3 12 38
Volta 20: 5 19 48 4 9 8 18 26 43 49 1 6 13 15 17 23 28 31 32 39 36 46 2 10 7 11 20 16 29 40 42 3 14 38 12
Volta 21: 5 19 4 9 8 18 26 43 49 48 15 13 17 23 28 32 39 36 46 1 2 10 6 11 20 29 31 42 7 14 16 40 38 3
Volta 22: 4 5 9 8 18 19 43 49 48 15 13 17 23 26 32 39 36 1 6 10 11 28 29 46 2 7 14 20 16 31 40 42 3 38
Volta 23: 4 5 8 9 19 18 43 48 49 23 26 36 1 6 10 15 11 13 17 29 28 32 39 46 2 14 20 31 42 3 7 16 40
Volta 24: 5 4 19 48 49 9 8 18 23 26 36 43 6 13 11 15 28 32 39 46 1 14 20 17 29 31 3 2 7 16 40 42
Volta 25: 4 5 19 49 48 8 18 23 26 43 6 9 11 28 32 36 39 1 15 13 17 20 29 46 2 14 31 3 7 16 40
Volta 26: 19 49 48 4 5 8 18 43 9 11 23 26 32 39 36 6 15 13 17 20 28 46 1 2 14 29 31 3 7 40 16
Volta 27: 48 49 4 5 8 19 18 43 9 23 26 32 36 6 13 11 20 17 28 39 46 1 2 15 3 7 14 29 31 40
Volta 28: 48 5 8 49 4 19 18 23 26 32 43 9 6 11 13 28 36 2 1 15 17 20 39 46 3 29 31 7 14 40
Volta 29: 48 5 49 4 8 19 18 23 26 32 43 6 9 13 28 1 15 11 17 36 39 46 2 20 29 31 3 7 14
Volta 30: 48 49 5 19 26 32 4 9 8 6 13 18 23 28 1 36 2 11 17 20 29 31 46 3 7 14
Volta 31: 48 49 5 26 4 9 6 13 18 19 23 28 32 8 36 1 17 29 31 46 2 11 20 3 7
Volta 32: 48 49 5 26 9 13 19 23 32 4 8 6 18 28 36 1 29 2 11 20 17 31 46 3 7
Volta 33: 49 5 48 9 26 4 8 13 19 23 28 32 1 6 18 29 36 2 17 20 31 46 11 3
Volta 34: 49 5 9 26 48 4 8 19 28 32 1 6 13 23 36 17 18 29 31 46 2 20 3 11
Volta 35: 49 5 26 4 9 8 28 48 13 19 23 32 1 6 31 36 2 18 17 20 29 46 3
Volta 36: 49 5 4 9 8 28 26 48 13 19 23 32 6 31 36 2 18 17 29 20 46 3
Volta 37: 49 5 9 8 26 28 4 13 19 23 48 32 36 2 6 17 18 29 31 20 46
Volta 38: 49 5 9 8 4 13 23 28 26 19 32 36 48 6 17 18 31 2 20 29 46
Volta 39: 49 5 8 9 23 26 4 13 19 28 36 48 6 18 17 32 31 2 20 29
Volta 40: 49 5 8 23 4 9 26 28 48 13 19 18 32 36 6 17 20 31 2 29
Volta 41: 49 5 8 23 9 26 4 13 19 28 48 17 18 32 31 36 6 20 2
Volta 42: 49 8 23 5 9 26 4 28 48 13 19 18 32 36 31 2 6 20
Volta 43: 49 8 23 9 26 4 5 28 48 13 18 19 32 36 31 6 2
Volta 44: 8 49 9 23 26 5 4 13 19 28 48 18 32 31 36 6 2
Volta 45: 8 49 9 23 26 4 5 13 19 28 48 18 31 32 36 6
Volta 46: 8 49 26 5 4 9 23 13 28 19 48 32 36 18 31 6
Volta 47: 8 49 4 9 23 26 5 13 28 48 19 32 31 36 18
Volta 48: 49 8 9 26 5 4 13 28 48 31 36 18 32
Volta 49: 8 49 4 5 9 26 13 28 48 31 18 36
Volta 50: 8 49 5 4 9 26 13 28 48 31 18 36
Volta 51: 8 49 5 4 9 26 13 28 31 48 18
Volta 52: 49 5 4 8 9 13 26 28 48 31 18
Volta 53: 49 4 8 5 9 13 26 28 48 31
Volta 54: 49 4 8 9 5 13 26 28 48 31
Volta 55: 49 4 8 9 13 26 5 48 28
Volta 56: 4 8 49 9 13 26 5 48 28
Volta 57: 4 8 49 9 13 26 5 48
Volta 58: 4 49 8 9 13 26 5 48
Volta 59: 4 49 8 9 13 26 5
Volta 60: 49 4 8 9 13 26 5
Volta 61: 49 4 8 9 13 26
Volta 62: 49 4 8 9 13 26
Volta 63: 49 4 8 9 13
Volta 64: 4 49 9 8 13
Volta 65: 49 4 9 8
Volta 66: 49 4 9 8
Volta 67: 49 4 9
Volta 68: 49 4 9

Ranqueamento Final:
1: Ciclista 9 - 6525.18 segundos
2: Ciclista 4 - 6525.06 segundos
3: Ciclista 49 - 6451.14 segundos
4: Ciclista 8 - 6300.42 segundos
5: Ciclista 13 - 6300.30 segundos
6: Ciclista 26 - 6000.66 segundos
7: Ciclista 5 - 6000.06 segundos
8: Ciclista 48 - 5776.14 segundos
9: Ciclista 28 - 5625.66 segundos
10: Ciclista 31 - 5400.78 segundos
11: Ciclista 18 - 5325.42 segundos
12: Ciclista 36 - 5100.90 segundos
13: Ciclista 32 - 4950.78 segundos
14: Ciclista 6 - 4800.18 segundos
15: Ciclista 2 - 4650.06 segundos
16: Ciclista 20 - 4350.42 segundos
17: Ciclista 29 - 4125.66 segundos
18: Ciclista 46 - 3901.14 segundos
19: Ciclista 3 - 3900.06 segundos
20: Ciclista 11 - 3600.30 segundos
21: Ciclista 7 - 3450.18 segundos
22: Ciclista 14 - 3225.30 segundos
23: Ciclista 40 - 3000.90 segundos
24: Ciclista 16 - 2850.42 segundos
25: Ciclista 42 - 2551.02 segundos
26: Ciclista 38 - 2400.90 segundos
27: Ciclista 12 - 2250.30 segundos
28: Ciclista 45 - 1951.02 segundos
29: Ciclista 24 - 1875.54 segundos
30: Ciclista 27 - 1650.66 segundos
31: Ciclista 30 - 1500.66 segundos
32: Ciclista 21 - 1275.54 segundos
33: Ciclista 22 - 1050.54 segundos
34: Ciclista 41 - 751.02 segundos
35: Ciclista 37 - 525.90 segundos
36: Ciclista 50 - 301.14 segundos

Ciclista 1 quebrou na volta 36 - 3600.00 segundos
Ciclista 10 quebrou na volta 24 - 2400.12 segundos
Ciclista 15 quebrou na volta 30 - 3000.24 segundos
Ciclista 17 quebrou na volta 42 - 4275.36 segundos
Ciclista 19 quebrou na volta 48 - 4800.36 segundos
Ciclista 23 quebrou na volta 48 - 4575.48 segundos
Ciclista 25 quebrou na volta 18 - 1875.48 segundos
Ciclista 33 quebrou na volta 18 - 1725.72 segundos
Ciclista 34 quebrou na volta 18 - 1725.72 segundos
Ciclista 35 quebrou na volta 6 - 750.72 segundos
Ciclista 39 quebrou na volta 30 - 3000.84 segundos
Ciclista 43 quebrou na volta 30 - 2850.96 segundos
Ciclista 44 quebrou na volta 6 - 675.96 segundos
Ciclista 47 quebrou na volta 18 - 1651.08 segundos
