Volta 1: 2 1 5 4 3 6 10 8 9 7 15 13 12 11 14 16 17 20 19 18 22 24 23 25 21 30 26 27 29 28 35 31 33 34 32 38 37 36 40 39 44 42 43 45 41 50 49 48 46 47 53 55 52 54 51 60 59 56 57 58 64 65 63 61 62 69 68 67 70 66 75 73 74 72 71 79 77 80 78 76 84 81 82 83 85 89 86 90 87 88 92 93 95 91 94 96 97 98 100 99
Volta 2: 4 3 2 1 5 7 9 8 11 14 15 13 16 20 17 18 19 24 25 23 21 28 29 30 27 33 34 32 31 36 40 37 43 44 41 45 42 46 47 50 49 48 51 53 52 55 56 58 59 60 63 61 62 65 67 68 70 66 75 71 73 74 77 78 76 79 81 84 86 88 87 90 89 94 93 95 98 96 100 97 6 10 12 22 26 35 38 39 54 57 64 69 72 80 83 82 85 91 92 99
Volta 3: 4 1 3 2 7 15 11 16 19 17 20 25 24 28 27 30 29 32 34 31 36 37 43 45 47 48 51 53 58 56 59 60 62 65 67 66 68 75 74 73 76 88 86 87 89 94 93 96 98 5 8 10 9 6 13 12 14 18 22 21 23 26 33 35 40 38 42 41 44 46 50 49 55 52 54 57 61 64 63 69 70 72 71 79 80 77 78 85 83 82 81 84 90 95 97 100 39 91 92
Volta 4: 1 3 7 11 19 16 20 25 24 29 27 31 32 43 45 48 59 60 65 62 66 67 68 73 76 86 88 93 98 4 2 5 6 9 8 14 12 13 15 17 18 23 22 21 28 30 35 33 34 40 37 36 44 41 47 49 50 46 52 54 53 55 51 56 58 57 61 63 70 74 71 75 77 83 84 82 90 87 89 94 95 97 96 10 26 38 39 42 64 69 72 79 78 80 85 81 92 91 100
Volta 5: 1 7 27 31 32 45 48 60 59 65 67 68 73 76 86 98 3 4 6 13 12 15 14 11 20 18 17 16 19 24 21 22 25 28 29 30 35 37 43 44 50 46 47 54 53 55 52 51 57 56 58 62 70 66 74 75 71 77 82 90 88 87 93 95 96 97 2 5 8 10 9 23 33 34 36 38 40 42 41 49 61 64 63 69 72 79 84 81 83 85 89 91 94 26 39 80 78 92
Volta 6: 27 45 48 68 76 86 98 3 1 7 6 11 17 19 16 21 24 25 29 30 32 31 35 44 43 47 46 50 52 51 53 60 57 59 65 62 67 66 73 82 88 90 4 9 12 15 14 20 18 22 34 33 37 38 40 36 41 49 54 55 56 58 63 69 70 74 71 75 72 79 77 81 83 84 87 94 93 95 91 96 97 2 10 8 23 26 39 42 61 80 85 89 92 78
Volta 7: 45 76 86 3 7 11 16 19 21 25 27 29 30 32 35 50 47 48 53 52 60 57 59 65 62 68 66 73 82 90 98 4 1 6 9 12 14 15 20 17 18 24 34 31 36 40 37 44 43 41 46 51 54 55 58 70 67 69 75 74 77 84 88 87 95 93 91 96 2 8 10 22 26 33 38 39 42 49 56 63 61 71 72 79 81 83 89 94 92 97 23 80 85
Volta 8: 45 76 86 7 11 19 16 25 30 29 27 32 48 50 52 59 60 57 62 66 68 73 82 98 3 4 1 9 6 12 15 14 20 21 24 31 35 34 40 37 36 43 46 47 55 51 53 65 70 77 84 90 88 93 2 8 17 18 33 39 42 44 41 49 54 58 56 63 67 69 75 74 72 71 83 87 89 91 92 94 95 97 96 10 22 26 38 61 79 81 85 23 80
Volta 9: 76 7 11 27 30 45 50 52 66 73 82 86 98 4 1 9 15 12 14 19 20 16 21 25 29 31 32 35 34 40 36 46 48 55 53 51 57 59 60 62 65 68 84 88 90 93 2 3 8 6 24 33 39 37 41 42 43 44 47 56 70 67 69 72 74 71 75 77 89 87 95 91 97 96 10 17 18 22 26 38 49 54 58 61 63 83 92 94 23 79 85 81
Volta 10: 11 27 30 45 50 66 76 86 98 7 12 14 20 16 19 25 29 34 35 32 36 48 51 52 55 53 60 59 57 65 68 73 82 90 88 1 4 2 8 9 6 15 24 21 33 31 40 37 42 43 46 47 62 67 69 72 74 75 77 84 89 87 93 91 96 3 18 22 39 38 44 41 49 54 58 56 61 70 71 83 92 95 94 97 10 17 26 63 79 81 85 23
Volta 11: 11 30 27 45 76 86 98 20 19 25 32 34 50 55 53 52 51 57 59 65 66 68 73 88 90 1 2 9 6 8 7 12 15 14 16 21 24 29 31 33 35 40 36 37 43 42 48 46 60 67 72 75 84 82 89 87 93 91 96 4 3 18 22 39 41 49 47 58 62 69 70 74 77 83 92 95 94 97 10 38 44 54 56 63 61 71 79 85 17 26 81
Volta 12: 27 45 86 98 20 30 32 34 50 55 51 65 68 66 73 76 88 2 7 8 6 9 12 15 16 19 25 24 29 31 33 37 46 48 53 57 60 59 90 89 91 96 4 1 14 18 22 39 40 36 42 47 49 62 67 69 74 75 77 82 84 87 94 95 93 3 10 38 44 41 54 58 56 61 70 71 79 83 92 97 17 26 63 81 85
Volta 13: 45 98 30 27 32 51 55 68 66 73 76 86 8 9 12 20 16 19 25 34 33 31 37 50 48 53 57 60 59 65 89 88 90 96 2 1 7 6 15 24 29 36 40 42 46 62 69 67 75 77 84 82 93 95 91 4 3 10 14 18 22 39 44 41 47 49 56 58 61 74 83 87 94 97 17 26 38 54 63 70 71 79 81 92
Volta 14: 45 98 27 30 32 51 73 76 86 8 9 12 16 20 33 50 48 55 53 60 65 66 68 90 89 96 1 6 7 15 19 25 24 29 34 31 40 36 37 46 57 59 62 67 75 77 82 88 91 93 95 2 10 14 18 22 44 42 49 56 61 69 84 94 97 3 4 17 38 39 41 47 54 58 63 70 71 74 79 83 87 92 26 81
Volta 15: 98 30 27 32 45 51 73 76 9 16 33 50 65 66 86 96 7 8 12 20 19 25 24 29 34 37 46 48 53 55 59 60 62 67 68 75 90 89 93 91 95 2 1 10 6 15 14 18 31 36 40 44 42 49 57 77 82 84 88 94 97 4 3 17 22 38 39 41 47 54 58 56 63 61 70 69 71 79 83 87 26 74 92
Volta 16: 98 27 45 73 76 9 30 33 32 50 51 65 66 86 96 8 12 19 16 24 37 46 48 53 55 60 67 75 89 91 1 2 6 7 15 18 20 25 29 31 34 40 49 59 57 62 68 77 84 90 93 95 3 4 10 14 22 38 36 39 44 42 47 56 58 61 63 69 70 71 79 82 88 87 94 97 17 26 41 54 74 83 92
Volta 17: 98 27 45 73 30 32 33 50 51 65 76 86 96 9 16 24 37 46 53 66 75 89 1 2 7 8 12 15 20 18 19 25 31 49 48 55 59 60 62 67 68 77 84 90 95 93 91 3 10 6 14 22 29 34 38 36 40 42 44 58 56 57 61 79 82 88 97 4 17 39 41 47 54 63 69 70 71 74 83 87 94 26
Volta 18: 98 73 27 32 33 51 65 76 86 96 9 16 37 46 50 66 75 2 1 7 15 12 19 20 18 24 25 31 49 55 53 59 60 62 68 84 89 91 93 6 14 22 34 38 57 58 67 77 79 90 88 95 97 4 3 10 17 29 40 36 39 44 42 41 47 54 56 61 63 69 70 71 83 82 94 74 87 26
Volta 19: 98 27 33 51 73 86 9 16 32 46 65 66 75 76 96 1 15 18 19 31 37 50 53 59 60 62 68 84 89 91 2 7 14 12 20 22 24 25 38 49 55 57 67 77 90 88 95 93 3 6 10 17 29 34 40 36 39 41 42 44 47 54 58 61 70 79 83 82 94 97 4 56 63 69 71 87 74
Volta 20: 98 27 86 9 16 32 33 46 51 75 73 76 96 15 19 18 31 37 50 59 62 65 68 66 84 89 1 2 7 25 24 38 55 53 60 57 67 77 90 88 93 91 95 3 6 10 12 14 20 22 29 34 39 40 44 47 49 54 58 79 97 4 17 36 41 42 56 61 69 70 71 82 83 87 94 63 74
Volta 21: 98 86 9 27 33 46 75 73 76 96 15 19 16 32 31 50 51 59 65 66 68 2 1 7 18 24 25 37 53 55 62 67 77 84 90 88 89 91 93 95 3 10 6 12 14 20 22 34 38 49 47 58 57 60 79 97 4 29 36 39 40 41 42 44 54 56 69 70 71 83 87 17 61 82 94 63
Volta 22: 98 9 27 33 46 75 73 76 86 15 19 16 32 65 66 68 96 1 25 31 37 50 53 51 59 62 67 77 89 90 91 93 95 3 2 10 7 14 12 18 22 24 34 38 55 57 58 84 88 4 6 20 29 39 40 44 41 47 49 54 56 60 69 70 71 79 83 87 97 17 36 42 61 82 94 63
Volta 23: 98 9 46 73 86 15 27 33 32 65 68 66 75 76 96 1 19 16 25 37 59 77 90 89 91 95 2 10 12 14 24 22 31 34 38 50 51 53 55 62 67 84 88 93 3 7 6 18 39 41 49 47 54 60 57 58 70 69 71 83 97 4 20 17 29 36 40 44 42 56 79 87 94 61 82
Volta 24: 98 9 86 46 65 68 66 73 76 96 15 19 16 25 27 32 33 37 59 75 77 89 90 91 95 1 14 12 22 24 31 34 50 51 55 53 62 84 88 93 3 2 7 10 18 38 41 49 54 58 57 67 69 83 97 4 6 20 17 29 36 39 40 44 47 60 70 71 79 42 56 61 82 94
Volta 25: 98 9 86 46 66 68 73 76 96 15 19 25 27 32 59 65 77 90 95 91 1 12 14 16 24 31 33 37 50 55 51 62 75 89 88 93 2 10 7 18 22 34 49 53 57 58 67 69 84 4 3 6 20 36 38 39 41 47 54 60 70 79 83 97 17 29 40 42 44 56 61 71 82
Volta 26: 9 98 46 68 66 76 86 15 25 32 65 73 90 91 96 1 16 19 27 33 31 37 55 59 62 75 77 88 89 93 95 2 10 14 12 22 24 34 50 51 57 58 69 84 3 6 7 18 20 38 36 39 41 49 54 53 60 70 67 97 4 17 29 40 44 47 56 71 79 83 42 61 82
Volta 27: 98 9 46 68 86 15 25 32 65 66 73 76 90 91 96 1 16 27 31 33 55 59 62 75 88 89 95 93 2 14 12 19 22 34 37 50 51 57 58 69 77 84 3 6 7 10 18 24 41 49 54 53 67 97 4 17 20 29 36 39 40 38 44 47 56 60 70 71 83 42 61 79
Volta 28: 98 9 46 68 15 25 32 65 66 73 76 86 96 1 16 27 31 59 62 90 89 88 95 93 91 2 12 14 19 22 33 37 50 55 51 58 57 75 77 3 7 6 10 18 24 34 41 54 53 69 84 4 17 20 29 36 39 40 38 49 47 60 67 71 97 44 42 56 61 70 79 83
Volta 29: 9 46 98 25 65 68 66 96 15 27 32 31 62 73 76 86 89 90 93 2 1 14 16 22 33 37 50 55 51 59 57 75 77 88 91 95 3 10 12 18 19 24 34 58 84 6 7 17 20 29 39 41 49 53 54 60 69 67 71 97 4 38 40 36 42 47 56 61 70 79 44
Volta 30: 46 98 9 65 96 15 25 27 32 62 68 76 89 86 93 2 1 14 16 22 31 37 55 57 59 75 73 88 90 95 91 10 12 19 24 33 50 51 58 84 3 7 20 17 29 34 54 60 67 97 6 40 36 38 41 42 47 49 53 56 61 70 69 71 79 44
Volta 31: 98 9 46 65 96 15 25 27 32 68 76 89 86 2 16 22 37 59 57 62 75 73 88 93 95 1 14 12 19 24 33 31 50 55 51 58 84 90 91 3 10 7 20 17 34 60 6 29 40 38 36 49 54 53 61 70 67 69 71 97 42 41 47 56 79
Volta 32: 65 96 98 9 15 27 46 68 76 89 2 22 25 32 59 75 86 88 95 1 14 12 16 24 31 37 50 51 55 57 62 73 84 90 93 91 3 7 19 20 17 33 58 10 6 34 54 53 60 61 70 71 97 29 36 38 40 41 42 47 49 56 69 67 79
Volta 33: 98 96 9 27 46 65 68 76 15 25 32 59 75 89 86 95 2 14 16 24 22 50 57 73 88 1 12 17 20 31 33 37 51 55 58 62 84 90 91 93 3 7 6 10 19 34 54 60 70 97 29 40 36 38 41 47 49 53 56 61 69 67 71 42
Volta 34: 96 98 27 65 76 9 25 32 46 59 68 86 89 95 2 15 14 16 22 57 75 73 88 1 24 33 31 37 50 51 55 62 84 91 93 3 6 7 12 17 19 20 34 54 58 70 90 97 10 40 36 38 49 53 60 56 61 67 71 29 41 42 47 69
Volta 35: 98 65 96 9 25 27 32 46 68 76 95 2 14 15 59 57 73 75 89 86 16 24 22 31 37 50 55 51 84 88 1 3 6 7 17 19 33 34 54 58 62 90 93 91 10 12 20 36 38 49 60 56 70 67 97 29 40 42 41 47 53 61 71
Volta 36: 98 65 9 25 32 76 96 14 27 46 57 68 86 89 95 2 15 16 24 22 59 73 75 84 88 3 1 7 33 31 37 50 54 51 55 62 90 91 6 12 17 19 20 34 38 58 60 67 93 97 10 36 49 53 56 61 70 71 29 40 42 41 47
Volta 37: 98 65 9 32 96 25 27 46 57 68 76 89 86 95 2 14 15 16 59 73 1 7 24 22 33 31 37 50 55 51 62 75 84 88 90 3 6 20 19 34 38 54 58 67 93 91 10 12 17 36 49 53 60 56 70 97 29 40 42 41 61 71
Volta 38: 65 98 9 32 25 46 57 68 76 95 96 2 15 14 27 59 73 89 86 1 7 16 33 37 50 51 75 90 88 3 6 20 24 22 31 38 55 62 67 84 10 12 17 19 34 54 58 70 93 91 97 29 40 36 41 49 53 60 56 61 71 42
Volta 39: 98 32 65 9 46 57 68 76 95 96 2 25 27 89 86 7 14 15 16 33 37 59 73 90 88 1 3 20 22 24 31 38 50 51 55 75 84 6 10 19 17 62 67 91 93 97 12 29 34 40 41 49 53 54 58 70 71 36 56 60 61
Volta 40: 98 65 9 32 57 68 76 95 96 25 27 46 86 2 7 14 16 33 59 73 90 88 89 3 15 37 51 75 1 10 17 20 24 22 31 38 50 55 67 84 91 97 6 19 34 40 62 71 93 12 29 36 41 49 54 53 60 58 56 61 70
Volta 41: 98 9 32 57 65 68 76 96 27 46 86 95 2 14 16 25 33 59 88 89 90 3 7 37 75 73 1 10 15 20 22 31 38 50 55 51 67 91 97 6 19 17 24 34 40 62 84 93 12 29 36 41 49 54 53 56 60 58 61 71
Volta 42: 98 9 32 57 65 27 46 68 76 95 2 14 16 25 90 86 7 33 59 75 73 88 89 1 3 15 20 22 31 37 50 55 51 91 97 6 10 17 19 34 38 62 67 84 93 24 29 36 40 41 53 54 56 71 12 49 60 61
Volta 43: 98 9 32 57 65 68 76 95 2 14 16 25 27 46 7 59 73 75 90 88 86 1 15 33 89 91 97 3 6 10 19 20 17 22 31 34 38 37 50 55 51 62 67 84 93 24 36 41 53 56 71 29 40 49 54 12 60
Volta 44: 98 32 9 68 76 2 25 27 46 57 65 95 7 14 16 73 75 88 86 1 15 59 89 90 97 3 19 17 20 22 33 31 34 38 37 50 51 55 62 84 91 93 6 10 24 36 41 53 56 67 29 40 49 54 71 12 60
Volta 45: 98 9 32 68 25 27 57 65 76 2 7 14 16 46 73 75 88 95 1 86 89 97 3 15 17 19 20 33 37 38 50 55 51 59 62 84 90 10 6 24 22 34 31 36 41 56 67 93 91 53 54 71 12 29 40 49
Volta 46: 98 9 32 27 65 68 2 7 14 25 57 73 76 95 1 16 46 75 88 89 86 97 19 20 37 51 55 59 62 84 90 3 10 6 15 17 22 31 33 34 38 36 41 50 56 67 24 53 54 71 93 91 12 29 40 49
Volta 47: 98 9 32 68 2 7 25 27 57 65 73 76 14 46 75 88 89 95 97 1 20 19 16 37 55 51 59 62 86 3 15 33 34 38 56 67 84 90 6 10 17 22 24 31 36 41 50 54 71 91 93 12 29 40 53
Volta 48: 98 9 68 2 32 65 73 7 14 25 27 75 95 97 1 20 16 37 46 55 59 88 89 3 19 33 34 38 51 56 62 84 10 6 15 17 24 22 31 36 41 50 67 71 90 93 91 12 29 54 53 40
Volta 49: 98 9 2 65 68 73 7 32 75 95 14 16 20 25 27 59 89 88 97 1 3 19 37 46 51 55 62 84 6 15 17 24 22 34 31 33 36 38 41 56 67 71 90 93 10 12 50 91 29 54 53
Volta 50: 98 9 68 2 7 32 65 75 73 14 16 25 27 89 88 95 97 3 1 20 19 37 46 55 59 62 84 17 22 24 34 33 36 38 51 56 67 71 93 6 10 15 31 41 50 90 91 12 29 53 54
Volta 51: 98 9 68 32 65 73 2 7 16 75 88 95 97 3 14 25 27 46 55 59 84 89 1 20 19 22 24 33 37 51 56 62 93 6 15 17 34 31 38 36 41 50 67 71 90 91 10 12 53 29
Volta 52: 98 9 65 68 73 2 7 16 32 75 88 97 3 14 25 46 55 59 84 89 95 1 20 24 27 33 37 51 56 62 93 15 17 19 22 31 36 38 50 67 71 90 91 6 10 12 34 41 53 29
Volta 53: 98 9 65 68 2 7 32 73 97 3 16 25 46 55 59 75 84 89 88 1 14 20 24 51 56 62 95 93 15 17 22 27 31 33 38 37 50 71 12 19 34 36 41 53 67 90 91 6 10
Volta 54: 98 65 68 7 9 32 73 2 46 55 84 88 89 14 16 25 59 75 95 93 1 15 20 24 22 27 31 33 50 51 56 62 12 17 19 34 37 38 41 53 67 90 6 36 91 10
Volta 55: 98 9 65 68 73 2 7 32 55 84 88 89 14 16 25 46 59 95 1 20 24 27 31 33 50 51 56 75 93 15 12 17 19 22 34 38 53 62 90 37 36 41 67 91 6
Volta 56: 98 9 68 73 7 32 65 84 88 2 14 25 46 55 89 95 16 20 27 31 51 56 59 93 1 15 19 24 34 33 50 62 75 12 17 22 38 37 41 53 67 90 91 6 36
Volta 57: 98 9 68 73 7 88 2 14 25 32 55 65 84 95 20 16 27 46 51 56 59 89 1 15 19 31 33 34 50 75 93 17 24 38 37 41 62 67 90 6 12 22 53 91
Volta 58: 98 9 68 73 7 14 32 55 65 84 88 2 25 46 56 89 95 1 15 20 19 16 27 33 31 50 51 59 75 93 17 24 34 37 38 62 67 6 41 53 90 91 12 22
Volta 59: 98 73 9 68 7 14 32 55 88 25 46 56 65 84 89 95 1 2 16 20 19 27 31 33 50 51 59 93 15 17 24 34 62 75 37 38 41 67 90 6 53 91 12
Volta 60: 98 73 9 7 14 32 55 68 88 46 65 84 89 2 1 20 16 25 27 31 33 50 56 59 95 15 19 34 51 62 75 17 24 37 38 41 67 90 53 91 6 12
Volta 61: 98 73 7 14 32 55 88 9 46 68 84 89 1 2 16 20 25 33 31 59 65 95 19 27 50 56 62 75 15 17 24 34 41 51 67 38 37 53 90 91 6
Volta 62: 98 73 32 55 88 7 9 14 46 68 84 1 2 16 25 33 31 59 65 89 95 19 20 27 50 56 75 15 34 51 62 17 24 38 37 41 67 90 91 6 53
Volta 63: 98 73 32 88 9 55 68 1 2 7 14 16 25 31 46 59 84 89 19 20 33 56 65 75 95 15 27 34 50 51 62 24 37 67 91 6 17 38 41 90
Volta 64: 98 73 32 55 88 2 1 9 7 14 16 25 31 46 59 68 84 89 19 33 65 75 95 15 20 27 50 51 56 62 24 34 37 67 91 17 38 90 6 41
Volta 65: 98 73 32 55 88 1 2 7 16 25 31 46 59 68 9 14 19 33 84 89 20 27 62 65 75 95 15 34 37 50 51 56 24 67 91 6 17 38 90
Volta 66: 73 98 32 55 88 1 46 9 7 14 19 16 25 33 31 68 84 89 20 75 95 15 27 34 65 62 24 37 50 67 6 38 91 17
Volta 67: 98 73 32 55 46 88 1 9 16 19 25 31 33 68 89 7 14 75 84 20 27 34 62 65 95 15 37 50 67 24 38 6 91
Volta 68: 73 98 32 46 55 88 1 16 19 33 31 68 89 7 9 14 25 75 84 20 27 34 62 95 15 37 50 65 67 24 38 6 91
Volta 69: 73 98 32 46 55 16 33 88 1 14 19 25 31 68 75 89 7 9 27 34 62 84 95 15 20 37 50 65 67 24 38 6
Volta 70: 98 73 32 55 16 33 46 1 14 19 25 31 68 75 88 89 9 7 34 62 84 15 20 27 37 65 95 24 50 67 38 6
Volta 71: 98 73 32 55 33 46 1 19 16 25 31 68 88 89 9 14 62 75 84 7 20 34 37 65 95 15 27 50 67 24 38
Volta 72: 98 73 32 55 1 19 16 25 33 31 46 14 62 68 75 88 89 7 9 37 65 84 95 15 20 50 67 24 27 38
Volta 73: 98 73 32 55 19 16 25 33 46 1 14 31 62 68 75 88 89 37 65 84 95 9 7 20 50 67 15 27 24
Volta 74: 98 73 55 16 25 33 32 46 1 19 75 89 14 31 62 68 88 95 9 7 37 50 65 84 15 20 27 67 24
Volta 75: 98 73 16 25 32 55 33 46 75 1 14 19 31 62 68 89 95 7 37 65 84 88 9 20 50 67 15 27
Volta 76: 98 73 16 25 32 46 55 75 14 31 33 95 1 7 19 37 62 68 89 88 9 20 50 65 84 15 27 67
Volta 77: 98 73 16 25 32 75 33 31 46 55 1 7 14 19 62 68 89 88 95 20 37 50 65 84 9 15 27
Volta 78: 98 16 73 25 32 75 46 55 1 7 14 31 62 68 88 95 50 65 84 89 9 15 20 27 37
Volta 79: 98 16 73 25 75 32 55 1 7 31 46 62 68 88 95 14 65 9 15 20 27 50 84 89
Volta 80: 98 16 75 73 25 32 1 31 46 55 62 68 95 7 14 65 88 9 15 20 27 50 89 84
Volta 81: 98 16 73 25 75 1 32 31 46 55 68 7 14 62 65 88 95 15 20 50 89 9 27
Volta 82: 98 16 73 25 1 31 55 68 75 7 32 46 62 65 88 95 15 14 50 89 9 20 27
Volta 83: 98 16 73 1 25 55 68 75 7 32 31 14 15 46 50 62 65 88 89 95 9 20
Volta 84: 98 16 73 1 25 55 7 32 31 68 75 14 15 50 65 89 88 95 20
Volta 85: 98 16 73 25 55 1 7 31 68 75 32 50 89 88 95 15 14 65
Volta 86: 98 16 55 73 1 7 25 31 32 50 68 75 89 95 14 15 65 88
Volta 87: 98 16 55 1 7 25 73 31 32 50 68 75 95 14 65 89 15
Volta 88: 98 16 55 1 25 73 7 68 75 95 14 32 31 50 65 89 15
Volta 89: 98 16 25 55 73 1 7 68 75 31 32 65 89 95 14 50
Volta 90: 98 16 55 1 7 25 75 73 32 65 68 89 95 14 31 50
Volta 91: 98 16 55 1 7 25 73 75 65 68 89 95 14 32 31
Volta 92: 98 16 7 25 55 75 1 68 73 89 14 32 65 95 31
Volta 93: 98 16 1 7 25 55 73 75 14 32 65 68 89 95
Volta 94: 98 16 1 7 25 55 75 14 68 73 89 95 32 65
Volta 95: 98 16 1 7 55 75 25 68 73 89 14 32 95
Volta 96: 98 16 55 7 25 75 89 68 73 95 14 32
Volta 97: 16 98 7 25 55 75 68 73 89 95 14
Volta 98: 16 98 7 25 55 75 68 73 89 95 14
Volta 99: 16 98 7 55 25 68 75 73 89 95
Volta 100: 16 98 7 55 25 68 75 73 89 95
Volta 101: 16 98 7 55 68 73 25 75 89
Volta 102: 16 98 7 55 25 68 75 73 89
Volta 103: 16 98 7 25 55 73 75 68
Volta 104: 16 98 7 25 73 55 75 68
Volta 105: 16 98 25 73 7 75 55
Volta 106: 16 98 25 73 7 75 55
Volta 107: 16 98 73 25 75 7
Volta 108: 16 98 73 75 7 25
Volta 109: 16 98 75 73 7
Volta 110: 16 98 75 73 7
Volta 111: 16 98 75 73
Volta 112: 16 98 75 73
Volta 113: 16 98 75
Volta 114: 16 98 75
Volta 115: 16 98
Volta 116: 98 16

Ranqueamento Final:
1: Ciclista 16 - 21900.42 segundos
2: Ciclista 98 - 21752.34 segundos
3: Ciclista 75 - 21751.74 segundos
4: Ciclista 73 - 21601.74 segundos
5: Ciclista 7 - 21450.18 segundos
6: Ciclista 25 - 21000.54 segundos
7: Ciclista 55 - 20701.26 segundos
8: Ciclista 68 - 20401.62 segundos
9: Ciclista 89 - 19802.10 segundos
10: Ciclista 95 - 19502.22 segundos
11: Ciclista 14 - 19350.30 segundos
12: Ciclista 32 - 18900.78 segundos
13: Ciclista 65 - 18451.50 segundos
14: Ciclista 31 - 18300.78 segundos
15: Ciclista 50 - 17701.14 segundos
16: Ciclista 15 - 17400.30 segundos
17: Ciclista 88 - 16952.10 segundos
18: Ciclista 20 - 16650.42 segundos
19: Ciclista 27 - 16500.66 segundos
20: Ciclista 84 - 16051.98 segundos
21: Ciclista 37 - 15600.90 segundos
22: Ciclista 67 - 15301.62 segundos
23: Ciclista 24 - 15000.54 segundos
24: Ciclista 38 - 14550.90 segundos
25: Ciclista 6 - 14400.18 segundos
26: Ciclista 91 - 13952.22 segundos
27: Ciclista 17 - 13650.42 segundos
28: Ciclista 41 - 13201.02 segundos
29: Ciclista 53 - 12751.26 segundos
30: Ciclista 12 - 12450.30 segundos
31: Ciclista 22 - 12000.54 segundos
32: Ciclista 36 - 11550.90 segundos
33: Ciclista 10 - 11250.18 segundos
34: Ciclista 29 - 10800.66 segundos
35: Ciclista 54 - 10501.26 segundos
36: Ciclista 40 - 10050.90 segundos
37: Ciclista 49 - 9601.14 segundos
38: Ciclista 60 - 9301.38 segundos
39: Ciclista 61 - 8851.50 segundos
40: Ciclista 70 - 8401.62 segundos
41: Ciclista 42 - 8101.02 segundos
42: Ciclista 47 - 7651.14 segundos
43: Ciclista 69 - 7201.62 segundos
44: Ciclista 79 - 6751.86 segundos
45: Ciclista 44 - 6451.02 segundos
46: Ciclista 83 - 6001.98 segundos
47: Ciclista 82 - 5851.98 segundos
48: Ciclista 94 - 5252.22 segundos
49: Ciclista 63 - 4951.50 segundos
50: Ciclista 74 - 4501.74 segundos
51: Ciclista 26 - 4200.66 segundos
52: Ciclista 92 - 3752.22 segundos
53: Ciclista 81 - 3301.98 segundos
54: Ciclista 85 - 2851.98 segundos
55: Ciclista 23 - 2550.54 segundos
56: Ciclista 80 - 2101.86 segundos
57: Ciclista 78 - 1651.86 segundos
58: Ciclista 100 - 1052.34 segundos
59: Ciclista 99 - 602.34 segundos

Ciclista 1 quebrou na volta 96 - 18600.00 segundos
Ciclista 2 quebrou na volta 66 - 12900.00 segundos
Ciclista 3 quebrou na volta 54 - 10500.00 segundos
Ciclista 4 quebrou na volta 30 - 6300.00 segundos
Ciclista 5 quebrou na volta 6 - 1350.00 segundos
Ciclista 8 quebrou na volta 18 - 3600.12 segundos
Ciclista 9 quebrou na volta 84 - 16650.12 segundos
Ciclista 11 quebrou na volta 12 - 2100.24 segundos
Ciclista 13 quebrou na volta 6 - 1350.24 segundos
Ciclista 18 quebrou na volta 30 - 6000.36 segundos
Ciclista 19 quebrou na volta 78 - 15300.36 segundos
Ciclista 21 quebrou na volta 12 - 2400.48 segundos
Ciclista 28 quebrou na volta 6 - 1200.60 segundos
Ciclista 30 quebrou na volta 18 - 3300.60 segundos
Ciclista 33 quebrou na volta 78 - 15300.72 segundos
Ciclista 34 quebrou na volta 72 - 14250.72 segundos
Ciclista 35 quebrou na volta 12 - 2400.72 segundos
Ciclista 39 quebrou na volta 30 - 6150.84 segundos
Ciclista 43 quebrou na volta 12 - 2400.96 segundos
Ciclista 45 quebrou na volta 18 - 3300.96 segundos
Ciclista 46 quebrou na volta 84 - 16501.08 segundos
Ciclista 48 quebrou na volta 18 - 3601.08 segundos
Ciclista 51 quebrou na volta 66 - 13201.20 segundos
Ciclista 52 quebrou na volta 12 - 2251.20 segundos
Ciclista 56 quebrou na volta 66 - 13201.32 segundos
Ciclista 57 quebrou na volta 48 - 9151.32 segundos
Ciclista 58 quebrou na volta 42 - 8701.32 segundos
Ciclista 59 quebrou na volta 66 - 12751.32 segundos
Ciclista 62 quebrou na volta 84 - 16501.44 segundos
Ciclista 64 quebrou na volta 6 - 1351.44 segundos
Ciclista 66 quebrou na volta 30 - 5701.56 segundos
Ciclista 71 quebrou na volta 54 - 10951.68 segundos
Ciclista 72 quebrou na volta 12 - 2401.68 segundos
Ciclista 76 quebrou na volta 48 - 9151.80 segundos
Ciclista 77 quebrou na volta 30 - 6001.80 segundos
Ciclista 86 quebrou na volta 48 - 9452.04 segundos
Ciclista 87 quebrou na volta 24 - 5102.04 segundos
Ciclista 90 quebrou na volta 66 - 13502.04 segundos
Ciclista 93 quebrou na volta 60 - 12002.16 segundos
Ciclista 96 quebrou na volta 42 - 7952.28 segundos
Ciclista 97 quebrou na volta 54 - 10352.28 segundos
