Volta 1: 2 1 5 4 3 6 10 8 9 7 15 13 12 11 14 16 17 20 19 18 22 24 23 25 21 30 26 27 29 28 35 31 33 34 32 38 37 36 40 39 44 42 43 45 41 50 49 48 46 47 53 55 52 54 51 60 59 56 57 58 64 65 63 61 62 69 68 67 70 66 75 73 74 72 71 79 77 80 78 76 84 81 82 83 85 89 86 90 87 88 92 93 95 91 94 96 97 98 100 99
Volta 2: 4 3 2 1 5 6 7 8 14 15 13 12 16 20 17 18 19 22 25 23 21 28 29 30 27 35 33 32 31 38 36 37 43 44 41 45 42 46 47 50 49 48 51 53 52 55 56 57 59 60 63 61 62 65 67 68 70 66 75 72 71 73 78 76 79 80 83 82 86 88 87 90 89 93 92 95 98 96 100 97 9 10 11 24 26 34 40 39 54 58 64 69 74 77 81 85 84 91 94 99
Volta 3: 5 4 1 3 6 15 13 18 19 17 20 21 22 28 27 30 29 35 31 33 38 37 42 43 47 49 55 52 57 56 59 60 63 65 66 70 68 75 73 71 79 88 86 90 87 95 92 96 98 2 8 10 7 9 11 12 14 16 25 24 23 26 34 32 36 40 45 44 41 46 50 48 53 51 54 58 62 64 61 67 69 72 74 78 76 77 80 81 82 83 85 84 89 93 94 100 97 39 91
Volta 4: 1 3 6 13 18 19 17 22 21 30 27 29 35 33 38 43 42 47 57 59 65 63 66 70 68 75 88 90 92 4 5 2 10 9 8 7 14 12 15 20 16 23 25 28 34 31 32 37 36 44 45 48 49 53 54 51 52 55 58 56 60 61 62 64 67 74 71 73 79 80 77 78 85 84 83 86 89 87 93 94 95 98 96 100 97 11 24 26 40 41 50 46 69 72 76 82 81 91 39
Volta 5: 1 13 22 21 27 33 42 57 59 63 66 68 75 3 4 6 9 12 15 14 18 20 17 19 25 23 29 30 28 32 31 35 37 38 43 49 47 48 51 53 55 52 56 60 61 65 64 67 70 71 74 73 78 80 79 77 85 84 87 90 88 89 92 93 94 95 100 96 98 97 2 5 7 8 10 11 16 24 34 40 36 41 45 44 54 58 62 69 72 81 83 82 86 91 26 50 46 76
Volta 6: 13 22 42 59 57 75 3 1 15 19 18 17 21 30 28 27 33 31 32 38 37 47 49 51 53 63 64 70 66 68 79 77 85 84 90 87 88 89 94 93 92 97 5 2 4 10 9 7 6 11 12 14 20 25 23 29 34 35 36 41 44 48 55 54 52 58 56 60 62 65 61 67 69 71 74 73 78 82 91 96 100 98 8 16 24 26 40 45 50 46 76 81 83 86
Volta 7: 42 57 59 75 1 3 13 17 18 22 21 30 27 33 31 32 37 38 49 47 51 53 63 64 70 68 77 79 84 85 89 94 92 93 97 5 10 7 9 11 15 14 19 20 23 25 28 35 36 48 52 54 55 56 58 60 61 65 66 67 74 71 73 78 88 90 87 91 100 96 98 4 2 8 6 12 16 24 26 29 34 40 44 45 41 62 69 76 82 81 83 50 46
Volta 8: 42 57 59 75 1 3 13 18 17 21 22 27 30 32 33 38 37 49 47 53 63 77 79 84 89 94 92 97 5 7 14 15 19 20 23 25 31 36 48 51 55 54 56 60 58 64 65 67 66 70 68 71 73 85 90 88 93 91 96 100 2 10 6 9 8 11 12 24 26 29 28 35 44 41 52 62 61 69 74 78 82 83 81 87 98 4 16 34 40 45 76 50 46
Volta 9: 42 59 3 13 17 22 21 30 27 32 38 49 53 57 63 75 77 79 89 92 1 7 15 18 19 23 31 33 37 36 47 48 54 60 70 68 67 84 90 88 91 94 93 100 97 96 5 10 8 9 6 14 11 20 25 28 44 55 51 56 58 64 61 65 69 66 71 73 78 85 81 87 98 2 12 16 24 29 26 35 34 40 45 41 52 62 74 76 82 83 4 50
Volta 10: 59 13 17 30 32 38 42 49 57 75 79 89 92 3 1 19 18 21 22 27 33 31 37 47 53 54 60 63 68 70 77 84 88 94 93 100 96 5 7 9 15 14 11 20 23 28 36 48 51 55 56 58 64 67 66 71 85 90 87 91 97 98 2 8 10 6 12 16 25 24 29 26 35 34 45 44 41 52 65 61 69 73 74 76 78 81 82 4 40 50 62 83
Volta 11: 59 30 32 42 57 75 79 92 1 3 13 17 19 22 21 27 33 38 49 47 54 53 60 63 70 68 77 84 89 88 93 94 96 5 7 9 11 18 20 23 31 37 36 48 51 67 71 90 97 98 100 6 8 10 14 15 25 24 29 28 34 45 44 41 55 56 58 64 65 69 66 73 76 78 82 85 87 91 2 12 16 26 35 40 52 62 61 74 81 4 50
Volta 12: 59 30 75 79 13 17 21 27 32 33 38 42 49 47 53 60 57 63 68 70 77 84 88 89 93 94 92 96 5 3 1 9 7 19 20 18 31 36 37 54 71 98 97 8 10 11 14 15 24 23 34 44 41 45 48 55 51 58 56 64 65 69 66 67 73 85 82 87 90 91 100 2 6 12 16 25 28 26 29 52 61 62 78 76 81 4 35 40 50 74
Volta 13: 59 30 75 17 21 27 33 32 38 42 47 57 70 79 77 89 92 94 93 96 1 3 5 7 9 13 19 31 36 49 54 53 60 63 68 84 88 11 15 20 18 34 37 48 51 55 58 67 69 71 73 82 87 90 91 97 100 98 8 10 6 14 24 23 25 29 41 44 45 56 65 62 64 66 78 76 85 2 4 12 16 26 28 35 40 50 52 61 81
Volta 14: 59 75 27 30 32 38 47 57 70 77 79 94 92 96 3 1 13 17 21 33 31 42 49 53 54 60 63 68 84 88 89 93 5 9 7 11 20 19 18 34 36 37 55 51 58 69 71 98 97 6 8 10 15 14 25 23 24 29 44 45 48 64 62 65 67 66 73 78 82 85 87 90 91 100 4 12 16 28 26 35 41 50 56 61 76 81 2 40 52
Volta 15: 59 75 30 38 57 77 94 92 1 17 21 27 32 33 31 42 49 47 54 68 70 79 89 96 3 5 9 7 13 18 37 53 55 60 63 69 71 84 88 93 98 97 6 10 11 14 20 19 23 29 34 36 44 45 51 58 62 66 73 82 90 87 91 100 8 15 16 24 25 28 41 48 56 61 64 65 67 78 85 81 4 2 12 26 35 40 50 76
Volta 16: 59 75 30 38 57 77 92 1 17 21 27 32 33 31 42 47 49 54 70 68 89 94 96 3 13 18 37 55 60 63 69 79 84 88 93 97 5 10 9 7 11 20 23 29 34 36 45 44 53 51 58 62 71 73 82 90 91 100 98 8 6 14 15 19 16 25 24 41 48 65 66 67 78 81 85 87 4 12 26 28 35 50 56 64 61 76 2 40
Volta 17: 75 57 59 77 92 1 17 21 30 32 33 38 47 54 70 89 96 18 27 31 37 42 49 60 63 68 69 79 84 93 94 97 3 9 10 13 20 34 36 44 53 55 62 73 71 82 88 90 91 98 100 5 7 6 14 11 19 16 25 23 29 45 48 51 58 65 66 78 81 87 4 8 12 15 24 26 28 35 41 50 56 64 61 67 85 2 76
Volta 18: 75 59 77 1 17 21 30 32 33 38 47 54 57 70 89 92 96 27 31 42 49 60 68 79 94 97 13 18 36 37 44 62 69 71 84 88 91 93 100 3 5 10 7 6 11 14 16 19 20 23 34 53 51 55 58 65 66 73 81 82 90 8 15 25 24 29 35 45 50 48 56 64 61 78 85 87 4 12 28 26 41 67 76 2
Volta 19: 75 1 17 21 30 38 47 54 57 59 77 89 92 96 31 32 33 42 70 68 79 94 18 27 36 37 49 60 62 69 84 93 100 97 5 3 10 7 6 13 14 20 23 44 53 55 51 71 73 82 88 90 91 11 16 19 24 25 29 34 35 45 50 48 58 65 66 78 81 87 4 8 12 15 56 61 64 67 76 85 26 28 41
Volta 20: 75 17 30 38 47 77 89 1 21 31 33 32 42 54 57 59 70 79 92 96 27 49 60 68 69 84 94 97 100 7 13 14 18 37 36 44 51 62 90 91 93 3 5 10 6 11 19 20 16 23 29 45 50 48 55 53 65 66 73 71 82 87 88 4 8 15 24 25 34 35 58 56 64 61 67 78 81 12 26 28 41 76 85
Volta 21: 75 30 77 89 1 17 21 32 33 38 42 47 59 57 70 79 96 27 31 54 60 69 68 84 94 92 97 18 37 36 49 51 62 90 91 93 100 3 5 10 7 6 14 13 16 20 23 29 44 45 48 65 73 82 88 8 11 15 19 25 24 35 34 50 55 53 56 64 61 66 71 78 87 4 12 41 58 67 76 81 28 26
Volta 22: 75 30 77 89 1 17 33 38 42 47 57 59 70 79 96 21 27 31 32 54 60 68 69 92 97 36 62 84 93 91 94 100 3 7 13 14 16 18 23 29 37 45 44 49 48 51 65 73 90 88 5 8 6 10 11 15 19 20 24 25 35 34 50 53 55 56 64 66 71 78 82 4 12 58 61 67 76 81 87 26 41 28
Volta 23: 75 30 77 17 33 47 70 79 89 96 1 21 27 32 38 42 54 60 57 59 68 97 31 36 62 69 84 93 92 94 100 13 14 16 29 37 49 51 65 73 88 90 91 5 3 10 7 6 11 20 18 23 45 44 50 48 53 55 56 78 82 8 15 12 19 24 25 35 34 58 61 64 66 67 71 76 81 4 41 87 26
Volta 24: 30 75 17 33 47 77 1 21 27 38 42 54 70 79 89 97 96 32 31 36 60 59 62 69 68 94 93 100 14 29 37 49 51 65 84 90 91 3 6 7 16 18 20 45 44 48 55 53 56 73 78 88 5 10 8 15 12 11 19 24 23 35 34 50 58 64 61 66 71 76 81 4 67 26 41 87
Volta 25: 30 75 77 1 17 27 33 38 47 70 79 89 97 96 21 31 32 36 42 54 60 59 68 94 93 14 29 37 49 62 69 84 100 7 6 20 45 44 55 51 65 73 78 90 91 3 5 8 10 11 15 12 16 18 19 35 34 50 48 53 56 66 71 76 81 88 4 23 24 58 64 61 67 26 41
Volta 26: 30 75 1 17 27 33 47 70 77 79 89 31 32 36 38 42 54 59 60 93 97 96 14 21 29 37 49 62 69 68 94 100 6 20 45 44 51 78 84 90 91 3 5 7 8 10 11 12 18 19 16 35 50 48 55 56 65 66 73 81 15 24 34 53 71 76 88 4 23 58 61 64 67 26 41
Volta 27: 30 75 27 33 77 89 1 17 32 38 42 47 54 70 79 96 97 14 29 31 36 37 59 60 62 69 93 100 6 20 21 45 49 51 68 84 90 91 94 8 7 10 12 19 18 35 44 50 55 56 66 73 78 3 5 11 16 48 65 71 76 81 88 4 15 23 24 34 53 64 67 26 58 61
Volta 28: 30 27 33 75 77 89 1 17 32 38 42 54 70 79 14 29 31 36 47 69 93 97 96 6 37 45 51 59 60 62 84 94 100 8 7 20 18 19 21 35 44 50 49 55 56 66 68 73 78 90 91 3 10 11 12 16 48 71 76 88 5 4 15 23 24 34 65 81 26 53 64 61 67 58
Volta 29: 30 33 75 77 89 17 27 38 70 79 1 14 32 31 36 42 47 54 69 96 97 6 29 51 59 60 93 100 8 18 20 19 21 35 37 45 49 50 56 62 68 73 78 84 90 91 94 10 7 11 44 55 66 88 3 5 15 12 16 23 24 34 48 65 71 76 81 4 53 61 67 26 64
Volta 30: 75 77 17 27 30 33 38 79 1 31 36 42 70 69 97 14 32 47 54 51 60 93 6 8 20 29 35 37 45 49 56 59 62 73 78 84 90 91 100 10 19 18 21 44 50 68 66 94 3 7 11 15 16 23 24 48 55 65 71 76 81 88 4 5 12 34 67 26 53 64
Volta 31: 75 30 79 77 17 27 31 33 38 70 97 1 32 36 42 47 51 54 69 93 8 6 14 29 35 45 49 56 59 60 78 84 90 100 10 19 20 18 21 37 50 62 66 68 73 94 91 3 7 11 16 24 23 44 55 65 71 76 88 5 4 15 12 48 67 81 26 34 53
Volta 32: 75 30 27 31 33 38 79 77 97 1 17 32 42 47 51 70 93 8 14 35 36 45 54 59 60 69 84 10 6 20 18 19 29 37 49 50 56 62 66 73 78 90 91 94 100 3 16 23 21 24 55 65 68 71 76 5 7 15 11 44 67 88 4 12 26 48 81 34 53
Volta 33: 75 27 30 33 79 77 97 1 17 31 32 38 42 47 70 93 14 35 51 54 60 59 69 84 8 6 18 20 29 36 45 50 49 56 62 73 78 90 91 94 100 3 10 19 16 24 37 55 65 66 76 7 11 15 21 23 44 67 68 71 88 5 12 26 48 81 4 34
Volta 34: 75 27 30 77 97 1 33 31 38 42 47 79 14 17 35 32 60 70 69 84 93 6 8 18 20 45 49 54 51 59 62 78 90 100 3 10 19 24 29 36 37 50 55 56 73 76 91 94 16 23 21 44 65 66 68 88 5 7 12 15 11 26 67 71 81 4 34 48
Volta 35: 75 27 77 97 30 31 33 38 42 1 14 32 35 47 70 79 93 8 6 20 17 45 49 54 51 59 60 69 84 19 18 29 36 37 50 55 56 62 73 78 76 90 100 3 10 16 21 23 24 44 65 66 68 88 94 91 5 7 15 12 26 67 71 81 4 11 34
Volta 36: 75 27 30 31 42 77 97 1 14 33 35 38 79 93 20 17 32 47 60 69 70 84 6 8 18 37 45 49 50 55 54 59 56 62 78 76 100 10 19 23 29 36 44 65 73 90 88 94 91 3 5 7 12 16 21 24 68 71 4 11 26 67 81
Volta 37: 75 42 77 97 30 27 31 33 35 38 93 1 14 17 32 47 60 70 69 79 84 6 20 18 37 45 50 49 55 56 59 62 78 8 10 19 29 36 54 65 73 76 90 88 91 100 3 5 7 16 21 24 23 44 68 94 4 12 26 67 71 11
Volta 38: 75 77 97 30 27 35 31 38 42 93 14 32 33 47 60 70 69 79 84 1 6 17 20 37 45 49 55 62 78 8 18 36 50 54 56 59 65 73 76 88 90 91 100 5 3 10 7 16 19 23 29 44 68 94 4 12 24 21 26 11 67 71
Volta 39: 75 77 97 30 35 38 42 14 27 33 32 31 47 70 69 79 84 93 1 6 17 20 49 55 60 62 18 37 45 50 54 59 73 76 78 90 100 8 19 36 44 56 65 88 91 94 5 4 3 7 10 12 16 21 23 24 29 26 68 11 67
Volta 40: 75 30 42 77 97 14 27 32 35 38 47 69 84 93 1 6 20 31 33 49 55 60 62 70 79 18 17 37 45 54 78 76 90 8 19 50 59 65 73 88 91 94 100 5 3 7 10 12 16 23 24 21 29 26 36 44 56 68 4 11 67
Volta 41: 75 30 42 97 14 27 32 35 38 47 77 84 6 20 55 60 70 69 79 93 1 17 31 33 45 49 54 62 90 8 18 19 37 50 59 65 73 78 76 88 91 94 100 5 12 16 23 24 29 26 36 44 56 4 3 10 7 11 21 68
Volta 42: 75 30 14 27 32 38 42 84 97 6 20 35 47 55 79 77 1 17 33 31 45 49 60 70 69 90 93 8 19 37 50 54 59 62 73 78 76 16 24 23 29 26 36 44 65 88 91 94 100 4 5 7 10 11 12 56 68 3 21
Volta 43: 30 75 14 42 84 20 27 32 38 47 55 97 6 17 31 35 49 60 70 69 79 77 90 1 8 33 45 50 54 59 76 93 16 19 24 23 26 37 62 73 78 88 100 5 4 12 29 36 44 56 65 68 94 91 3 10 7 11
Volta 44: 14 30 42 75 20 27 32 38 47 55 84 97 6 35 31 49 69 77 79 90 1 8 17 33 45 54 59 60 70 93 19 23 26 37 50 78 76 88 16 24 29 36 44 56 62 65 68 73 91 100 4 5 3 7 10 11 12 94
Volta 45: 14 30 42 75 20 27 38 55 84 6 31 32 47 77 97 1 17 35 49 54 59 69 70 79 90 8 23 33 37 45 50 60 78 76 93 19 16 24 29 26 36 65 62 68 73 88 91 100 5 4 7 11 12 44 56 3 10
Volta 46: 30 75 14 20 27 42 55 84 6 31 38 97 17 35 32 47 49 59 77 79 90 1 33 45 50 54 60 70 69 93 8 19 16 23 24 26 29 36 37 68 73 76 78 91 100 4 11 12 44 56 65 62 88 3 5 7 10
Volta 47: 75 20 27 30 42 14 38 55 84 97 6 17 32 35 31 49 47 79 90 1 45 50 59 69 77 8 19 23 26 33 36 37 54 60 68 70 73 78 93 91 100 12 16 24 29 44 62 65 76 4 7 11 56 88 3 5
Volta 48: 75 14 20 30 27 38 55 84 6 17 31 32 97 1 35 45 49 50 69 79 77 90 8 23 26 37 59 60 70 68 73 91 93 12 16 24 29 33 36 54 62 65 78 76 100 4 11 44 56 88 5 3 7
Volta 49: 75 14 20 27 30 55 84 17 32 38 97 1 6 35 31 45 50 49 79 77 26 37 59 68 70 69 73 90 93 91 8 12 16 23 33 36 60 62 100 24 29 44 54 65 78 76 88 5 3 4 11 56
Volta 50: 20 55 75 14 17 30 27 32 84 1 6 38 45 50 79 97 26 31 35 37 49 69 68 73 77 90 8 16 23 36 59 60 62 70 91 93 100 12 24 29 33 54 65 78 76 88 4 11 44 3 5 56
Volta 51: 75 20 17 27 55 84 1 14 30 32 38 50 79 97 6 26 31 35 37 45 68 77 23 36 49 59 60 62 70 69 73 90 91 93 8 16 24 29 54 65 78 100 4 12 33 76 88 3 5 11 44
Volta 52: 75 20 55 1 14 17 27 30 32 38 84 97 6 26 31 35 37 45 50 68 79 77 36 49 59 69 70 73 90 93 8 16 23 29 60 62 91 100 4 24 33 54 65 76 78 88 5 3 11 12 44
Volta 53: 20 75 14 17 30 32 38 55 84 97 1 6 27 31 35 37 50 68 79 26 36 45 49 59 70 77 90 8 16 23 60 62 69 73 91 93 100 4 24 29 78 76 88 3 5 11 12 33 54 65
Volta 54: 20 75 14 17 30 32 55 97 1 6 27 38 37 50 68 79 26 31 35 45 59 70 77 90 16 36 49 60 62 69 73 93 4 8 23 29 78 91 100 3 5 12 11 24 33 54 65 88
Volta 55: 14 17 20 75 97 1 6 30 32 38 55 68 27 35 31 37 45 50 79 16 26 36 49 60 59 69 70 73 77 90 4 8 23 62 93 91 100 3 29 54 65 78 5 12 11 24 33
Volta 56: 20 17 75 97 1 14 55 68 6 27 30 31 32 35 38 37 50 79 16 26 45 49 69 70 73 77 90 4 23 36 60 59 93 100 3 8 29 54 62 91 5 11 24 33 65 78 12
Volta 57: 20 97 1 17 68 75 6 14 30 31 38 55 79 27 32 35 37 45 49 50 69 70 4 16 23 26 59 73 77 90 93 3 8 29 36 54 60 62 91 100 5 33 65 78 11 24
Volta 58: 97 20 68 75 1 6 14 17 55 30 32 31 35 37 38 50 49 70 69 79 4 16 23 27 45 59 73 90 93 3 26 29 36 60 62 77 91 100 5 8 33 54 11 24 65 78
Volta 59: 97 20 1 6 17 68 75 14 35 31 32 38 49 50 55 70 69 79 4 16 23 27 30 37 45 90 93 29 59 60 62 73 77 91 3 8 26 33 36 54 100 5 24 65 11
Volta 60: 97 1 6 17 20 68 38 55 69 75 79 16 23 30 27 31 35 32 45 50 49 90 93 4 29 37 62 73 77 91 3 8 26 33 36 60 59 5 24 54 11 65
Volta 61: 97 6 68 1 20 17 38 75 30 35 32 45 50 49 55 69 79 90 93 4 16 23 27 31 62 73 77 8 29 33 37 36 60 91 3 5 26 59 11 24 54
Volta 62: 97 1 6 20 17 38 68 32 45 49 50 69 75 90 93 4 23 30 31 35 55 73 77 79 16 27 37 60 62 91 3 5 8 26 29 33 36 59 11 54 24
Volta 63: 97 1 6 20 17 38 68 50 75 90 93 4 23 30 32 35 45 49 55 69 73 79 77 31 60 62 91 5 3 8 16 29 27 33 36 37 26 59 11 54
Volta 64: 97 6 20 17 38 1 50 68 90 93 4 32 45 49 55 69 73 75 23 30 35 31 62 79 77 5 16 27 36 37 60 91 3 8 29 26 33 59 11 54
Volta 65: 97 6 20 38 1 17 93 45 49 50 55 69 68 73 90 4 35 32 31 62 75 79 77 5 23 30 27 60 91 3 8 16 26 29 33 36 37 59 11
Volta 66: 97 6 20 93 17 45 49 68 69 90 4 31 35 32 50 55 62 75 73 5 23 30 27 79 77 91 3 8 16 29 36 60 26 33 37 11
Volta 67: 97 6 20 93 45 49 69 68 90 17 31 50 55 75 73 5 4 23 27 32 35 62 77 91 8 16 30 29 36 79 3 26 33 37 60
Volta 68: 97 6 93 20 45 49 68 50 55 69 75 90 4 5 17 23 27 31 35 32 62 73 91 30 29 36 79 77 3 8 16 26 33 37 60
Volta 69: 97 6 20 49 68 93 45 55 69 75 90 4 27 31 32 50 91 5 17 23 30 35 62 73 79 77 3 8 16 26 29 33 37 36
Volta 70: 97 6 20 68 93 45 49 55 69 75 90 4 27 31 32 50 91 5 17 23 35 62 73 77 30 26 29 37 36 79 3 8 16 33
Volta 71: 97 6 20 68 93 45 49 55 75 90 27 31 32 69 91 4 5 17 23 35 50 62 73 77 30 29 79 3 8 16 26 37 36
Volta 72: 97 6 20 68 75 90 93 27 32 31 45 49 69 91 4 5 35 50 62 73 17 23 77 3 8 16 29 30 26 36 79 37
Volta 73: 97 6 20 68 90 93 27 32 31 45 49 69 75 91 35 50 62 5 4 23 73 77 3 8 16 17 29 30 36 79 26
Volta 74: 97 6 20 68 90 27 31 45 49 69 91 93 32 35 50 62 75 5 4 73 3 8 17 16 23 30 77 29 36 79 26
Volta 75: 97 68 6 20 27 49 69 90 35 31 32 45 62 75 91 93 4 5 50 73 3 8 16 23 30 77 17 36 79 29
Volta 76: 97 68 6 20 49 90 27 35 32 31 45 69 91 93 4 50 62 75 3 5 16 30 73 77 8 17 23 29 36 79
Volta 77: 97 68 49 90 6 20 27 31 93 32 35 45 62 69 91 4 5 16 30 50 75 3 17 23 73 77 8 29 36
Volta 78: 97 68 49 90 20 27 31 6 35 32 45 62 69 93 4 5 30 50 75 3 16 23 73 8 17 29 77 36
Volta 79: 68 97 20 31 49 90 6 27 32 35 45 93 4 62 69 75 3 5 16 30 50 8 17 23 73 77 29
Volta 80: 68 97 20 49 90 6 27 32 35 31 45 62 69 93 5 4 16 30 75 3 23 50 73 8 17 29 77
Volta 81: 68 97 20 49 90 6 31 27 32 35 45 62 69 93 4 5 30 75 16 23 3 29 50 73 8 17
Volta 82: 68 97 20 6 31 49 90 27 32 35 45 69 93 5 4 62 16 23 30 75 3 50 73 8 17 29
Volta 83: 68 97 20 31 49 90 6 45 69 4 27 35 32 62 93 5 16 30 75 3 23 73 17 50 8
Volta 84: 68 97 20 31 49 69 90 4 6 35 93 5 16 27 32 62 3 23 75 17 50 73 8
Volta 85: 68 97 20 31 49 90 4 6 69 93 35 32 62 3 5 16 27 17 23 50 75 73
Volta 86: 68 97 20 4 6 31 49 69 90 93 35 5 27 32 62 3 16 17 50 73 23 75
Volta 87: 68 97 20 4 6 31 49 69 93 35 90 5 32 17 16 27 50 62 73 3 23
Volta 88: 68 97 20 69 4 6 31 35 49 90 93 5 16 17 27 32 62 73 3 23 50
Volta 89: 68 97 20 69 4 6 35 31 90 93 5 49 16 27 32 73 17 62 3 23
Volta 90: 68 97 20 69 4 6 31 35 5 49 90 93 16 32 73 17 27 62 3 23
Volta 91: 97 68 20 69 4 35 5 6 31 90 32 49 93 16 17 27 62 73 3
Volta 92: 97 68 69 4 20 35 31 5 6 49 90 93 16 32 73 3 17 27 62
Volta 93: 97 68 69 20 35 4 5 6 31 49 90 93 16 32 3 27 73 17
Volta 94: 97 68 69 4 20 35 5 31 49 6 32 90 93 3 16 27 17 73
Volta 95: 97 68 69 4 20 5 35 31 49 90 93 3 6 16 27 32 17
Volta 96: 97 68 69 20 4 35 5 49 90 3 6 32 31 16 27 17
Volta 97: 97 69 68 4 20 35 5 90 3 31 49 6 16 27 32
Volta 98: 97 68 69 20 4 35 90 5 31 49 3 6 16 27 32
Volta 99: 97 69 68 4 20 90 5 35 31 49 3 6 27 16
Volta 100: 97 69 68 4 20 31 35 49 90 5 3 6 27 16
Volta 101: 97 69 68 4 20 35 3 5 31 49 90 6 27
Volta 102: 97 68 69 4 20 35 5 31 49 90 3 6 27
Volta 103: 68 97 69 4 20 35 31 49 90 5 3 6
Volta 104: 97 68 69 4 20 31 35 90 5 49 3 6
Volta 105: 97 69 68 4 20 35 31 49 90 5 3
Volta 106: 97 69 68 4 20 35 31 49 90 3 5
Volta 107: 97 69 68 4 20 35 31 90 49 3
Volta 108: 97 68 69 4 35 20 31 49 90 3
Volta 109: 97 68 69 4 35 20 90 31 49
Volta 110: 97 68 69 35 4 20 31 49 90
Volta 111: 97 68 69 4 20 35 31 49
Volta 112: 97 68 69 4 20 35 31 49
Volta 113: 68 97 69 4 35 20 31
Volta 114: 97 69 68 4 35 20 31
Volta 115: 97 68 69 4 35 20
Volta 116: 97 68 69 4 35 20
Volta 117: 97 68 69 4 35
Volta 118: 97 68 69 4 35
Volta 119: 97 68 69 4
Volta 120: 97 68 69 4
Volta 121: 97 68 69
Volta 122: 97 68 69

Ranqueamento Final:
1: Ciclista 69 - 23551.62 segundos
2: Ciclista 68 - 23401.62 segundos
3: Ciclista 4 - 23100.90 segundos
4: Ciclista 35 - 23100.78 segundos
5: Ciclista 97 - 22952.34 segundos
6: Ciclista 20 - 22950.42 segundos
7: Ciclista 31 - 22650.78 segundos
8: Ciclista 49 - 22351.14 segundos
9: Ciclista 90 - 21752.10 segundos
10: Ciclista 3 - 21600.06 segundos
11: Ciclista 5 - 21000.06 segundos
12: Ciclista 6 - 20700.18 segundos
13: Ciclista 27 - 20400.66 segundos
14: Ciclista 16 - 20100.42 segundos
15: Ciclista 32 - 19650.78 segundos
16: Ciclista 17 - 19350.42 segundos
17: Ciclista 73 - 18901.74 segundos
18: Ciclista 62 - 18451.50 segundos
19: Ciclista 23 - 18150.54 segundos
20: Ciclista 50 - 17701.14 segundos
21: Ciclista 75 - 17401.74 segundos
22: Ciclista 8 - 17100.18 segundos
23: Ciclista 29 - 16650.66 segundos
24: Ciclista 77 - 16201.86 segundos
25: Ciclista 36 - 15900.90 segundos
26: Ciclista 79 - 15451.86 segundos
27: Ciclista 26 - 15150.66 segundos
28: Ciclista 37 - 14700.90 segundos
29: Ciclista 33 - 14250.78 segundos
30: Ciclista 60 - 13801.38 segundos
31: Ciclista 11 - 13650.30 segundos
32: Ciclista 54 - 13351.26 segundos
33: Ciclista 24 - 12900.54 segundos
34: Ciclista 65 - 12451.50 segundos
35: Ciclista 78 - 12001.86 segundos
36: Ciclista 12 - 11700.30 segundos
37: Ciclista 88 - 11102.10 segundos
38: Ciclista 44 - 10951.02 segundos
39: Ciclista 56 - 10501.38 segundos
40: Ciclista 7 - 10050.18 segundos
41: Ciclista 10 - 9600.18 segundos
42: Ciclista 94 - 9152.22 segundos
43: Ciclista 21 - 8850.54 segundos
44: Ciclista 67 - 8401.62 segundos
45: Ciclista 71 - 8101.74 segundos
46: Ciclista 81 - 7800.78 segundos
47: Ciclista 48 - 7351.14 segundos
48: Ciclista 53 - 7051.26 segundos
49: Ciclista 64 - 6601.50 segundos
50: Ciclista 58 - 6301.38 segundos
51: Ciclista 41 - 6001.02 segundos
52: Ciclista 87 - 5402.10 segundos
53: Ciclista 28 - 5100.66 segundos
54: Ciclista 85 - 4501.98 segundos
55: Ciclista 2 - 4200.06 segundos
56: Ciclista 40 - 3750.90 segundos
57: Ciclista 52 - 3301.26 segundos
58: Ciclista 74 - 2851.74 segundos
59: Ciclista 83 - 2401.98 segundos
60: Ciclista 46 - 2101.14 segundos
61: Ciclista 86 - 1502.10 segundos
62: Ciclista 39 - 1200.90 segundos
63: Ciclista 99 - 602.34 segundos

Ciclista 1 quebrou na volta 66 - 12750.00 segundos
Ciclista 9 quebrou na volta 18 - 3750.12 segundos
Ciclista 13 quebrou na volta 24 - 4950.24 segundos
Ciclista 14 quebrou na volta 60 - 11700.24 segundos
Ciclista 15 quebrou na volta 36 - 7500.24 segundos
Ciclista 18 quebrou na volta 42 - 8400.36 segundos
Ciclista 19 quebrou na volta 48 - 9600.36 segundos
Ciclista 22 quebrou na volta 12 - 2250.48 segundos
Ciclista 25 quebrou na volta 24 - 5100.48 segundos
Ciclista 30 quebrou na volta 84 - 16800.60 segundos
Ciclista 34 quebrou na volta 36 - 7800.72 segundos
Ciclista 38 quebrou na volta 66 - 12750.84 segundos
Ciclista 42 quebrou na volta 48 - 9000.96 segundos
Ciclista 43 quebrou na volta 6 - 1200.96 segundos
Ciclista 45 quebrou na volta 84 - 16500.96 segundos
Ciclista 47 quebrou na volta 48 - 9301.08 segundos
Ciclista 51 quebrou na volta 36 - 7051.20 segundos
Ciclista 55 quebrou na volta 72 - 14101.20 segundos
Ciclista 57 quebrou na volta 24 - 4501.32 segundos
Ciclista 59 quebrou na volta 66 - 13501.32 segundos
Ciclista 61 quebrou na volta 30 - 6601.44 segundos
Ciclista 63 quebrou na volta 18 - 3451.44 segundos
Ciclista 66 quebrou na volta 36 - 7351.56 segundos
Ciclista 70 quebrou na volta 60 - 11701.56 segundos
Ciclista 72 quebrou na volta 6 - 1501.68 segundos
Ciclista 76 quebrou na volta 54 - 11101.80 segundos
Ciclista 80 quebrou na volta 6 - 1201.80 segundos
Ciclista 82 quebrou na volta 24 - 5101.92 segundos
Ciclista 84 quebrou na volta 54 - 10351.92 segundos
Ciclista 89 quebrou na volta 30 - 5552.04 segundos
Ciclista 91 quebrou na volta 78 - 15302.16 segundos
Ciclista 92 quebrou na volta 24 - 4652.16 segundos
Ciclista 93 quebrou na volta 96 - 18902.16 segundos
Ciclista 95 quebrou na volta 6 - 1202.16 segundos
Ciclista 96 quebrou na volta 30 - 5702.28 segundos
Ciclista 98 quebrou na volta 18 - 3602.28 segundos
Ciclista 100 quebrou na volta 60 - 12152.28 segundos
