Volta 1: 5 4 3 2 1 8 7 10 6 9 14 11 12 15 13 20 18 16 17 19 25 22 24 23 21 26 30 29 27 28 32 35 34 31 33 40 39 38 37 36 43 41 42 44 45 46 50 49 47 48
Volta 2: 1 4 3 9 10 7 6 8 14 13 11 12 17 16 20 24 21 22 25 23 28 30 31 34 32 33 39 40 41 45 43 44 48 50 46 49 47 5 2 15 18 19 29 26 27 35 37 36 38 42
Volta 3: 4 1 10 8 12 14 13 17 28 30 33 45 44 47 5 3 2 9 6 7 11 15 19 20 16 18 24 22 23 21 25 29 27 26 34 35 31 32 38 40 39 36 43 41 50 48 49 46 37
Volta 4: 4 1 10 8 12 17 33 44 45 5 3 2 6 9 13 11 14 15 20 19 18 23 25 24 21 28 30 26 27 29 34 31 39 38 36 40 43 41 48 50 47 49 46 7 16 22 35 32 37
Volta 5: 1 8 17 33 44 4 3 9 10 15 12 14 13 18 25 28 30 27 29 38 39 40 45 41 47 48 46 2 5 6 7 11 16 20 19 24 23 21 26 31 32 34 36 43 50 49 22 35
Volta 6: 1 17 33 8 10 12 13 25 30 38 44 45 48 5 4 2 6 7 9 14 11 18 16 19 21 23 24 27 28 29 31 34 39 41 46 50 22 26 32 36 43 49 35
Volta 7: 17 33 1 8 10 12 25 30 38 44 45 2 5 4 6 13 14 11 16 18 28 27 39 41 46 48 50 9 7 19 24 22 21 23 29 26 31 34 32 43 49 36
Volta 8: 17 33 1 8 10 12 25 30 38 2 5 4 6 14 13 11 27 39 44 45 46 50 9 7 19 16 18 21 23 24 28 26 34 31 41 43 49 48 22 29 32 36
Volta 9: 17 33 1 10 12 30 38 4 5 8 6 14 11 25 27 44 45 50 2 13 16 18 19 21 34 31 39 46 48 7 9 22 23 24 29 28 26 43 41 49 32
Volta 10: 33 12 17 38 5 4 1 8 10 14 11 30 45 50 2 6 13 21 25 27 31 44 46 48 7 16 18 19 24 22 26 28 29 34 39 43 41 49 9 23 32
Volta 11: 33 12 17 4 8 10 38 50 1 5 2 14 11 13 25 21 30 27 31 44 45 48 7 6 16 18 19 24 22 29 28 34 39 43 41 46 49 23 26 9
Volta 12: 33 12 4 38 50 2 1 8 10 11 14 13 25 30 27 31 45 48 5 7 6 19 18 22 21 24 28 39 41 49 46 26 29 34 43 23 9
Volta 13: 12 33 2 4 1 8 10 13 11 14 25 27 30 38 45 50 48 5 6 19 18 22 21 24 28 31 41 46 7 26 29 34 39 43 49 23
Volta 14: 12 33 1 4 8 45 50 48 2 5 10 11 13 14 19 18 22 25 24 30 27 28 31 38 6 7 21 29 34 39 41 46 49 26 43 23
Volta 15: 12 33 1 4 8 45 48 50 2 5 10 11 13 19 25 22 28 27 31 38 6 7 14 18 21 24 29 30 41 46 26 34 39 49 43
Volta 16: 12 33 4 45 48 2 1 8 10 19 22 28 31 38 50 5 6 11 14 13 18 21 24 25 30 27 41 7 29 26 34 39 49 46 43
Volta 17: 12 4 33 45 1 2 19 28 31 50 48 5 10 6 8 14 11 24 22 30 38 7 13 18 21 25 26 27 29 34 39 41 46 49
Volta 18: 12 4 33 45 1 2 28 31 50 48 10 11 19 22 38 5 8 6 7 25 24 27 34 39 41 13 18 21 29 26 46 49
Volta 19: 12 4 33 45 31 50 48 2 1 19 28 38 5 7 10 8 6 11 22 25 27 34 39 41 13 18 24 21 26 29 46
Volta 20: 12 4 33 45 48 2 19 28 31 50 1 5 10 6 11 25 22 27 38 41 8 7 24 26 34 39 46 13 18 21 29
Volta 21: 12 33 4 45 2 19 31 48 5 1 6 11 25 28 41 50 7 8 10 24 22 26 27 34 38 39 46 13 18 21
Volta 22: 12 33 4 45 2 19 48 5 1 11 31 50 10 6 22 25 27 28 34 39 41 46 7 8 13 24 26 38 18 21
Volta 23: 33 12 45 4 2 19 48 11 31 50 1 5 10 25 28 34 39 41 46 7 6 8 13 22 24 27 18 26 38
Volta 24: 33 12 2 4 19 45 48 50 5 1 11 28 31 39 46 8 6 13 25 24 22 27 34 41 7 18 26 38
Volta 25: 33 12 2 19 4 45 48 50 5 1 31 6 13 11 22 24 28 34 39 41 46 7 8 18 25 27 26
Volta 26: 33 2 12 19 4 45 48 50 1 5 6 11 13 24 28 31 34 39 41 46 8 7 18 25 22 27 26
Volta 27: 33 2 12 4 19 50 48 5 45 1 13 24 28 31 41 46 7 6 11 18 25 22 27 34 39 8
Volta 28: 33 2 12 19 48 5 4 50 1 24 28 31 45 41 6 13 11 22 25 27 34 39 46 8 7 18
Volta 29: 33 12 2 4 5 19 48 50 1 45 41 13 25 24 27 28 34 31 46 7 8 6 11 22 39
Volta 30: 33 12 4 5 19 48 50 1 13 25 24 28 27 34 31 41 45 7 6 8 11 22 39
Volta 31: 33 12 5 4 19 50 48 13 24 28 34 31 45 1 7 8 6 11 25 27 41 22
Volta 32: 33 12 5 19 4 13 24 28 34 45 48 50 1 25 27 31 6 8 7 11 22 41
Volta 33: 33 12 19 5 4 13 24 50 48 1 28 34 31 45 8 7 6 11 25 27 22
Volta 34: 33 12 19 5 4 48 50 1 13 24 28 31 34 45 7 6 8 11 22 25 27
Volta 35: 33 19 12 5 4 50 48 1 13 28 34 45 7 24 31 6 8 11 22 25
Volta 36: 33 19 12 5 4 50 48 13 28 34 1 24 31 45 7 11 25 6 8 22
Volta 37: 19 33 12 4 5 50 13 48 1 28 34 31 45 7 11 24 25 6 8
Volta 38: 19 33 12 4 5 48 50 1 13 28 34 7 11 25 31 45 6 24 8
Volta 39: 19 33 12 4 50 5 1 28 48 13 11 34 31 45 6 7 25 24
Volta 40: 33 12 19 4 50 1 5 48 11 28 31 7 13 24 34 45 6 25
Volta 41: 19 33 12 5 1 4 50 48 11 28 31 34 45 6 7 13 24
Volta 42: 33 12 19 5 1 4 48 50 11 28 31 34 7 24 6 13
Volta 43: 33 12 5 4 19 50 48 1 11 28 24 31 34 6 7
Volta 44: 12 33 5 19 48 50 4 1 11 28 24 34 6 7 31
Volta 45: 12 33 5 48 4 1 19 50 11 24 28 7 34 6
Volta 46: 12 33 5 19 50 48 1 4 24 28 11 6 7 34
Volta 47: 12 33 5 19 48 50 4 1 11 24 28 6 7
Volta 48: 12 33 5 19 48 4 50 1 11 24 6 28 7
Volta 49: 33 12 19 5 4 48 50 1 24 6 11 28
Volta 50: 33 12 19 48 4 5 50 1 6 24 28 11
Volta 51: 33 12 19 48 4 5 50 1 24 28 6
Volta 52: 12 19 33 4 48 50 1 5 28 6 24
Volta 53: 19 33 12 4 50 48 1 5 6 28
Volta 54: 19 33 12 4 48 50 1 6 5 28
Volta 55: 19 33 4 12 48 50 5 1 6
Volta 56: 19 33 4 12 50 48 1 5 6
Volta 57: 33 4 12 19 50 48 1 5
Volta 58: 12 19 33 4 48 50 1 5
Volta 59: 33 4 12 19 48 50 1
Volta 60: 4 12 19 33 50 48 1
Volta 61: 19 33 4 12 48 50
Volta 62: 19 33 4 12 50 48
Volta 63: 33 4 19 12 50
Volta 64: 33 4 19 12 50
Volta 65: 4 33 19 12
Volta 66: 4 33 19 12
Volta 67: 4 19 33
Volta 68: 4 33 19
Volta 69: 4 33
Volta 70: 4 33

Ranqueamento Final:
1: Ciclista 33 - 1335.78 segundos
2: Ciclista 19 - 1320.42 segundos
3: Ciclista 4 - 1320.06 segundos
4: Ciclista 12 - 1305.30 segundos
5: Ciclista 50 - 1261.14 segundos
6: Ciclista 48 - 1231.14 segundos
7: Ciclista 1 - 1215.06 segundos
8: Ciclista 5 - 1185.06 segundos
9: Ciclista 6 - 1140.18 segundos
10: Ciclista 28 - 1095.66 segundos
11: Ciclista 24 - 1050.54 segundos
12: Ciclista 11 - 1020.30 segundos
13: Ciclista 7 - 990.18 segundos
14: Ciclista 34 - 945.78 segundos
15: Ciclista 31 - 900.78 segundos
16: Ciclista 13 - 870.30 segundos
17: Ciclista 25 - 825.54 segundos
18: Ciclista 8 - 795.18 segundos
19: Ciclista 22 - 750.54 segundos
20: Ciclista 27 - 705.66 segundos
21: Ciclista 41 - 661.02 segundos
22: Ciclista 39 - 615.90 segundos
23: Ciclista 18 - 585.42 segundos
24: Ciclista 26 - 555.66 segundos
25: Ciclista 38 - 510.90 segundos
26: Ciclista 21 - 480.54 segundos
27: Ciclista 29 - 435.66 segundos
28: Ciclista 49 - 391.14 segundos
29: Ciclista 43 - 361.02 segundos
30: Ciclista 23 - 330.54 segundos
31: Ciclista 9 - 300.18 segundos
32: Ciclista 32 - 255.78 segundos
33: Ciclista 36 - 195.90 segundos
34: Ciclista 35 - 165.78 segundos
35: Ciclista 37 - 105.90 segundos
36: Ciclista 42 - 61.02 segundos

Ciclista 2 quebrou na volta 30 - 555.00 segundos
Ciclista 3 quebrou na volta 6 - 135.00 segundos
Ciclista 10 quebrou na volta 24 - 495.12 segundos
Ciclista 14 quebrou na volta 18 - 360.24 segundos
Ciclista 15 quebrou na volta 6 - 135.24 segundos
Ciclista 16 quebrou na volta 12 - 255.36 segundos
Ciclista 17 quebrou na volta 12 - 210.36 segundos
Ciclista 20 quebrou na volta 6 - 135.36 segundos
Ciclista 30 quebrou na volta 18 - 375.60 segundos
Ciclista 40 quebrou na volta 6 - 120.84 segundos
Ciclista 44 quebrou na volta 12 - 255.96 segundos
Ciclista 45 quebrou na volta 42 - 840.96 segundos
Ciclista 46 quebrou na volta 30 - 601.08 segundos
Ciclista 47 quebrou na volta 6 - 121.08 segundos
