Volta 1: 2 5 3 1 4 6 9 10 7 8 11 13 14 12 15 18 17 19 20 16 22 24 21 23 25 30 29 28 27 26 33 32 35 34 31 39 40 36 37 38 42 44 41 45 43 48 46 49 47 50 54 55 53 51 52 59 58 56 60 57 63 64 61 65 62 67 68 70 69 66 71 73 72 75 74 79 76 78 80 77 83 84 85 82 81 87 89 86 88 90 95 91 92 93 94 100 98 99 96 97
Volta 2: 2 1 8 7 10 9 13 14 19 17 16 24 21 25 22 27 26 28 30 29 31 35 34 37 40 39 38 42 43 41 44 49 46 50 48 53 54 52 51 55 60 58 57 56 65 63 64 61 62 68 69 70 67 73 72 71 74 75 76 78 77 80 79 85 81 84 82 87 90 88 89 86 94 92 91 97 100 98 99 96 5 4 3 6 11 12 15 18 20 23 33 32 36 45 47 59 66 83 95 93
Volta 3: 1 7 9 10 14 19 22 21 24 25 29 30 31 34 37 39 38 40 42 43 49 46 55 51 56 57 58 62 65 64 63 70 67 73 72 71 75 74 76 78 80 77 85 81 90 86 88 89 91 94 92 97 5 3 2 8 6 13 15 11 12 16 17 18 23 28 26 27 35 33 32 36 41 44 45 50 47 48 54 53 52 59 60 61 69 66 68 79 83 82 84 87 95 98 99 100 96 4 20
Volta 4: 1 7 9 14 19 25 21 22 24 30 29 34 31 37 40 38 43 42 46 49 55 51 57 58 56 64 65 63 62 70 72 74 75 77 78 76 80 85 90 88 86 94 92 91 2 3 10 6 11 12 15 16 17 18 23 28 26 27 35 36 39 45 44 50 48 47 53 54 52 61 66 67 68 71 73 81 82 83 89 97 100 98 96 99 5 4 8 13 20 33 32 41 60 59 69 79 84 87 95
Volta 5: 1 7 14 19 21 22 34 37 40 38 42 46 55 51 56 57 65 70 75 74 80 76 78 85 92 3 9 12 15 17 25 23 24 26 27 29 30 31 36 39 45 43 44 50 47 49 53 52 58 62 64 61 63 66 68 73 72 71 77 83 81 86 89 88 90 91 94 100 97 98 99 5 2 4 8 6 10 13 11 20 18 16 28 35 32 33 41 48 54 59 69 67 82 84 87 96 60 79
Volta 6: 14 19 22 21 42 51 56 57 65 70 74 80 76 85 92 1 7 9 12 17 24 25 26 29 27 31 40 38 37 36 39 43 45 44 46 50 49 55 58 63 62 64 66 75 77 78 83 81 88 89 91 100 3 2 4 5 10 6 8 15 11 16 18 23 30 33 32 41 54 52 53 59 61 69 68 71 72 73 82 84 90 86 99 96 98 97 13 20 28 35 48 60 67 79 87
Volta 7: 19 21 22 56 57 70 76 85 1 7 9 14 24 39 38 37 43 42 45 46 55 51 58 65 63 66 74 78 80 77 83 89 92 91 100 2 4 8 10 15 11 12 17 23 25 27 29 26 32 31 40 36 41 44 50 49 54 52 53 61 62 64 69 68 73 72 71 75 81 84 82 88 99 97 96 98 5 3 6 13 16 20 18 28 30 33 35 59 67 79 90 86 48 60
Volta 8: 19 21 22 7 14 24 39 37 42 51 57 56 63 70 74 78 76 80 85 89 92 100 1 9 10 15 11 17 25 27 29 26 32 40 38 44 43 45 49 46 50 55 53 58 64 62 65 66 69 68 75 73 77 83 82 81 91 98 96 2 5 4 3 8 6 13 12 16 23 28 31 33 35 36 41 52 54 59 61 67 72 71 79 84 88 90 97 99 18 20 30 60 86 48
Volta 9: 19 22 7 21 24 37 42 51 63 76 85 89 100 1 9 11 15 14 17 29 32 38 39 40 43 50 55 58 57 56 64 65 70 68 69 66 74 73 78 80 83 82 81 92 91 5 4 8 10 13 16 25 23 26 27 33 35 31 44 45 41 49 46 52 54 53 62 61 67 72 75 77 79 84 88 98 96 97 99 3 2 6 12 20 28 30 36 59 71 86 90 18 60
Volta 10: 19 22 21 24 51 85 89 100 1 7 14 17 32 40 39 38 37 43 42 50 55 57 65 63 66 69 74 76 80 91 92 9 10 8 15 11 16 23 29 26 27 35 31 44 45 49 46 53 54 52 58 56 62 64 61 68 67 70 72 73 75 77 79 78 82 81 83 84 88 96 99 97 3 2 4 5 6 12 13 20 25 28 33 36 41 71 90 98 18 30 59 60 86
Volta 11: 19 22 24 51 85 89 1 14 17 21 32 38 39 37 42 50 65 63 66 69 74 80 76 92 100 7 15 11 16 29 31 40 43 44 54 55 53 58 56 57 64 62 68 67 75 73 72 79 77 81 84 82 83 88 91 96 4 6 8 9 10 13 23 25 27 26 35 33 36 45 46 49 52 61 70 78 90 99 97 98 2 5 3 12 18 20 28 30 41 59 71 60
Volta 12: 19 22 24 51 1 14 17 21 32 37 38 42 50 63 65 69 74 80 76 85 89 92 100 15 11 16 31 39 40 43 44 58 57 56 62 68 66 72 77 83 81 82 88 91 96 4 8 10 9 25 27 26 29 35 33 45 49 46 53 55 54 61 64 70 75 73 79 78 84 90 99 97 5 3 6 12 13 18 23 28 30 36 41 52 59 71 98 20 60
Volta 13: 19 22 1 14 17 21 24 50 51 63 65 69 74 85 89 92 11 15 31 32 40 38 37 39 44 42 43 57 56 58 62 68 66 80 76 83 88 100 10 9 16 26 29 33 35 46 49 53 64 70 73 72 75 78 79 77 84 82 81 91 99 97 96 4 5 8 12 13 18 23 25 28 27 36 45 52 54 55 59 61 71 90 98 3 6 20 30 41
Volta 14: 19 22 1 14 24 21 51 65 69 74 89 92 15 11 17 32 31 44 43 50 57 58 56 63 68 76 85 88 100 9 10 26 29 33 37 38 39 40 42 49 62 66 72 75 80 77 78 82 83 84 81 91 4 5 8 12 16 25 28 35 46 55 52 53 59 64 61 70 71 73 79 90 97 96 99 98 3 6 13 18 20 23 30 27 36 45 41 54
Volta 15: 19 22 21 24 51 65 74 1 14 15 11 17 32 43 44 50 56 63 69 68 88 89 92 100 10 9 31 38 39 42 49 58 57 62 66 75 78 76 77 80 81 85 83 4 12 25 28 29 26 35 33 40 37 46 52 53 55 59 64 61 70 72 73 79 84 82 90 91 96 97 99 5 3 8 13 16 20 18 27 36 45 41 71 98 6 23 30
Volta 16: 19 22 21 51 65 74 1 14 15 17 24 32 44 43 63 69 89 88 100 9 11 31 38 39 42 50 49 56 58 68 66 75 77 76 81 92 10 12 28 26 33 40 46 55 53 52 57 59 62 64 61 70 73 72 78 80 79 83 85 82 84 90 96 99 97 4 5 8 18 25 29 27 35 37 71 91 98 3 13 16 20 30 36 41 45 6 23
Volta 17: 19 22 21 51 65 74 15 14 24 43 100 1 11 17 32 44 42 56 63 68 69 66 77 81 88 89 92 10 9 12 26 31 39 40 38 50 49 52 55 53 58 59 64 62 61 73 75 76 79 82 85 83 90 99 4 5 29 28 33 35 46 57 70 71 72 78 80 84 96 97 8 13 16 18 25 27 36 37 41 45 91 98 3 6 20 30
Volta 18: 19 22 51 74 15 14 24 21 65 100 1 32 43 44 56 63 66 77 89 92 10 9 11 17 26 40 39 42 49 50 55 59 58 61 62 64 69 68 75 76 79 85 81 83 88 99 5 4 12 28 29 33 38 53 57 70 71 72 73 80 82 90 97 96 8 13 18 25 27 35 36 41 46 78 84 91 98 3 20 30 37 6
Volta 19: 19 22 14 21 24 51 65 74 100 15 32 44 56 66 77 89 1 9 11 17 42 43 50 58 61 62 63 68 69 79 76 83 85 88 92 99 5 10 12 28 26 33 38 39 40 49 53 55 57 59 64 71 72 73 75 82 81 90 97 4 8 13 25 29 27 35 36 46 70 78 80 91 98 96 3 20 18 37 41 84 30
Volta 20: 19 14 22 51 74 15 21 24 32 44 56 65 66 77 89 100 9 11 17 43 42 58 61 62 63 68 69 76 83 88 92 99 1 12 26 39 50 49 55 53 57 59 64 71 75 79 81 85 90 97 4 5 10 8 13 25 28 33 35 40 36 38 70 73 72 80 82 98 96 18 27 29 37 41 46 78 91 3 20 30 84
Volta 21: 19 22 51 14 24 21 32 44 56 66 74 77 100 9 15 11 43 42 63 65 68 69 89 88 92 99 1 17 26 39 50 53 55 58 59 62 61 75 76 79 85 83 90 5 8 13 12 25 28 35 33 38 40 49 57 64 70 71 73 80 81 97 98 4 10 27 29 37 36 46 72 78 82 91 96 3 18 20 41 30
Volta 22: 19 22 51 14 24 32 44 74 100 9 15 21 42 56 65 63 69 66 68 77 89 92 99 1 11 17 26 43 50 55 53 59 58 62 75 76 83 88 90 5 8 12 13 25 35 40 39 49 61 70 71 73 79 80 85 4 10 28 29 27 33 36 38 57 64 72 78 81 91 98 97 20 37 41 46 82 96 3 18 30
Volta 23: 19 22 14 24 32 44 51 74 15 21 56 65 66 77 92 100 99 9 11 42 50 55 53 58 59 63 62 68 69 75 76 83 90 89 88 1 8 17 25 26 39 40 43 61 73 4 5 10 12 13 27 28 35 33 36 38 49 57 64 70 71 78 80 79 85 98 97 29 37 41 46 72 81 91 96 3 20 18 82
Volta 24: 19 14 24 22 51 21 32 44 56 66 74 100 9 11 15 42 50 63 65 69 75 77 83 88 89 92 99 1 17 25 26 40 43 53 55 58 59 62 61 68 76 5 10 8 12 27 33 35 39 49 57 64 70 73 71 80 79 85 97 98 4 13 29 36 41 78 81 91 96 3 20 18 37 46 72 82
Volta 25: 19 24 22 51 14 21 32 44 66 74 100 9 15 42 50 56 65 69 77 88 92 99 1 11 25 40 43 53 55 59 62 63 61 68 75 83 89 5 8 10 12 17 26 27 33 39 58 64 70 73 76 79 4 13 35 41 49 57 71 80 81 85 91 98 96 97 18 29 36 37 46 72 78 3 20
Volta 26: 19 22 14 24 21 32 51 66 74 100 42 44 50 56 65 77 9 11 15 55 53 59 63 62 69 68 75 89 88 92 99 1 8 10 17 25 27 39 40 43 61 70 73 76 83 5 12 26 35 33 41 49 57 58 64 79 80 85 81 96 98 97 4 13 18 37 36 46 71 91 3 20 29 72 78
Volta 27: 19 22 14 21 24 51 74 32 42 50 56 65 66 77 100 9 11 15 44 53 68 69 88 89 99 1 10 17 25 27 39 40 43 55 59 63 62 61 70 75 83 92 5 8 12 35 41 49 73 79 76 85 81 4 26 33 36 37 46 58 57 64 71 80 91 98 96 97 13 18 29 72 3 20
Volta 28: 19 22 14 74 24 21 32 50 51 65 66 77 100 9 11 44 42 56 69 88 89 99 10 15 17 27 39 40 43 55 53 59 62 63 61 70 68 75 83 92 5 1 8 12 25 35 73 76 85 4 26 33 41 46 49 58 57 71 79 80 81 96 97 98 13 18 37 36 64 91 3 20 29 72
Volta 29: 19 22 14 21 24 51 74 77 11 32 42 50 65 66 69 88 89 100 10 9 17 27 39 40 44 43 56 62 61 68 70 92 99 5 15 12 25 35 55 53 59 63 75 85 83 1 4 8 41 46 49 57 73 71 76 79 80 81 96 13 26 33 37 36 58 64 91 97 98 20 18 29 3
Volta 30: 19 22 24 21 74 77 11 32 42 50 51 65 69 66 89 100 9 17 27 39 44 56 70 88 92 5 10 15 25 35 40 43 53 62 63 61 68 75 99 8 12 41 46 55 59 73 79 76 83 85 96 4 1 13 33 49 58 57 64 71 80 81 98 97 20 26 37 36 91 18 29 3
Volta 31: 22 19 24 74 77 11 21 50 51 66 89 9 17 27 32 42 56 65 69 92 100 5 10 15 25 40 39 44 43 63 61 62 70 68 75 88 99 8 12 35 55 53 59 73 79 76 85 83 4 13 33 41 46 49 57 64 71 80 81 96 1 26 37 58 91 98 97 20 18 29 36
Volta 32: 19 22 74 11 24 21 50 51 66 77 17 27 42 56 65 69 89 92 100 10 9 15 25 32 40 39 44 43 62 63 70 68 88 5 8 12 35 53 55 61 73 75 79 76 83 85 99 4 13 41 49 59 57 64 96 1 33 37 46 71 80 81 20 18 26 29 36 58 91 97 98
Volta 33: 19 22 24 50 66 74 77 11 17 21 27 51 56 65 89 92 100 9 25 32 43 42 69 88 5 10 12 15 35 40 39 44 53 61 62 63 70 68 73 75 76 79 85 99 4 8 41 55 59 57 83 96 13 37 49 64 71 80 81 1 18 20 26 33 36 46 58 91 29 97
Volta 34: 19 22 50 74 77 11 17 24 51 56 65 66 89 100 9 21 27 43 42 69 88 92 10 12 15 25 32 40 44 53 63 62 70 75 73 76 99 5 4 8 35 39 41 61 68 79 83 85 96 13 37 49 55 57 59 64 80 81 1 26 33 36 46 71 18 20 29 58 91 97
Volta 35: 19 22 50 74 77 51 56 66 100 9 11 17 21 24 65 69 89 92 10 15 12 25 27 32 44 42 43 53 62 63 70 75 88 99 4 5 39 40 68 73 79 76 85 83 8 13 35 41 49 55 59 57 61 80 81 96 1 26 37 64 71 20 18 29 33 36 46 58 91
Volta 36: 19 22 77 50 51 66 74 100 9 11 17 24 56 65 69 89 92 15 21 27 32 44 42 62 70 88 99 4 5 10 12 25 40 39 43 53 63 75 76 83 8 13 35 49 59 61 68 73 79 80 85 96 37 55 57 64 71 81 1 20 26 33 36 46 58 29 91
Volta 37: 19 77 22 50 51 66 74 11 17 24 65 89 92 100 9 21 27 44 56 70 69 88 99 4 10 12 15 25 32 39 40 42 53 62 63 83 5 8 13 35 43 49 59 68 73 75 80 76 79 85 37 55 57 61 64 71 81 96 1 20 26 33 36 29 46 58
Volta 38: 19 77 22 50 51 66 74 65 89 100 9 11 17 24 21 27 44 56 70 69 92 99 10 15 25 32 39 42 62 63 88 5 4 8 12 35 40 43 49 53 68 75 73 80 76 83 85 13 59 57 61 64 71 79 81 96 1 37 55 20 29 26 33 36 46 58
Volta 39: 19 77 22 50 51 66 65 74 89 100 9 24 21 27 44 56 69 92 99 11 15 17 32 39 42 63 70 88 4 5 8 10 12 25 35 40 43 49 53 62 68 73 76 80 85 13 57 59 61 75 79 83 81 96 37 64 71 1 20 33 36 46 55 29 26
Volta 40: 19 22 51 66 77 50 74 89 9 24 27 44 65 92 100 99 15 11 17 21 39 42 56 63 70 69 88 4 5 10 8 25 35 32 40 43 49 53 62 80 85 13 12 59 68 73 75 76 81 83 96 37 57 61 71 79 1 33 36 46 55 64 20 26 29
Volta 41: 22 66 77 19 50 51 74 9 24 89 92 100 99 11 17 21 27 39 44 56 65 63 69 70 8 10 15 35 42 49 53 62 80 88 5 4 13 12 25 32 40 43 68 75 73 83 85 81 59 57 61 76 96 1 33 37 46 55 64 71 79 20 36 26
Volta 42: 22 66 77 19 51 74 9 50 11 17 21 24 27 39 56 65 63 70 69 89 92 100 99 10 15 35 44 53 62 80 88 8 12 13 32 40 43 42 49 68 81 83 5 4 25 59 61 73 76 85 37 57 64 71 79 96 1 20 33 46 55 36 26
Volta 43: 22 66 77 74 19 51 9 21 50 56 63 70 69 89 92 100 99 10 11 15 17 24 27 39 44 53 65 62 88 8 12 13 35 40 43 42 49 68 80 4 5 25 32 59 73 76 83 81 37 57 61 79 85 96 1 20 33 46 55 64 71 36
Volta 44: 66 77 22 19 51 74 9 21 50 56 69 99 10 11 17 24 27 39 44 53 63 65 70 89 88 92 100 12 15 13 35 42 49 62 68 80 5 4 8 25 40 43 73 76 83 81 32 37 57 59 61 79 85 96 20 46 55 71 1 33 36 64
Volta 45: 66 22 77 19 74 9 21 51 56 99 17 24 44 50 53 65 63 70 69 88 89 10 11 12 27 39 42 62 68 80 92 100 5 8 15 13 35 40 43 49 73 76 4 25 32 37 59 57 61 81 85 83 96 55 71 79 1 20 33 36 46
Volta 46: 66 22 74 77 9 19 21 51 56 99 17 44 50 63 69 89 10 24 27 39 53 65 70 88 11 12 15 35 42 62 68 73 76 80 92 100 4 5 8 13 25 32 40 37 43 49 59 61 83 96 57 85 81 20 33 36 46 55 71 79 1
Volta 47: 66 22 74 77 9 19 51 56 99 17 21 44 50 89 10 24 27 63 65 70 69 88 35 39 53 62 68 73 80 92 100 5 4 8 13 11 15 12 25 37 40 42 43 49 61 76 83 96 32 59 85 33 36 55 57 71 79 81 20 46
Volta 48: 66 22 19 74 77 99 9 17 50 51 56 89 21 44 63 65 69 10 24 27 35 39 53 62 70 68 73 88 5 4 8 13 11 25 40 43 49 80 76 92 100 12 37 42 59 61 83 96 32 36 55 57 71 81 85 33 46 79 20
Volta 49: 66 19 22 74 77 99 9 50 51 56 89 17 21 44 65 63 69 27 35 39 53 4 10 13 11 24 25 40 49 62 70 68 73 80 88 92 100 5 8 37 42 43 61 76 96 12 32 55 59 71 81 85 83 33 36 46 57 79
Volta 50: 66 19 22 77 99 50 74 9 17 21 51 56 63 65 69 89 27 35 39 44 53 24 25 40 49 62 70 68 73 80 88 92 100 5 4 8 10 11 13 42 12 32 37 43 55 59 61 71 76 85 83 96 36 46 57 81 33 79
Volta 51: 66 22 99 19 50 77 9 17 56 74 21 35 51 63 65 69 89 27 39 44 53 62 68 80 100 4 11 13 24 25 40 42 49 70 73 88 92 5 8 10 12 37 43 59 76 83 85 96 32 55 57 61 71 81 33 36 46
Volta 52: 66 22 19 77 99 9 50 56 74 17 21 35 63 65 69 27 39 51 53 68 89 100 4 13 24 40 42 44 62 70 73 80 88 92 5 8 11 12 25 37 49 59 85 83 96 10 32 43 55 61 71 76 81 36 46 57 33
Volta 53: 22 66 19 99 9 50 77 17 21 35 56 63 65 69 74 39 51 53 100 4 13 27 40 44 42 62 68 73 80 89 92 5 8 11 24 25 37 49 59 70 88 96 10 12 32 43 55 71 83 85 36 46 57 61 76 81
Volta 54: 66 22 99 19 50 77 9 17 21 35 56 65 63 69 74 39 51 53 4 13 27 42 68 89 92 100 8 24 37 40 49 59 62 70 73 80 88 5 12 11 25 32 43 55 71 83 85 96 10 36 81 57 61 76
Volta 55: 66 19 22 50 77 99 9 17 35 56 63 69 74 21 53 65 4 13 27 39 42 51 68 89 24 40 49 70 73 80 88 92 100 5 8 12 25 37 43 55 59 62 71 85 83 11 32 36 81 96 10 57 61
Volta 56: 66 22 50 19 17 35 63 69 74 77 99 9 21 56 65 13 42 51 53 68 89 4 24 27 40 39 73 80 100 8 12 37 49 55 59 62 70 71 88 92 5 11 25 32 36 43 81 85 83 96 10 61 57
Volta 57: 50 66 19 22 35 99 9 17 21 56 63 65 69 74 77 13 42 51 53 68 89 4 27 39 100 8 12 24 37 40 49 59 70 73 71 80 92 5 11 25 43 55 62 85 81 88 10 32 36 61 83 96
Volta 58: 66 22 35 50 99 9 19 17 21 65 63 69 74 13 51 53 56 68 77 4 27 39 42 89 100 8 40 49 70 73 80 92 5 12 11 25 24 37 55 59 62 71 81 85 88 10 36 43 61 83 96 32
Volta 59: 22 35 50 66 99 9 19 63 13 17 21 51 56 65 68 69 74 77 4 27 42 53 89 100 8 40 39 49 73 80 92 5 11 12 24 25 37 55 59 70 71 81 36 62 83 85 88 10 43 61 96
Volta 60: 22 35 66 99 19 63 9 13 17 51 56 68 69 77 42 53 65 89 4 8 39 40 49 73 92 100 5 11 12 59 70 71 80 81 24 25 55 83 85 10 36 43 62 61 88
Volta 61: 22 35 66 99 19 9 13 17 63 68 53 51 56 69 77 4 40 42 49 65 73 89 92 100 5 8 12 39 80 81 11 24 25 55 59 70 71 85 36 61 62 83 10 43
Volta 62: 22 35 66 19 99 9 13 17 63 51 69 68 77 4 40 42 53 56 73 89 92 5 12 49 65 80 100 8 11 24 39 70 71 85 81 25 55 59 61 83 10 36 62 43
Volta 63: 22 66 35 99 9 19 63 13 17 51 68 69 77 40 42 53 56 73 89 92 5 4 12 49 80 24 39 65 70 81 85 100 8 11 25 55 59 61 71 83 36 62 10
Volta 64: 22 66 19 35 63 99 9 13 17 51 69 40 56 68 73 77 89 4 5 12 42 49 53 92 24 39 65 70 80 85 100 8 11 59 61 71 81 83 25 36 55 10 62
Volta 65: 22 66 19 35 99 9 13 51 63 17 40 69 68 77 89 12 42 49 56 73 92 5 4 24 39 53 70 80 85 100 11 65 71 83 8 25 55 59 61 81 36 10
Volta 66: 22 66 19 99 9 13 35 17 51 63 68 77 89 40 42 49 69 73 92 4 5 12 53 56 70 100 24 39 65 80 83 85 8 11 25 55 59 71 61 81 10
Volta 67: 22 66 19 99 35 9 13 17 51 68 89 40 63 69 77 4 12 42 49 70 73 92 100 5 24 39 53 56 65 80 85 83 59 71 8 11 25 55 61 81
Volta 68: 22 66 99 19 35 9 17 51 68 13 40 63 77 89 12 42 69 70 92 100 4 5 24 39 49 53 56 73 85 83 59 65 80 25 71 8 11 55 61 81
Volta 69: 22 19 35 66 99 9 17 51 13 40 63 68 77 42 70 69 89 92 100 12 24 49 53 73 85 83 4 5 39 56 59 65 80 71 8 11 25 55 61
Volta 70: 22 19 35 66 99 9 17 51 13 40 63 68 77 42 69 89 24 49 53 70 85 92 100 4 5 12 56 65 73 80 83 39 59 71 8 11 25 55 61
Volta 71: 22 19 66 99 17 35 9 40 51 63 77 13 42 68 69 89 24 49 53 70 85 92 100 4 12 56 65 73 80 83 5 39 59 71 11 25 55 8
Volta 72: 19 35 66 99 9 17 40 51 63 13 68 77 24 42 49 53 69 70 89 100 4 12 83 85 92 39 56 65 73 80 5 25 59 71 11 55 8
Volta 73: 19 35 66 99 17 40 51 9 63 68 13 24 42 49 69 77 100 53 70 89 92 4 12 39 56 65 73 80 83 85 59 71 5 11 25 55
Volta 74: 35 66 99 19 40 9 17 51 63 13 24 49 68 77 42 53 69 70 92 100 4 56 65 73 83 89 12 39 71 80 85 25 59 5 11 55
Volta 75: 35 66 99 19 9 17 40 51 63 13 49 68 77 24 42 70 69 4 53 56 65 73 92 100 39 80 83 89 12 25 71 85 5 11 59
Volta 76: 66 99 19 35 9 40 51 13 17 49 63 77 24 42 68 53 56 65 70 69 73 92 4 39 83 89 100 12 25 71 80 85 59 5 11
Volta 77: 66 99 35 9 19 17 40 51 63 13 42 49 68 77 24 56 70 69 73 4 53 65 89 92 12 25 39 71 80 83 100 59 85 5
Volta 78: 66 99 35 9 17 40 51 63 13 24 42 49 56 69 68 70 73 77 4 53 65 92 12 25 39 83 89 100 71 80 59 5
Volta 79: 66 35 99 9 17 40 51 63 13 24 42 49 70 68 73 77 4 53 56 65 69 92 12 39 83 89 100 25 71 80 59
Volta 80: 66 35 99 17 40 63 9 51 13 24 49 70 68 73 77 4 42 56 65 12 39 53 69 92 100 80 83 89 25 71 59
Volta 81: 66 35 99 17 40 9 51 63 24 49 70 68 73 77 13 42 56 65 4 12 39 69 53 80 83 89 92 100 25 71
Volta 82: 35 66 17 99 9 40 63 24 49 51 70 68 77 42 65 73 4 13 56 12 39 53 69 80 83 92 89 100 25 71
Volta 83: 66 17 35 99 40 63 9 51 77 24 42 49 70 68 73 4 13 56 65 39 53 69 12 80 83 89 92 100 25
Volta 84: 66 99 35 40 9 63 77 24 49 51 68 70 73 4 42 65 13 39 53 56 69 80 83 92 100 25 89
Volta 85: 66 35 40 99 63 77 9 24 49 51 70 68 73 4 42 65 39 53 56 69 13 80 83 100 25 92
Volta 86: 66 99 35 40 77 9 24 49 63 70 68 73 42 51 65 4 53 56 39 69 80 83 100 13 25 92
Volta 87: 66 35 40 99 49 63 70 77 9 24 42 51 68 73 4 53 56 65 39 69 80 100 13 83 25
Volta 88: 66 35 99 40 49 70 77 9 42 51 63 73 4 24 56 68 39 53 65 69 80 100 83 13 25
Volta 89: 66 35 99 40 49 77 9 51 70 73 24 42 56 63 68 4 39 53 65 80 100 69 13 83
Volta 90: 66 35 49 77 99 9 40 70 73 24 42 51 56 63 4 53 68 39 65 69 80 100 13 83
Volta 91: 66 35 49 9 40 70 77 99 24 51 63 73 4 42 53 56 39 65 68 100 13 69 80
Volta 92: 66 49 35 40 77 99 9 51 63 70 73 4 24 42 56 39 53 65 68 13 69 80 100
Volta 93: 66 35 40 49 9 63 73 77 99 24 42 51 70 4 39 53 56 65 13 68 69 80
Volta 94: 66 35 40 9 49 63 73 51 70 77 99 4 24 39 42 53 65 13 56 68 69 80
Volta 95: 66 35 40 49 73 9 63 77 99 4 53 51 65 70 13 24 39 42 56 68 69
Volta 96: 66 35 73 49 4 9 51 63 77 99 13 39 53 56 65 68 70 24 42 69
Volta 97: 35 66 73 49 4 9 63 77 99 51 68 70 13 39 42 53 56 65 24
Volta 98: 35 66 73 49 4 9 63 77 51 70 99 39 42 53 68 13 24 56 65
Volta 99: 35 66 49 73 4 77 9 51 63 42 53 70 68 99 13 39 24 56
Volta 100: 35 66 73 4 49 77 9 63 42 51 68 70 99 13 39 53 24 56
Volta 101: 35 66 73 49 4 63 77 9 42 51 68 99 39 53 70 13 24
Volta 102: 35 66 49 73 4 63 9 68 77 42 51 70 99 13 39 53 24
Volta 103: 35 66 73 4 49 63 68 77 9 51 99 13 39 42 53 70
Volta 104: 35 66 73 49 4 63 9 51 68 77 13 39 42 53 70 99
Volta 105: 66 35 73 4 49 9 51 63 68 39 53 70 77 13 42
Volta 106: 66 35 73 4 49 9 63 68 39 51 53 70 77 13 42
Volta 107: 66 35 73 4 49 63 68 9 39 13 53 51 70 77
Volta 108: 66 73 4 35 49 68 39 63 53 70 77 13 51
Volta 109: 66 73 4 35 49 68 39 53 63 70 77 13
Volta 110: 4 49 66 73 35 68 39 53 63 70 77 13
Volta 111: 49 66 4 35 68 73 39 63 70 53 77
Volta 112: 49 66 4 35 73 68 39 70 63 77 53
Volta 113: 49 66 4 35 68 73 70 39 63 77
Volta 114: 66 4 35 68 70 63 77
Volta 115: 4 35 66 68 70 63
Volta 116: 4 68 35 66 70 63
Volta 117: 4 68 35 66 70
Volta 118: 4 68 35 66 70
Volta 119: 4 68 66 35
Volta 120: 4 68 66 35
Volta 121: 4 68 66
Volta 122: 4 68 66
Volta 123: 4 68
Volta 124: 4 68

Ranqueamento Final:
1: Ciclista 68 - 2371.62 segundos
2: Ciclista 4 - 2370.06 segundos
3: Ciclista 66 - 2356.62 segundos
4: Ciclista 35 - 2325.78 segundos
5: Ciclista 70 - 2296.62 segundos
6: Ciclista 63 - 2281.50 segundos
7: Ciclista 77 - 2251.86 segundos
8: Ciclista 53 - 2221.26 segundos
9: Ciclista 13 - 2175.30 segundos
10: Ciclista 51 - 2146.26 segundos
11: Ciclista 42 - 2116.02 segundos
12: Ciclista 99 - 2057.34 segundos
13: Ciclista 24 - 2040.54 segundos
14: Ciclista 56 - 1996.38 segundos
15: Ciclista 65 - 1951.50 segundos
16: Ciclista 69 - 1906.62 segundos
17: Ciclista 80 - 1876.86 segundos
18: Ciclista 100 - 1832.34 segundos
19: Ciclista 83 - 1816.98 segundos
20: Ciclista 25 - 1770.54 segundos
21: Ciclista 92 - 1727.22 segundos
22: Ciclista 89 - 1697.10 segundos
23: Ciclista 71 - 1666.74 segundos
24: Ciclista 59 - 1636.38 segundos
25: Ciclista 5 - 1605.06 segundos
26: Ciclista 11 - 1560.30 segundos
27: Ciclista 55 - 1516.26 segundos
28: Ciclista 8 - 1485.18 segundos
29: Ciclista 61 - 1426.50 segundos
30: Ciclista 81 - 1396.98 segundos
31: Ciclista 10 - 1365.18 segundos
32: Ciclista 62 - 1321.50 segundos
33: Ciclista 43 - 1291.02 segundos
34: Ciclista 88 - 1232.34 segundos
35: Ciclista 32 - 1200.78 segundos
36: Ciclista 57 - 1171.38 segundos
37: Ciclista 76 - 1126.86 segundos
38: Ciclista 33 - 1095.78 segundos
39: Ciclista 79 - 1051.86 segundos
40: Ciclista 20 - 1020.42 segundos
41: Ciclista 1 - 975.06 segundos
42: Ciclista 64 - 931.50 segundos
43: Ciclista 26 - 915.66 segundos
44: Ciclista 29 - 855.66 segundos
45: Ciclista 58 - 811.38 segundos
46: Ciclista 91 - 782.22 segundos
47: Ciclista 97 - 737.34 segundos
48: Ciclista 98 - 692.34 segundos
49: Ciclista 3 - 675.06 segundos
50: Ciclista 72 - 616.74 segundos
51: Ciclista 78 - 571.86 segundos
52: Ciclista 82 - 526.98 segundos
53: Ciclista 30 - 495.66 segundos
54: Ciclista 84 - 451.98 segundos
55: Ciclista 6 - 420.18 segundos
56: Ciclista 23 - 375.54 segundos
57: Ciclista 54 - 316.26 segundos
58: Ciclista 60 - 286.38 segundos
59: Ciclista 86 - 242.10 segundos
60: Ciclista 48 - 211.14 segundos
61: Ciclista 87 - 152.10 segundos
62: Ciclista 95 - 107.22 segundos
63: Ciclista 93 - 62.22 segundos

Ciclista 2 quebrou na volta 12 - 285.00 segundos
Ciclista 7 quebrou na volta 12 - 240.12 segundos
Ciclista 9 quebrou na volta 108 - 2115.12 segundos
Ciclista 12 quebrou na volta 84 - 1680.24 segundos
Ciclista 14 quebrou na volta 30 - 570.24 segundos
Ciclista 15 quebrou na volta 48 - 960.24 segundos
Ciclista 16 quebrou na volta 18 - 405.36 segundos
Ciclista 17 quebrou na volta 84 - 1605.36 segundos
Ciclista 18 quebrou na volta 36 - 765.36 segundos
Ciclista 19 quebrou na volta 78 - 1485.36 segundos
Ciclista 21 quebrou na volta 60 - 1155.48 segundos
Ciclista 22 quebrou na volta 72 - 1320.48 segundos
Ciclista 27 quebrou na volta 60 - 1185.60 segundos
Ciclista 28 quebrou na volta 24 - 495.60 segundos
Ciclista 31 quebrou na volta 18 - 375.72 segundos
Ciclista 34 quebrou na volta 6 - 120.72 segundos
Ciclista 36 quebrou na volta 66 - 1350.84 segundos
Ciclista 37 quebrou na volta 60 - 1200.84 segundos
Ciclista 38 quebrou na volta 24 - 495.84 segundos
Ciclista 39 quebrou na volta 114 - 2235.84 segundos
Ciclista 40 quebrou na volta 96 - 1845.84 segundos
Ciclista 41 quebrou na volta 36 - 750.96 segundos
Ciclista 44 quebrou na volta 54 - 1065.96 segundos
Ciclista 45 quebrou na volta 18 - 405.96 segundos
Ciclista 46 quebrou na volta 54 - 1111.08 segundos
Ciclista 47 quebrou na volta 6 - 121.08 segundos
Ciclista 49 quebrou na volta 114 - 2176.08 segundos
Ciclista 50 quebrou na volta 60 - 1141.08 segundos
Ciclista 52 quebrou na volta 18 - 376.20 segundos
Ciclista 67 quebrou na volta 12 - 256.56 segundos
Ciclista 73 quebrou na volta 114 - 2206.68 segundos
Ciclista 74 quebrou na volta 60 - 1156.68 segundos
Ciclista 75 quebrou na volta 42 - 841.68 segundos
Ciclista 85 quebrou na volta 78 - 1576.92 segundos
Ciclista 90 quebrou na volta 24 - 482.04 segundos
Ciclista 94 quebrou na volta 6 - 122.16 segundos
Ciclista 96 quebrou na volta 60 - 1232.28 segundos
