Volta 1: 5 4 3 2 1 8 7 10 6 9 14 11 12 15 13 20 18 16 17 19 25 22 24 23 21 26 30 29 27 28 32 35 34 31 33 40 39 38 37 36 43 41 42 44 45 46 50 49 47 48
Volta 2: 4 3 2 9 10 7 6 8 14 15 11 12 17 19 16 24 21 22 25 23 28 30 31 35 32 33 38 36 41 42 43 44 48 50 46 49 47 1 5 13 18 20 29 26 27 34 37 39 40 45
Volta 3: 4 3 9 8 11 15 14 19 28 30 33 43 41 50 1 5 2 10 6 7 12 13 17 20 16 18 24 22 23 21 25 29 27 26 34 35 31 32 38 40 39 36 44 42 48 47 49 46 37
Volta 4: 4 3 9 8 15 19 33 43 41 1 2 10 6 13 11 14 12 17 18 23 21 22 25 30 28 29 27 26 32 35 34 36 39 38 40 42 48 46 49 47 50 5 7 16 20 24 31 37 44
Volta 5: 4 3 15 19 41 1 2 8 6 9 14 11 13 12 17 21 29 28 30 35 33 38 40 36 43 42 50 5 10 7 16 20 18 23 25 22 24 27 26 32 34 37 39 49 47 48 46 31
Volta 6: 19 4 3 1 8 6 11 15 12 14 21 28 29 33 35 38 43 50 7 9 13 20 17 18 25 23 22 26 30 34 40 39 37 36 42 46 48 47 5 10 16 24 27 31
Volta 7: 19 3 8 6 15 11 12 21 29 33 38 50 4 1 7 9 14 13 18 17 25 22 26 28 30 34 35 36 40 37 42 43 46 47 48 5 10 16 20 23 27 39 24
Volta 8: 8 6 11 19 29 33 50 4 3 1 9 7 15 12 14 17 25 21 26 30 28 35 34 38 36 37 43 42 47 5 10 13 16 18 20 22 23 27 39 40 46 48 24
Volta 9: 11 19 33 50 8 7 9 6 14 15 17 25 21 30 29 26 37 38 1 5 3 4 10 12 13 16 18 22 28 35 34 39 40 36 42 43 47 46 20 23 27 48
Volta 10: 6 8 9 15 14 11 19 21 25 29 26 33 38 50 1 5 3 10 7 12 17 16 18 22 30 28 34 35 36 40 37 42 47 4 13 20 27 39 43 46 48 23
Volta 11: 8 14 11 19 21 26 29 33 50 5 1 7 6 9 15 16 17 18 25 28 30 34 35 40 37 36 38 47 4 3 10 12 20 22 27 39 42 43 48 13 46
Volta 12: 8 14 11 19 26 33 50 5 1 6 9 18 25 21 30 29 35 38 40 47 10 15 16 20 17 22 27 28 34 39 36 37 43 42 48 4 3 13 12 46
Volta 13: 8 14 11 26 33 5 9 6 19 18 21 29 30 35 40 38 50 1 15 17 25 27 34 36 39 47 48 3 4 10 12 20 16 22 28 37 42 43 13
Volta 14: 8 14 11 33 5 9 6 18 19 21 26 35 40 1 17 25 27 29 30 34 38 50 47 48 3 10 12 15 20 22 28 39 36 37 42 43 4 13 16
Volta 15: 14 11 5 8 6 26 33 35 9 18 19 17 21 25 27 30 34 40 38 48 50 47 1 3 10 15 12 22 29 28 43 4 20 36 39 37 42 13
Volta 16: 14 5 6 8 11 26 35 33 9 17 19 25 27 38 50 1 10 15 12 18 22 21 29 30 34 40 43 47 48 3 4 20 28 36 39 42 13 37
Volta 17: 5 8 14 11 26 35 33 6 19 17 27 38 50 1 10 9 15 22 25 21 30 34 47 48 12 18 29 28 36 40 39 43 42 3 4 13 20
Volta 18: 5 8 14 35 33 6 11 26 38 9 10 15 19 25 21 27 30 34 50 47 48 1 12 18 22 29 36 39 40 42 3 20 43 4 13
Volta 19: 5 8 35 14 11 26 33 6 9 10 15 21 25 30 27 34 38 50 48 47 1 18 19 22 42 12 20 29 39 36 40 43 4 3
Volta 20: 35 5 8 14 26 10 9 6 11 25 21 27 30 34 33 38 48 47 15 19 22 42 50 1 12 18 20 29 39 36 40 3 4 43
Volta 21: 5 8 14 26 35 11 25 27 30 33 34 38 9 10 6 15 19 21 22 42 50 48 47 1 12 20 36 39 4 18 29 40 3
Volta 22: 5 8 14 26 35 25 27 34 33 10 6 9 11 19 21 30 38 42 47 48 15 22 36 50 1 12 20 29 40 39 4 3 18
Volta 23: 5 14 26 35 8 25 27 34 9 6 19 30 33 38 10 15 11 22 21 42 48 50 47 1 36 39 40 4 3 12 20 29
Volta 24: 14 26 35 5 27 34 9 8 6 19 25 33 38 10 15 11 21 30 47 48 1 22 36 50 12 20 29 39 40 4 3
Volta 25: 14 26 35 27 5 9 19 33 34 8 6 15 11 25 21 30 38 47 48 10 22 36 50 1 20 29 39 40 4 12
Volta 26: 14 26 35 5 9 19 27 33 6 8 25 30 34 38 10 15 11 22 21 48 47 1 29 40 36 50 4 12 20 39
Volta 27: 26 14 35 5 19 27 9 6 25 30 34 33 38 8 10 11 15 21 48 47 1 22 29 36 40 50 4 12 20
Volta 28: 14 26 35 5 19 27 9 34 33 8 6 11 25 30 38 48 47 1 10 15 22 21 29 4 20 40 36 50 12
Volta 29: 26 35 14 27 5 9 19 34 11 33 38 47 48 1 10 6 8 15 21 25 30 29 20 22 40 36 50 4
Volta 30: 35 14 26 5 19 27 34 9 11 33 47 10 6 15 25 30 38 48 1 8 21 22 29 36 20 40 50 4
Volta 31: 35 14 5 19 26 27 34 9 11 33 47 15 25 38 48 1 10 6 21 30 29 8 20 22 36 40 50
Volta 32: 35 14 26 5 9 11 19 27 34 33 47 15 38 10 6 25 30 48 1 8 21 22 29 40 20 36 50
Volta 33: 35 14 26 5 11 34 33 9 15 19 27 47 6 25 38 48 1 10 8 21 22 29 30 40 20 36
Volta 34: 35 14 26 11 33 5 9 15 19 34 47 6 25 27 38 48 1 8 10 22 21 29 30 40 36 20
Volta 35: 35 14 26 11 33 5 19 34 47 6 9 15 27 38 1 8 25 21 29 48 10 22 30 36 40
Volta 36: 35 14 11 26 33 47 5 6 15 19 27 34 1 9 25 29 38 48 8 10 21 30 36 40 22
Volta 37: 35 14 11 26 33 47 6 34 5 1 9 15 19 25 27 29 38 8 21 30 40 36 48 10
Volta 38: 35 14 11 26 33 34 47 5 1 6 9 15 25 27 38 19 21 30 29 40 36 48 8 10
Volta 39: 35 11 14 26 33 34 47 1 9 6 15 27 5 19 25 29 40 36 38 48 8 21 30
Volta 40: 35 11 26 14 33 34 47 9 1 5 6 15 19 25 27 40 8 21 29 30 36 38 48
Volta 41: 35 11 26 33 14 34 47 9 1 5 25 27 40 6 8 15 19 36 38 21 30 29
Volta 42: 35 11 26 14 33 5 1 9 40 8 6 15 19 25 27 38 36 21 29 30
Volta 43: 35 11 26 14 33 1 5 9 40 6 15 25 27 36 8 19 21 38 29
Volta 44: 35 11 26 14 33 1 5 9 25 40 6 15 21 27 38 36 8 19 29
Volta 45: 35 26 11 14 33 5 1 9 25 40 21 27 38 36 8 6 15 19
Volta 46: 35 11 26 14 33 1 9 25 40 5 21 27 38 36 8 6 15 19
Volta 47: 35 11 26 14 1 33 40 5 9 25 21 27 36 38 6 8 15
Volta 48: 35 11 26 14 1 33 40 9 5 25 21 27 38 8 6 36
Volta 49: 35 11 26 14 1 40 9 33 25 38 5 21 27 6 8
Volta 50: 35 11 26 14 1 9 40 25 33 5 21 27 38 6 8
Volta 51: 35 11 26 14 1 40 9 25 33 21 38 5 6 27
Volta 52: 35 11 26 14 1 33 40 9 25 5 6 21 38 27
Volta 53: 11 26 35 14 1 33 40 9 5 6 25 21 38
Volta 54: 11 35 14 26 1 9 33 40 5 21 38 6 25
Volta 55: 11 35 14 26 1 9 33 40 5 21 38 6
Volta 56: 11 35 26 14 1 9 33 40 38 5 6 21
Volta 57: 35 11 14 26 1 9 33 40 38 5 6
Volta 58: 11 35 26 1 9 14 40 33 5 6 38
Volta 59: 35 11 9 14 26 1 33 40 5 6
Volta 60: 11 35 9 26 1 33 5 40 6
Volta 61: 11 35 9 26 1 33 40 5
Volta 62: 35 11 26 9 1 40 5 33
Volta 63: 11 35 26 9 1 40 5
Volta 64: 11 35 26 1 9 40 5
Volta 65: 11 35 26 9 40 1
Volta 66: 11 35 40 1 9
Volta 67: 11 35 40 1
Volta 68: 11 35 40 1
Volta 69: 11 35 40
Volta 70: 11 35 40
Volta 71: 11 35
Volta 72: 11 35

Ranqueamento Final:
1: Ciclista 35 - 1380.78 segundos
2: Ciclista 11 - 1380.30 segundos
3: Ciclista 40 - 1350.18 segundos
4: Ciclista 1 - 1350.06 segundos
5: Ciclista 9 - 1290.18 segundos
6: Ciclista 5 - 1275.06 segundos
7: Ciclista 33 - 1230.78 segundos
8: Ciclista 6 - 1200.18 segundos
9: Ciclista 38 - 1155.90 segundos
10: Ciclista 21 - 1125.54 segundos
11: Ciclista 25 - 1095.54 segundos
12: Ciclista 27 - 1065.66 segundos
13: Ciclista 8 - 1020.18 segundos
14: Ciclista 36 - 975.90 segundos
15: Ciclista 19 - 960.42 segundos
16: Ciclista 29 - 900.66 segundos
17: Ciclista 30 - 870.66 segundos
18: Ciclista 48 - 811.14 segundos
19: Ciclista 10 - 780.18 segundos
20: Ciclista 22 - 750.54 segundos
21: Ciclista 20 - 720.42 segundos
22: Ciclista 50 - 676.14 segundos
23: Ciclista 4 - 645.06 segundos
24: Ciclista 12 - 600.30 segundos
25: Ciclista 39 - 555.90 segundos
26: Ciclista 3 - 525.06 segundos
27: Ciclista 18 - 480.42 segundos
28: Ciclista 43 - 436.02 segundos
29: Ciclista 13 - 405.30 segundos
30: Ciclista 37 - 360.90 segundos
31: Ciclista 16 - 315.42 segundos
32: Ciclista 46 - 271.14 segundos
33: Ciclista 23 - 240.54 segundos
34: Ciclista 24 - 195.54 segundos
35: Ciclista 31 - 165.78 segundos
36: Ciclista 44 - 106.02 segundos
37: Ciclista 45 - 61.02 segundos

Ciclista 2 quebrou na volta 6 - 120.00 segundos
Ciclista 7 quebrou na volta 12 - 240.12 segundos
Ciclista 14 quebrou na volta 60 - 1155.24 segundos
Ciclista 15 quebrou na volta 48 - 975.24 segundos
Ciclista 17 quebrou na volta 18 - 360.36 segundos
Ciclista 26 quebrou na volta 66 - 1260.60 segundos
Ciclista 28 quebrou na volta 18 - 390.60 segundos
Ciclista 32 quebrou na volta 6 - 135.72 segundos
Ciclista 34 quebrou na volta 42 - 795.72 segundos
Ciclista 41 quebrou na volta 6 - 105.96 segundos
Ciclista 42 quebrou na volta 24 - 480.96 segundos
Ciclista 47 quebrou na volta 42 - 811.08 segundos
Ciclista 49 quebrou na volta 6 - 136.08 segundos
