Volta 1: 2 5 3 1 4 6 9 10 7 8 11 13 14 12 15 18 17 19 20 16 22 24 21 23 25 30 29 28 27 26 33 32 35 34 31 39 40 36 37 38 42 44 41 45 43 48 46 49 47 50 54 55 53 51 52 59 58 56 60 57 63 64 61 65 62 67 68 70 69 66 71 73 72 75 74 79 76 78 80 77 83 84 85 82 81 87 89 86 88 90 95 91 92 93 94 100 98 99 96 97
Volta 2: 3 1 8 6 7 10 15 14 19 17 18 23 24 21 22 27 26 28 30 29 35 34 33 37 40 39 36 42 41 45 44 49 46 50 48 53 54 52 51 55 59 60 57 56 65 63 64 61 62 66 69 70 67 73 72 71 74 75 76 78 77 80 79 83 81 84 82 87 90 88 89 86 94 92 95 97 100 98 99 96 2 5 4 9 11 12 13 20 16 25 31 32 38 43 47 58 68 85 91 93
Volta 3: 1 6 7 10 14 19 23 22 21 24 29 30 34 35 37 39 36 40 42 41 49 46 55 51 56 59 60 62 65 61 64 70 69 73 72 71 75 74 76 79 80 77 84 82 90 86 88 89 95 94 92 97 3 5 8 9 13 12 11 15 18 17 25 28 26 27 33 31 32 38 44 43 45 48 47 50 52 54 53 57 63 68 67 66 78 83 85 81 87 91 99 96 100 98 2 4 16 20 58
Volta 4: 7 6 23 21 22 30 29 34 35 40 39 37 41 42 49 46 55 51 56 59 60 61 64 62 65 70 73 75 72 77 80 76 79 90 88 86 92 95 94 1 5 3 10 8 9 15 14 13 12 19 18 24 25 27 28 32 33 36 38 44 43 50 48 54 53 52 57 67 68 69 74 71 78 84 82 81 83 89 87 91 96 99 98 97 4 11 20 17 16 26 31 45 47 63 66 85 100 2 58
Volta 5: 7 21 29 30 40 37 42 49 51 55 59 60 56 64 61 75 72 80 86 94 95 92 1 5 6 9 10 14 13 12 15 18 22 23 27 34 35 33 32 39 36 38 43 44 41 46 50 52 53 57 62 65 68 70 69 74 73 79 77 76 84 82 83 89 88 90 91 96 97 99 3 4 8 11 20 16 17 19 24 25 26 28 31 45 47 48 54 63 67 71 78 81 85 87 100 98 2 66
Volta 6: 7 21 29 37 40 42 49 55 56 60 64 61 72 75 80 86 92 1 9 6 10 15 12 18 22 27 34 35 39 38 41 52 51 57 59 62 68 69 77 76 82 83 88 90 89 95 4 3 5 8 13 19 20 16 25 23 33 31 36 44 43 45 50 48 47 46 54 70 67 74 71 73 78 79 85 84 87 91 97 98 96 100 99 2 11 17 24 26 28 63 66 81
Volta 7: 7 21 29 37 40 42 49 55 56 64 61 75 80 86 92 9 6 12 22 35 41 52 51 57 60 59 69 72 77 83 82 90 95 3 1 4 10 8 13 15 18 16 19 23 27 33 34 31 38 39 44 50 47 46 62 67 68 73 74 79 76 78 84 88 87 89 91 98 100 99 96 5 2 11 20 17 25 24 26 28 36 45 43 48 54 63 70 71 85 97 66
Volta 8: 29 42 61 75 80 9 7 12 21 37 40 41 49 55 52 56 59 60 64 69 83 86 90 92 95 3 1 6 15 13 19 18 22 27 33 35 31 38 39 46 51 57 62 67 68 73 72 76 78 77 79 82 84 87 88 89 91 96 98 99 4 2 5 10 8 11 16 17 25 23 28 34 36 43 44 45 47 50 54 63 74 71 85 100 20 24 26 48 70 97 66
Volta 9: 42 80 9 7 12 21 29 37 41 52 55 56 59 60 64 61 75 83 90 86 95 92 3 6 13 19 27 35 31 38 39 40 46 49 51 57 67 68 69 72 76 79 82 88 89 87 91 99 96 98 5 1 4 10 11 15 17 18 16 25 22 23 28 33 36 45 44 47 50 63 62 73 71 74 77 78 84 100 2 8 20 24 34 43 48 54 70 85 97 26
Volta 10: 42 7 12 21 29 41 55 52 60 59 64 61 75 80 83 86 95 9 6 13 31 38 37 39 40 46 51 56 69 72 76 82 89 90 92 99 98 1 3 10 15 19 16 18 17 23 25 22 27 35 33 36 45 49 47 50 57 63 62 68 67 73 71 77 79 78 84 87 88 91 96 100 5 4 2 8 11 20 28 34 43 44 48 54 70 74 85 24 26 97
Volta 11: 7 12 21 29 42 52 64 75 80 95 9 6 37 39 40 38 41 55 51 59 56 60 61 69 72 76 82 83 86 90 92 99 98 1 3 10 13 15 19 17 18 25 22 23 27 33 35 31 47 49 46 57 63 68 67 73 71 77 78 79 87 89 91 96 4 2 5 8 11 20 16 28 34 36 43 45 50 48 62 70 85 84 88 100 24 26 44 54 74
Volta 12: 7 21 29 64 95 12 37 38 39 41 52 51 59 60 61 69 72 75 80 82 86 90 92 1 3 9 10 13 17 19 18 25 27 31 55 56 76 83 87 89 91 98 96 99 2 4 8 11 15 16 20 23 22 28 33 34 35 36 50 46 48 49 57 62 63 68 67 70 73 71 78 79 77 84 100 5 24 26 43 45 44 54 74 85 88
Volta 13: 7 29 64 12 21 37 38 61 69 72 75 80 86 95 1 3 9 13 18 25 27 39 41 52 51 55 56 59 60 83 82 90 92 91 98 99 4 10 8 11 17 19 16 20 23 22 28 33 34 31 48 49 46 57 62 63 68 70 73 71 78 77 76 84 87 89 96 100 5 2 15 24 26 35 36 45 44 50 54 67 74 79 85 43
Volta 14: 7 29 64 12 38 37 69 75 72 86 95 3 13 18 21 27 39 41 52 55 51 59 60 56 61 80 82 90 92 91 98 99 1 4 9 10 19 20 23 25 28 31 49 48 57 62 70 68 76 83 89 87 100 96 2 8 15 11 16 17 22 24 35 33 34 36 46 50 63 67 73 74 71 79 78 77 85 84 5 26 45 44 54 43
Volta 15: 64 7 29 38 37 69 72 3 12 13 18 21 27 39 41 51 52 56 59 60 61 75 82 86 90 91 95 98 99 1 4 9 19 23 25 28 31 49 48 55 62 68 80 76 83 87 89 92 100 10 11 15 20 17 22 34 50 46 57 63 70 73 71 77 78 79 84 96 2 5 8 16 24 26 33 35 36 44 45 54 67 74 85
Volta 16: 64 7 29 37 38 69 3 12 21 27 41 59 60 56 72 82 86 95 99 98 4 13 18 25 31 39 48 51 52 62 61 75 80 76 83 90 87 89 92 91 1 9 15 19 17 20 22 23 28 34 50 49 55 57 68 70 71 73 79 78 84 96 100 2 5 10 8 11 16 24 26 36 46 54 63 67 74 77 85 35 33 44 45
Volta 17: 64 29 37 38 7 12 27 41 56 69 72 82 86 95 99 4 3 13 18 21 25 31 39 51 59 60 62 61 75 76 90 92 98 1 15 19 22 23 34 48 49 50 52 55 57 68 70 73 79 78 80 84 83 87 89 91 96 100 5 2 9 8 11 17 20 24 26 28 36 46 63 67 74 71 77 10 16 33 44 54 85 35
Volta 18: 29 38 37 64 7 56 69 72 82 86 99 3 18 27 31 39 41 51 60 59 61 95 98 4 1 19 21 23 22 25 34 50 49 52 62 70 68 75 76 80 78 83 87 90 89 92 91 96 100 5 2 9 8 11 15 24 28 36 48 55 57 71 73 79 84 10 17 20 16 26 46 54 63 67 74 77 33 44 85 35
Volta 19: 37 7 29 38 64 69 82 99 18 27 39 51 56 59 61 72 86 95 98 4 1 3 19 21 25 31 41 49 50 52 60 62 70 75 76 87 90 91 96 2 5 8 15 11 22 23 28 34 36 55 57 68 71 73 80 79 78 83 89 92 100 9 10 16 24 46 48 54 63 67 74 77 84 17 20 26 44 85 33
Volta 20: 37 7 29 69 18 38 39 56 61 64 82 86 95 99 98 3 21 27 31 41 50 49 51 52 59 60 62 75 72 90 4 5 1 8 15 19 25 22 23 34 36 55 70 68 71 78 76 80 83 87 89 91 96 100 2 9 10 11 24 28 48 57 73 79 84 92 17 16 20 26 46 54 63 67 74 77 33 44 85
Volta 21: 37 29 69 7 39 56 61 64 82 86 95 99 3 18 21 31 38 49 50 51 59 60 72 90 98 1 4 5 15 23 25 22 27 34 36 41 52 62 70 75 80 78 76 83 96 100 2 10 8 11 19 24 28 55 57 68 71 73 79 84 89 87 91 92 9 20 16 17 26 46 48 54 63 67 77 33 74 44
Volta 22: 37 69 29 39 82 3 7 18 21 31 38 49 56 59 64 61 72 90 86 95 99 5 25 27 34 50 52 51 60 62 70 75 80 78 83 98 100 96 1 2 4 10 15 11 19 22 23 24 36 41 55 57 68 73 71 76 79 89 87 91 9 8 16 28 46 48 54 67 77 84 92 17 20 26 63 74 33 44
Volta 23: 37 69 29 39 82 7 18 56 59 64 86 95 99 3 25 21 27 31 34 38 49 50 52 51 60 62 61 75 72 78 90 96 100 4 5 1 15 19 24 23 36 55 57 68 70 71 73 80 79 83 89 98 2 10 8 11 16 22 28 41 46 54 67 76 87 91 92 9 17 26 48 63 74 77 84 20 33
Volta 24: 37 39 82 7 29 59 95 18 21 31 49 50 51 52 56 60 64 61 72 99 5 1 3 15 19 24 27 34 36 38 55 57 62 70 75 73 78 83 89 90 100 96 98 2 10 11 16 23 22 28 41 46 68 71 79 80 87 9 8 26 63 67 76 84 92 91 20 17 33 48 74
Volta 25: 37 39 7 29 59 82 95 18 21 50 52 60 56 64 72 99 5 1 3 15 34 31 36 38 49 55 51 61 62 70 73 75 78 83 90 89 98 19 16 23 24 22 27 41 46 57 79 96 100 2 9 8 10 11 28 26 63 68 67 71 76 80 84 87 91 17 48 92 20 33
Volta 26: 39 37 59 82 95 7 21 29 64 72 99 1 5 18 31 38 49 50 51 52 55 56 60 61 70 90 98 3 15 16 19 23 22 27 34 36 41 57 62 73 75 78 83 89 96 100 8 10 11 24 26 28 46 63 76 79 80 84 87 91 2 9 17 48 67 68 71 92 20 33
Volta 27: 37 39 95 7 21 29 59 64 72 82 99 1 18 31 50 51 52 55 56 60 61 70 90 98 5 19 27 38 36 41 49 75 73 83 89 96 3 8 11 15 16 24 23 22 28 26 34 46 57 63 62 79 78 87 100 2 10 68 67 71 80 76 84 91 9 17 48 92 20
Volta 28: 37 7 21 29 39 59 64 72 82 95 99 1 60 90 98 18 19 31 38 49 50 51 55 52 56 61 70 75 83 89 3 5 8 15 16 23 24 22 28 27 34 36 41 46 57 63 73 78 87 100 96 10 11 26 62 68 71 79 80 84 91 2 9 17 48 67 76 20 92
Volta 29: 37 21 29 39 59 72 82 95 1 7 60 64 90 98 99 18 31 38 49 50 52 55 51 56 61 70 89 3 8 19 22 27 28 34 41 63 75 73 83 96 5 10 15 11 16 23 24 26 36 46 57 62 71 78 79 84 87 100 17 68 67 80 91 2 9 20 48 76
Volta 30: 37 21 39 59 82 95 7 29 64 72 90 1 18 38 49 51 56 60 89 98 99 8 19 22 31 34 41 50 55 61 70 75 83 5 15 16 24 26 28 27 36 46 63 62 73 71 78 79 87 100 96 10 11 17 23 57 68 80 84 91 9 20 48 67 2 76
Volta 31: 37 39 59 82 95 21 29 72 7 49 51 60 64 89 90 98 1 8 19 18 31 38 50 55 56 61 70 75 83 99 22 24 28 27 34 41 63 62 71 73 78 96 5 10 15 16 17 23 26 36 46 57 68 79 84 87 100 9 11 20 67 80 91 2 48
Volta 32: 39 82 95 21 29 37 59 72 7 49 60 64 89 90 1 18 50 51 56 70 75 99 98 8 19 24 27 28 34 31 38 41 55 61 62 73 71 83 96 10 15 17 23 22 26 36 46 57 63 78 84 87 100 5 9 11 20 16 67 68 80 79 91 2 48
Volta 33: 39 95 29 59 72 82 7 21 37 49 90 89 50 51 60 64 75 99 1 8 18 19 34 31 38 55 56 61 62 70 83 98 96 10 15 17 22 24 23 28 27 26 36 41 57 63 73 71 78 87 100 5 9 46 67 79 84 91 11 16 20 68 80 2
Volta 34: 39 95 29 72 82 21 37 49 59 90 7 50 51 60 64 89 1 8 19 18 34 38 56 70 75 96 99 98 15 17 24 28 27 31 41 55 57 61 62 71 73 78 83 87 100 5 10 9 23 22 26 36 63 67 84 91 11 16 20 46 68 79 80 2
Volta 35: 95 29 39 72 49 59 82 7 21 37 51 60 64 90 89 1 18 19 38 50 70 75 96 8 15 17 24 27 28 34 31 41 55 56 57 62 61 71 73 78 83 99 98 10 9 23 22 26 36 63 87 100 5 11 16 20 46 67 68 79 80 84 91
Volta 36: 72 95 29 39 49 82 7 21 37 59 64 89 90 1 38 50 51 60 75 96 8 18 24 28 41 56 70 71 78 99 10 9 15 17 23 26 27 34 31 36 55 57 61 62 73 83 87 100 5 11 22 63 68 79 91 16 46 67 80 84
Volta 37: 72 95 29 49 37 39 64 82 90 89 1 7 21 38 50 51 59 60 75 96 8 18 24 41 70 78 10 15 26 28 31 34 36 55 57 56 62 71 73 83 87 99 100 5 9 17 23 22 27 63 61 91 11 16 46 67 68 79 80
Volta 38: 95 72 29 37 39 49 82 89 90 1 7 38 50 51 64 24 21 60 59 70 75 78 96 8 18 26 34 41 55 73 83 87 100 99 10 9 15 17 23 27 28 31 36 57 56 61 62 63 71 91 5 11 22 46 67 68 79 16 80
Volta 39: 95 72 29 39 49 82 90 1 7 37 51 89 21 24 38 50 60 59 64 75 78 96 8 18 26 34 41 70 73 83 87 99 100 15 27 28 31 55 57 56 62 61 71 5 9 10 11 17 22 23 36 63 68 91 16 46 67 79
Volta 40: 95 39 49 72 90 1 7 29 37 51 82 89 24 38 60 59 64 75 78 18 21 34 41 50 70 73 96 99 8 15 26 28 55 56 61 62 83 87 100 5 10 11 17 22 23 27 31 57 63 71 91 9 36 46 67 68 79 16
Volta 41: 95 49 72 7 29 39 51 82 90 1 38 37 59 60 64 75 89 24 21 41 70 78 99 8 15 18 28 26 34 50 55 73 83 87 100 96 5 10 11 23 22 27 31 56 57 62 61 63 71 9 17 36 46 67 68 91 79
Volta 42: 95 49 72 7 39 37 51 59 82 89 1 21 24 38 41 60 64 70 75 78 18 34 50 73 100 99 5 10 8 11 15 23 26 28 31 55 56 57 61 62 83 87 96 17 22 27 36 46 63 68 71 91 9 67 79
Volta 43: 49 95 39 72 7 37 51 59 82 1 21 24 38 41 60 64 70 75 78 89 34 50 99 100 5 8 15 18 26 28 31 55 56 62 61 73 83 87 96 10 11 23 22 27 36 46 57 63 68 91 9 17 71 67
Volta 44: 95 49 72 39 82 1 7 21 24 37 38 41 51 59 64 70 75 89 34 50 60 78 100 5 8 15 18 28 31 55 56 62 73 87 96 99 10 11 23 22 26 27 36 46 57 63 61 83 91 9 17 68 67 71
Volta 45: 95 49 39 72 24 21 37 41 51 59 64 70 75 82 89 1 7 34 38 50 60 78 100 5 8 15 31 56 73 87 96 99 11 18 28 26 27 46 55 57 62 61 63 83 10 17 22 23 36 68 91 9 67
Volta 46: 49 95 72 39 37 51 59 64 82 89 7 24 21 38 41 50 60 70 75 78 100 1 34 31 73 96 99 5 8 15 18 26 27 46 55 56 62 83 87 11 17 23 28 36 57 61 63 91 10 9 22 68 67
Volta 47: 95 49 37 39 59 72 82 7 21 24 38 41 51 60 64 70 75 89 100 1 50 73 78 99 96 5 15 27 26 31 34 55 56 8 11 17 18 23 28 36 46 57 63 61 62 83 87 10 9 22 68 91
Volta 48: 49 95 59 72 7 24 39 37 38 64 70 75 82 89 100 1 21 41 51 60 73 78 99 15 27 31 50 8 23 28 36 55 56 61 62 83 87 9 10 11 17 18 22 46 57 63 91 68
Volta 49: 95 49 59 72 7 24 37 38 64 70 75 82 89 1 21 39 51 60 78 100 99 27 41 50 73 8 15 23 28 31 55 56 61 62 83 11 17 18 22 36 46 63 87 10 9 57 91
Volta 50: 95 59 72 37 49 64 89 1 7 24 39 38 51 60 70 75 78 82 100 21 27 41 50 73 99 15 23 31 55 56 62 61 83 8 11 17 22 28 36 46 63 87 10 18 57 91 9
Volta 51: 59 72 95 49 89 7 24 38 39 37 51 60 64 70 75 78 82 100 1 27 50 99 21 41 55 56 62 73 8 15 11 17 22 23 28 31 36 46 63 61 83 87 10 18 57 91
Volta 52: 59 72 95 49 89 7 24 37 38 51 60 64 75 100 39 70 78 82 1 21 27 41 50 55 56 62 73 99 8 11 23 28 31 36 46 63 83 10 15 17 22 61 87 18 57 91
Volta 53: 72 49 59 95 51 60 64 75 89 7 24 39 37 38 70 78 100 1 41 55 56 62 73 82 99 8 23 21 27 36 50 46 10 15 11 17 22 28 31 63 61 83 87 18 57
Volta 54: 59 72 95 49 51 60 64 75 89 7 24 38 39 37 70 78 100 56 82 99 8 21 23 27 36 41 46 50 55 62 73 11 17 22 28 63 83 10 15 18 61 87 57
Volta 55: 59 72 95 60 75 89 38 37 49 51 64 100 7 24 39 56 70 78 82 99 23 21 27 41 50 55 62 73 8 11 17 22 28 36 46 10 15 18 61 63 83 87
Volta 56: 59 72 95 60 75 89 38 37 49 51 100 7 24 39 64 70 78 21 27 41 50 55 56 73 82 99 8 17 22 23 28 36 46 62 15 11 18 63 83 10 61 87
Volta 57: 59 72 75 89 95 38 49 60 7 24 37 39 51 64 70 100 27 55 56 78 82 99 8 21 28 41 50 46 62 73 11 17 18 23 22 36 63 10 15 61 83
Volta 58: 72 59 75 89 95 60 24 37 39 38 49 51 64 70 100 7 27 56 99 8 21 50 46 55 78 82 11 17 22 28 36 41 62 73 10 18 23 63 61 83 15
Volta 59: 72 59 75 89 95 24 38 49 51 60 70 100 7 27 39 37 56 64 99 8 21 50 46 55 78 82 11 17 22 41 62 73 10 23 28 36 63 61 18 83
Volta 60: 72 59 75 95 24 38 49 70 89 27 37 60 56 100 99 7 8 21 50 55 64 78 11 41 46 73 82 17 22 28 36 61 62 23 63 83 18
Volta 61: 72 59 75 49 89 95 24 38 37 56 60 70 100 7 21 27 50 55 64 78 99 8 11 41 46 82 17 22 28 36 61 73 23 63 62 83
Volta 62: 72 59 75 95 38 37 49 56 60 89 7 24 27 50 70 78 100 8 21 41 55 64 99 11 17 46 61 82 22 28 36 62 63 73 23 83
Volta 63: 72 59 75 49 60 56 89 95 7 27 37 38 70 24 41 50 55 78 99 100 8 11 21 46 64 82 17 22 28 36 61 62 73 23 63
Volta 64: 72 59 75 95 38 37 49 56 60 70 89 7 24 27 41 55 99 8 50 64 78 100 11 17 21 22 28 36 46 61 82 62 63 73 23
Volta 65: 72 59 75 95 37 49 60 70 89 7 27 38 41 55 56 99 8 24 50 78 100 11 21 22 28 46 64 82 17 36 61 62 73 63
Volta 66: 72 59 75 95 70 89 27 37 41 49 60 99 7 8 38 55 56 11 21 24 50 46 64 78 82 100 17 22 28 36 73 63 62
Volta 67: 72 59 75 95 89 27 37 60 70 99 7 8 38 41 49 55 24 21 50 56 64 78 82 100 11 46 73 17 22 28 36 63
Volta 68: 72 59 75 95 89 27 37 60 70 99 7 8 38 41 49 55 21 56 11 24 46 50 64 73 78 82 100 17 28 22 36 63
Volta 69: 72 59 75 89 95 37 60 7 27 49 70 99 8 38 41 55 11 21 24 46 50 56 64 73 78 100 82 17 22 28 36
Volta 70: 72 59 89 95 60 75 7 27 37 49 70 99 38 55 8 11 24 41 46 56 64 73 100 21 50 78 82 28 17 22 36
Volta 71: 72 59 89 95 37 60 70 75 7 27 49 55 99 8 11 38 46 100 24 21 41 50 56 64 73 78 28 82 17 22
Volta 72: 72 59 89 37 70 27 49 75 99 7 11 55 100 8 38 41 46 56 64 73 78 24 21 28 50 82 22 17
Volta 73: 72 89 59 37 70 27 75 7 11 49 55 99 8 38 41 46 64 73 100 24 21 28 50 56 78 82 22
Volta 74: 72 89 59 27 37 70 75 49 99 7 11 38 46 55 100 8 21 28 41 56 64 73 82 24 50 78 22
Volta 75: 72 89 59 37 70 75 27 49 7 11 55 100 99 21 38 41 46 64 73 82 8 24 28 50 56 78
Volta 76: 72 89 59 37 75 27 49 70 7 11 100 99 21 38 55 64 73 82 8 28 41 50 46 56 24 78
Volta 77: 72 89 59 37 75 70 7 11 27 49 99 100 21 38 55 73 82 28 41 46 56 64 8 24 50
Volta 78: 72 89 59 37 70 7 11 27 100 38 49 73 82 99 21 28 41 46 55 56 64 8 24 50
Volta 79: 72 89 59 37 70 7 27 11 38 49 73 100 41 46 55 56 64 82 99 8 24 21 28
Volta 80: 72 89 59 37 7 27 70 38 49 73 100 11 41 46 56 99 24 21 28 55 64 82 8
Volta 81: 72 89 59 37 27 70 7 38 49 100 11 46 56 73 24 28 41 82 99 21 55 64
Volta 82: 89 72 37 59 27 70 7 38 11 49 73 100 28 46 56 21 24 41 55 64 82 99
Volta 83: 89 72 59 37 70 27 38 7 11 49 100 28 46 73 24 21 41 56 55 64 82
Volta 84: 89 59 37 27 38 70 49 7 28 46 73 100 24 41 56 21 55 82 64
Volta 85: 89 37 59 27 38 70 7 49 46 100 28 56 73 21 24 41 55 82
Volta 86: 89 59 27 37 70 38 100 7 28 49 46 73 24 41 55 56 21 82
Volta 87: 89 59 27 37 38 70 100 7 46 49 73 28 55 56 21 24 41
Volta 88: 89 27 59 37 70 38 100 7 49 73 46 24 21 28 41 55 56
Volta 89: 89 27 59 37 70 38 100 49 73 7 46 55 24 21 28 41
Volta 90: 89 27 59 37 70 38 49 73 100 46 7 55 24 28 41 21
Volta 91: 89 27 37 59 70 38 49 73 100 46 55 7 28 41 24
Volta 92: 89 27 59 37 38 49 70 100 46 73 7 28 55 24 41
Volta 93: 89 27 37 59 38 70 49 46 73 100 55 7 24 28
Volta 94: 89 27 37 59 38 70 49 73 100 46 7 24 28 55
Volta 95: 89 27 37 59 38 70 49 73 46 100 7 28 24
Volta 96: 27 59 38 37 70 49 73 100 46 28 7 24
Volta 97: 27 37 59 38 49 70 73 100 28 46 7
Volta 98: 27 37 59 38 49 70 73 100 46 7 28
Volta 99: 27 59 37 49 38 70 73 100 46 7
Volta 100: 27 37 59 38 49 70 73 100 46 7
Volta 101: 27 59 37 49 100 38 70 73 46
Volta 102: 27 59 38 37 49 73 100 70 46
Volta 103: 27 59 37 38 49 70 73 100
Volta 104: 27 59 37 49 38 70 73 100
Volta 105: 27 59 37 49 38 70 73
Volta 106: 27 59 37 49 38 70 73
Volta 107: 27 37 59 49 70 38
Volta 108: 27 59 37 49 70 38
Volta 109: 27 59 37 49 70
Volta 110: 27 59 37 49 70
Volta 111: 27 59 37 49
Volta 112: 59 27 37 49
Volta 113: 59 27 37
Volta 114: 59 27 37
Volta 115: 59 27
Volta 116: 59 27

Ranqueamento Final:
1: Ciclista 27 - 2250.66 segundos
2: Ciclista 59 - 2221.38 segundos
3: Ciclista 37 - 2205.90 segundos
4: Ciclista 49 - 2176.14 segundos
5: Ciclista 70 - 2146.62 segundos
6: Ciclista 38 - 2145.90 segundos
7: Ciclista 73 - 2086.74 segundos
8: Ciclista 100 - 2042.34 segundos
9: Ciclista 46 - 2026.14 segundos
10: Ciclista 7 - 2010.18 segundos
11: Ciclista 28 - 1965.66 segundos
12: Ciclista 24 - 1935.54 segundos
13: Ciclista 55 - 1891.26 segundos
14: Ciclista 41 - 1861.02 segundos
15: Ciclista 21 - 1830.54 segundos
16: Ciclista 56 - 1771.38 segundos
17: Ciclista 82 - 1741.98 segundos
18: Ciclista 64 - 1711.50 segundos
19: Ciclista 99 - 1652.34 segundos
20: Ciclista 8 - 1620.18 segundos
21: Ciclista 50 - 1576.14 segundos
22: Ciclista 78 - 1546.86 segundos
23: Ciclista 22 - 1515.54 segundos
24: Ciclista 17 - 1485.42 segundos
25: Ciclista 36 - 1440.90 segundos
26: Ciclista 63 - 1396.50 segundos
27: Ciclista 62 - 1351.50 segundos
28: Ciclista 23 - 1320.54 segundos
29: Ciclista 83 - 1276.98 segundos
30: Ciclista 18 - 1245.42 segundos
31: Ciclista 15 - 1200.30 segundos
32: Ciclista 87 - 1157.10 segundos
33: Ciclista 57 - 1126.38 segundos
34: Ciclista 91 - 1082.22 segundos
35: Ciclista 9 - 1050.18 segundos
36: Ciclista 68 - 1006.62 segundos
37: Ciclista 67 - 991.62 segundos
38: Ciclista 71 - 931.74 segundos
39: Ciclista 79 - 886.86 segundos
40: Ciclista 16 - 855.42 segundos
41: Ciclista 80 - 811.86 segundos
42: Ciclista 84 - 766.98 segundos
43: Ciclista 2 - 735.06 segundos
44: Ciclista 48 - 706.14 segundos
45: Ciclista 76 - 661.86 segundos
46: Ciclista 92 - 617.22 segundos
47: Ciclista 33 - 585.78 segundos
48: Ciclista 74 - 526.74 segundos
49: Ciclista 44 - 496.02 segundos
50: Ciclista 85 - 451.98 segundos
51: Ciclista 35 - 420.78 segundos
52: Ciclista 45 - 361.02 segundos
53: Ciclista 43 - 331.02 segundos
54: Ciclista 88 - 272.10 segundos
55: Ciclista 97 - 242.34 segundos
56: Ciclista 66 - 211.62 segundos
57: Ciclista 81 - 151.98 segundos
58: Ciclista 58 - 121.38 segundos
59: Ciclista 93 - 62.22 segundos

Ciclista 1 quebrou na volta 54 - 1065.00 segundos
Ciclista 3 quebrou na volta 30 - 600.00 segundos
Ciclista 4 quebrou na volta 24 - 480.00 segundos
Ciclista 5 quebrou na volta 48 - 960.00 segundos
Ciclista 6 quebrou na volta 12 - 225.12 segundos
Ciclista 10 quebrou na volta 60 - 1230.12 segundos
Ciclista 11 quebrou na volta 84 - 1650.24 segundos
Ciclista 12 quebrou na volta 18 - 330.24 segundos
Ciclista 13 quebrou na volta 18 - 345.24 segundos
Ciclista 14 quebrou na volta 6 - 120.24 segundos
Ciclista 19 quebrou na volta 36 - 705.36 segundos
Ciclista 20 quebrou na volta 36 - 765.36 segundos
Ciclista 25 quebrou na volta 24 - 480.48 segundos
Ciclista 26 quebrou na volta 48 - 960.60 segundos
Ciclista 29 quebrou na volta 42 - 795.60 segundos
Ciclista 30 quebrou na volta 6 - 120.60 segundos
Ciclista 31 quebrou na volta 54 - 1095.72 segundos
Ciclista 32 quebrou na volta 6 - 120.72 segundos
Ciclista 34 quebrou na volta 48 - 960.72 segundos
Ciclista 39 quebrou na volta 60 - 1185.84 segundos
Ciclista 40 quebrou na volta 12 - 225.84 segundos
Ciclista 42 quebrou na volta 12 - 210.96 segundos
Ciclista 47 quebrou na volta 12 - 241.08 segundos
Ciclista 51 quebrou na volta 60 - 1171.20 segundos
Ciclista 52 quebrou na volta 30 - 601.20 segundos
Ciclista 53 quebrou na volta 6 - 121.20 segundos
Ciclista 54 quebrou na volta 24 - 496.20 segundos
Ciclista 60 quebrou na volta 72 - 1396.32 segundos
Ciclista 61 quebrou na volta 66 - 1351.44 segundos
Ciclista 65 quebrou na volta 6 - 121.44 segundos
Ciclista 69 quebrou na volta 24 - 421.56 segundos
Ciclista 72 quebrou na volta 84 - 1591.68 segundos
Ciclista 75 quebrou na volta 78 - 1501.68 segundos
Ciclista 77 quebrou na volta 24 - 511.80 segundos
Ciclista 86 quebrou na volta 24 - 467.04 segundos
Ciclista 89 quebrou na volta 96 - 1787.04 segundos
Ciclista 90 quebrou na volta 42 - 797.04 segundos
Ciclista 94 quebrou na volta 6 - 122.16 segundos
Ciclista 95 quebrou na volta 72 - 1367.16 segundos
Ciclista 96 quebrou na volta 48 - 962.28 segundos
Ciclista 98 quebrou na volta 36 - 722.28 segundos
