Volta 1: 2 4 5 3 1 8 6 7 10 9 12 15 14 11 13 20 18 16 17 19 23 21 24 25 22 28 29 26 27 30 31 33 34 35 32 40 39 37 38 36 43 45 44 42 41 50 46 49 48 47
Volta 2: 5 2 1 9 8 7 10 6 13 12 14 11 15 17 16 19 18 24 21 26 29 27 28 30 33 32 35 31 34 38 37 39 45 41 42 43 44 48 3 4 20 23 22 25 36 40 47 46 50 49
Volta 3: 2 5 1 10 6 8 7 15 14 13 11 16 17 19 18 24 21 28 30 35 31 32 34 39 38 41 45 42 3 4 9 12 20 23 22 29 27 26 33 40 37 44 43 48 47 50 25 36 46
Volta 4: 1 5 2 7 8 10 13 15 11 18 17 16 19 28 30 35 32 31 39 41 45 42 9 6 14 12 20 24 22 21 26 29 27 34 33 40 38 37 47 50 4 3 23 43 44 46 48 25 36
Volta 5: 2 1 5 10 8 13 19 16 18 30 28 31 45 41 7 6 15 14 11 20 17 21 26 27 35 32 33 34 38 40 39 42 50 47 4 9 12 22 23 24 29 37 44 48 46 3 25 43
Volta 6: 1 2 8 10 13 19 30 31 41 5 7 15 11 14 16 20 18 17 21 28 27 32 34 35 39 38 40 42 45 47 4 9 6 12 23 22 26 29 33 37 44 48 50 46 3 25 24 43
Volta 7: 2 8 13 19 41 5 1 7 10 11 28 27 30 31 32 35 34 38 40 45 47 6 9 14 12 15 17 16 18 20 22 21 29 33 39 42 44 50 4 25 23 24 26 37 48 46 3
Volta 8: 2 41 1 5 8 13 11 19 27 30 28 34 31 35 40 45 47 7 10 12 14 15 18 20 16 21 29 32 38 39 42 44 50 4 9 6 17 25 22 26 33 46 48 3 23 24 37
Volta 9: 41 2 5 1 8 11 13 19 28 30 34 35 31 47 7 10 14 15 18 20 27 32 39 40 38 44 42 45 50 4 6 9 12 17 16 21 22 26 29 33 24 25 48 46 3 23
Volta 10: 41 2 5 1 8 11 19 28 31 34 10 7 13 20 27 30 35 40 38 45 42 47 50 6 15 12 14 18 16 17 22 29 32 33 39 44 4 9 21 26 48 46 3 24 23 25
Volta 11: 41 5 1 8 11 19 28 31 2 10 13 20 35 34 38 40 50 47 7 6 14 12 15 17 16 18 22 27 29 30 39 44 45 42 4 9 21 26 33 32 46 48 3 23 24
Volta 12: 19 28 31 41 1 5 2 10 8 34 35 38 47 50 14 13 15 18 30 29 39 40 45 42 44 6 9 7 12 16 22 27 33 46 48 3 4 21 26 32 23 24
Volta 13: 19 28 31 5 1 8 34 35 41 2 10 13 15 18 29 38 40 45 50 47 7 12 14 16 30 33 39 44 42 48 46 4 9 6 22 26 27 32 3 23 21
Volta 14: 19 28 31 1 5 10 8 13 15 29 34 35 38 41 45 2 12 14 16 18 33 39 40 44 50 47 46 48 4 9 7 22 30 27 26 42 3 6 21 32 23
Volta 15: 19 28 31 1 5 10 8 13 29 34 35 38 41 2 12 15 18 16 33 40 39 44 45 48 47 7 14 22 30 27 42 46 50 4 3 9 6 26 32 21
Volta 16: 19 31 28 5 1 8 13 29 10 15 18 34 33 35 38 41 48 2 12 14 16 22 30 27 39 40 44 42 45 47 50 46 4 7 6 9 26 3 21 32
Volta 17: 19 31 28 5 8 13 29 1 18 34 35 38 41 2 10 15 12 14 16 22 30 33 40 39 44 45 42 48 47 4 6 27 50 46 3 7 9 21 26
Volta 18: 19 31 5 8 13 28 1 18 29 34 41 2 10 14 15 12 16 22 30 35 33 38 39 48 4 6 27 40 44 45 42 46 47 50 21 26 3 7 9
Volta 19: 31 19 5 8 13 18 28 29 34 1 10 15 16 30 35 39 41 48 2 4 14 12 22 27 33 38 40 44 42 46 50 6 45 47 3 21 26 7
Volta 20: 31 19 5 8 13 18 28 29 34 1 15 16 30 35 41 48 4 10 12 22 33 39 38 44 46 50 2 6 14 27 40 45 42 47 21 26 3 7
Volta 21: 19 31 8 5 18 28 34 13 30 29 35 48 1 10 12 15 16 39 41 44 50 4 14 22 27 33 40 38 45 42 46 2 6 21 26 47 3
Volta 22: 19 8 31 18 28 34 5 13 29 30 35 1 10 15 12 16 39 41 48 50 4 27 33 38 44 42 46 2 6 14 21 22 40 45 47 26 3
Volta 23: 8 19 28 31 5 13 18 30 34 1 10 12 16 29 35 48 50 15 27 33 39 38 41 44 4 14 22 40 45 42 46 2 6 21 47 26
Volta 24: 8 19 28 31 30 34 1 13 12 16 18 29 35 10 33 39 48 50 4 15 22 27 44 41 46 2 6 14 21 40 45 26 47
Volta 25: 8 19 28 30 31 1 13 12 16 18 29 34 10 35 39 50 48 4 15 22 27 33 41 44 6 14 21 40 45 46 2 26
Volta 26: 8 19 30 28 31 1 12 16 18 34 10 13 29 35 4 22 27 39 44 41 48 50 15 33 45 46 2 6 14 21 26 40
Volta 27: 8 19 28 30 31 1 10 12 16 18 29 34 13 27 35 39 48 4 15 22 33 41 44 46 50 6 45 2 14 21 26
Volta 28: 8 19 30 28 1 10 12 16 31 34 13 18 27 29 35 39 48 15 22 33 41 44 50 46 4 45 2 6 14 21 26
Volta 29: 19 8 28 12 30 31 34 1 10 13 18 16 27 29 35 22 33 39 41 44 48 50 4 15 45 46 6 14 2 21
Volta 30: 8 19 28 30 31 10 12 29 35 34 1 16 27 33 44 48 22 41 45 50 46 4 6 15 14 21 2
Volta 31: 8 19 28 29 30 34 35 31 1 10 12 16 27 33 44 22 45 41 48 50 4 15 14 46 6 21
Volta 32: 8 19 28 29 35 31 10 12 16 30 34 33 44 1 27 48 50 4 14 15 22 41 45 46 6 21
Volta 33: 8 19 28 29 35 10 12 16 30 31 44 1 27 33 34 50 15 22 45 41 48 4 6 14 46
Volta 34: 8 19 28 35 10 12 16 29 30 31 44 1 34 33 15 22 27 41 45 50 4 14 48 6 46
Volta 35: 8 19 28 35 10 16 29 30 31 44 1 12 33 22 27 34 41 50 4 14 15 45 48 6
Volta 36: 8 19 28 10 16 30 29 35 31 12 44 22 27 34 41 4 14 15 45 50 48 6
Volta 37: 8 19 28 10 16 35 31 29 30 44 12 22 27 41 4 15 14 34 45 50 48
Volta 38: 8 19 16 28 31 10 29 30 35 44 12 22 41 27 34 4 15 14 45 48 50
Volta 39: 8 19 16 31 10 29 28 35 44 22 30 12 41 4 15 27 34 48 14 45
Volta 40: 8 19 31 10 16 28 30 29 35 44 22 4 12 34 41 15 27 48 14 45
Volta 41: 8 19 31 16 28 10 29 35 44 22 30 4 12 34 41 27 15 14 48
Volta 42: 8 19 31 28 10 16 29 22 30 35 44 4 12 27 34 15 14 48
Volta 43: 8 19 31 16 28 29 10 30 35 44 4 22 12 27 34 14 15
Volta 44: 8 19 31 16 28 29 10 30 22 35 44 4 12 27 14 34 15
Volta 45: 8 19 31 16 29 28 10 22 30 4 27 35 44 12 34 14
Volta 46: 8 19 31 16 28 29 10 22 30 35 44 4 12 27 34 14
Volta 47: 8 19 31 16 28 29 10 22 30 35 44 4 12 27 34
Volta 48: 8 19 28 10 22 44 4 35 12 27 34
Volta 49: 8 19 22 28 10 44 4 35 27 12
Volta 50: 8 19 22 28 44 4 10 35 12 27
Volta 51: 8 19 22 28 44 35 4 10 12
Volta 52: 8 19 22 28 44 35 4 10 12
Volta 53: 8 19 22 28 35 44 4 10
Volta 54: 8 19 22 28 35 44 4 10
Volta 55: 8 19 22 28 35 44 4
Volta 56: 8 22 19 28 35 44 4
Volta 57: 8 19 22 28 35 44
Volta 58: 8 19 22 35 28 44
Volta 59: 8 19 22 35 28
Volta 60: 8 19 22 35 28
Volta 61: 8 22 19 35
Volta 62: 8 22 19 35
Volta 63: 8 22 19
Volta 64: 8 22 19
Volta 65: 22 8
Volta 66: 22 8

Ranqueamento Final:
1: Ciclista 8 - 12600.18 segundos
2: Ciclista 22 - 12350.54 segundos
3: Ciclista 19 - 12300.42 segundos
4: Ciclista 35 - 11850.78 segundos
5: Ciclista 28 - 11700.66 segundos
6: Ciclista 44 - 11401.02 segundos
7: Ciclista 4 - 11250.06 segundos
8: Ciclista 10 - 10800.18 segundos
9: Ciclista 12 - 10500.30 segundos
10: Ciclista 27 - 10200.66 segundos
11: Ciclista 34 - 9750.78 segundos
12: Ciclista 14 - 9450.30 segundos
13: Ciclista 15 - 9300.30 segundos
14: Ciclista 48 - 8701.14 segundos
15: Ciclista 45 - 8401.02 segundos
16: Ciclista 50 - 7801.14 segundos
17: Ciclista 6 - 7500.18 segundos
18: Ciclista 46 - 7201.14 segundos
19: Ciclista 21 - 6750.54 segundos
20: Ciclista 2 - 6600.06 segundos
21: Ciclista 26 - 6000.66 segundos
22: Ciclista 40 - 5550.90 segundos
23: Ciclista 47 - 5251.14 segundos
24: Ciclista 3 - 4950.06 segundos
25: Ciclista 7 - 4500.18 segundos
26: Ciclista 9 - 4050.18 segundos
27: Ciclista 32 - 3600.78 segundos
28: Ciclista 23 - 3300.54 segundos
29: Ciclista 24 - 2850.54 segundos
30: Ciclista 25 - 2400.54 segundos
31: Ciclista 37 - 1950.90 segundos
32: Ciclista 43 - 1651.02 segundos
33: Ciclista 36 - 1200.90 segundos
34: Ciclista 49 - 601.14 segundos

Ciclista 1 quebrou na volta 36 - 7050.00 segundos
Ciclista 5 quebrou na volta 24 - 4650.00 segundos
Ciclista 11 quebrou na volta 12 - 2100.24 segundos
Ciclista 13 quebrou na volta 30 - 5850.24 segundos
Ciclista 16 quebrou na volta 48 - 9000.36 segundos
Ciclista 17 quebrou na volta 12 - 2550.36 segundos
Ciclista 18 quebrou na volta 30 - 5850.36 segundos
Ciclista 20 quebrou na volta 12 - 2250.36 segundos
Ciclista 29 quebrou na volta 48 - 9150.60 segundos
Ciclista 30 quebrou na volta 48 - 9450.60 segundos
Ciclista 31 quebrou na volta 48 - 8850.72 segundos
Ciclista 33 quebrou na volta 36 - 7200.72 segundos
Ciclista 38 quebrou na volta 24 - 4800.84 segundos
Ciclista 39 quebrou na volta 30 - 6150.84 segundos
Ciclista 41 quebrou na volta 42 - 8400.96 segundos
Ciclista 42 quebrou na volta 24 - 4950.96 segundos
