Volta 1: 5 4 3 2 1 8 7 10 6 9 14 11 12 15 13 20 18 16 17 19 25 22 24 23 21 26 30 29 27 28 32 35 34 31 33 40 39 38 37 36 43 41 42 44 45 46 50 49 47 48
Volta 2: 1 4 5 9 10 7 6 8 14 13 15 12 17 18 16 24 21 22 25 23 29 27 35 34 32 33 38 40 41 42 45 44 48 50 46 49 47 2 3 11 20 19 26 28 30 31 37 36 39 43
Volta 3: 1 5 6 10 12 15 14 18 29 27 32 45 42 47 4 3 7 9 8 11 13 17 20 16 19 25 22 24 21 23 30 28 26 33 34 31 35 40 39 38 36 41 44 48 50 49 46 2 37
Volta 4: 1 5 10 6 14 18 29 32 42 45 4 3 8 7 9 12 15 13 19 20 17 16 25 24 21 23 30 28 26 27 31 34 33 38 39 40 36 44 41 48 46 50 49 47 2 11 22 35 37
Volta 5: 1 5 6 14 18 29 32 42 3 9 10 15 12 16 20 17 25 23 21 28 26 27 30 33 39 40 38 36 41 44 45 50 47 4 7 8 13 11 19 24 34 31 35 48 49 46 2 22
Volta 6: 1 32 42 3 5 10 6 14 12 15 17 16 18 21 25 28 30 33 38 45 50 4 7 9 8 13 11 19 20 23 26 27 35 31 34 40 44 41 48 47 49 46 2 24 22
Volta 7: 1 32 3 5 6 14 12 16 18 21 30 33 38 42 50 4 9 10 7 8 13 15 11 17 19 23 25 27 28 35 40 41 45 44 46 49 48 2 20 24 26 31 34 47
Volta 8: 1 3 6 14 12 30 32 38 42 50 5 8 7 10 13 16 17 19 18 23 25 21 27 28 33 40 45 44 49 4 9 15 11 20 24 26 35 34 41 46 47 48 2 31
Volta 9: 1 3 6 12 30 32 38 42 50 5 10 8 13 14 19 17 21 25 28 27 33 40 45 44 49 4 7 9 15 11 18 16 23 41 48 2 20 24 26 34 35 46 47
Volta 10: 1 3 6 12 38 42 50 5 10 8 14 13 19 25 28 30 27 32 40 44 45 49 4 7 11 17 18 16 23 21 33 41 48 2 9 15 20 24 26 35 34 46 47
Volta 11: 1 6 38 42 50 3 8 10 12 19 25 28 30 32 40 45 49 5 13 14 18 17 23 21 27 33 41 44 48 4 2 9 7 15 11 16 35 34 46 20 24 26
Volta 12: 1 42 50 3 6 25 28 32 40 45 49 5 8 10 13 14 17 19 18 23 21 30 27 33 44 41 48 4 9 11 15 16 34 35 46 2 7 20 24 26
Volta 13: 1 3 25 28 42 49 50 5 6 10 13 14 19 17 21 27 30 32 40 41 45 48 4 8 9 11 18 16 23 33 44 46 2 7 15 24 35 34 20
Volta 14: 1 28 42 49 50 5 3 6 10 19 21 25 30 32 40 41 48 8 9 11 13 14 17 16 18 23 27 44 45 2 4 15 24 34 35 33 46 7 20
Volta 15: 1 50 3 6 25 28 30 40 42 49 5 10 8 11 14 16 17 19 23 21 27 32 45 44 41 48 4 9 15 13 18 24 34 2 35 33 46 7
Volta 16: 1 6 25 28 30 42 50 49 5 3 10 11 14 21 40 41 45 48 8 9 15 13 18 17 16 19 23 24 27 32 44 2 4 34 33 35 46 7
Volta 17: 1 25 30 42 50 5 6 10 11 21 28 40 45 41 48 49 3 8 13 15 14 19 16 23 27 32 44 4 9 17 18 24 34 33 35 2 46
Volta 18: 1 25 30 50 5 6 10 21 40 42 45 49 3 14 11 15 19 23 27 28 32 41 48 4 9 8 13 18 17 24 35 33 2 34 46
Volta 19: 1 30 50 10 25 21 45 3 5 6 15 14 23 27 40 42 49 4 8 11 13 19 24 28 33 35 32 41 48 9 18 17 34 2
Volta 20: 1 30 50 10 3 5 14 25 23 21 27 45 42 49 4 6 11 15 19 28 32 35 33 40 41 48 8 9 13 18 17 24 34 2
Volta 21: 1 50 30 5 3 10 21 25 42 45 49 6 15 14 11 19 23 28 27 32 40 41 48 4 8 13 18 17 24 33 35 9 34
Volta 22: 1 50 30 3 10 25 42 45 49 5 6 11 14 19 21 28 27 32 40 48 4 8 13 15 23 24 33 35 41 9 18 17 34
Volta 23: 1 50 30 10 42 5 3 11 14 25 28 32 40 45 49 4 6 15 19 23 24 21 27 35 48 8 13 17 33 41 9 18
Volta 24: 1 30 50 10 28 40 42 45 49 5 6 14 15 25 23 24 27 32 35 48 13 19 21 33 41 8 9 17 18
Volta 25: 1 50 30 10 28 42 45 5 14 23 25 24 27 40 49 48 6 13 15 19 21 35 32 33 41 8 17 9
Volta 26: 1 50 30 10 28 45 42 14 23 24 25 27 40 49 5 13 15 32 33 41 48 6 19 21 35 8 9 17
Volta 27: 1 30 50 28 10 14 24 27 40 45 42 23 25 32 49 48 5 6 15 13 19 21 33 35 41 9 8
Volta 28: 1 30 50 10 24 28 27 40 42 45 14 25 23 48 49 13 19 33 32 41 5 8 9 6 15 21 35
Volta 29: 1 30 10 28 27 40 42 50 14 24 23 45 49 25 32 41 48 8 15 13 19 21 33 5 9 6
Volta 30: 30 1 10 50 14 28 27 40 45 42 49 23 24 41 48 13 19 25 32 33 5 8 6 15 21
Volta 31: 30 1 50 10 14 28 27 40 42 49 23 45 41 13 19 24 25 32 48 5 8 15 33 6
Volta 32: 30 1 50 10 14 27 40 42 49 23 28 45 25 32 41 48 5 8 15 13 19 24 6 33
Volta 33: 1 30 50 10 14 27 40 42 49 23 28 45 32 41 48 8 13 19 25 24 5 15 6
Volta 34: 30 1 10 27 42 50 14 23 40 45 49 28 32 19 41 48 5 8 13 15 24 25 6
Volta 35: 30 1 10 27 50 14 23 40 42 45 49 28 32 41 5 13 19 24 48 8 15 25
Volta 36: 30 1 50 10 23 27 40 45 42 49 14 28 32 19 41 48 5 8 13 15 24 25
Volta 37: 30 1 50 10 27 45 49 14 23 28 32 40 42 19 41 8 13 24 48 5 15
Volta 38: 30 1 50 10 45 14 27 28 32 40 42 49 23 19 8 13 24 41 48 5 15
Volta 39: 30 1 50 45 10 14 28 27 32 49 40 42 23 8 13 19 41 48 24 5
Volta 40: 30 1 45 50 14 27 32 10 28 40 42 49 13 23 41 8 19 24 48 5
Volta 41: 1 30 45 50 14 27 32 10 28 40 49 42 13 23 41 8 19 24 48
Volta 42: 1 30 45 50 14 27 32 10 28 49 42 13 23 41 8 19 48
Volta 43: 1 30 50 27 45 10 14 28 32 49 42 13 23 41 8 19
Volta 44: 30 1 27 45 50 10 14 32 49 28 13 42 8 23 41 19
Volta 45: 30 1 50 10 27 32 45 14 28 49 13 42 8 23 41
Volta 46: 30 1 27 50 10 14 28 32 45 42 49 8 13 23 41
Volta 47: 30 1 27 50 10 32 45 14 28 42 49 8 13 23
Volta 48: 30 1 27 45 50 10 14 32 8 13 28 42 49 23
Volta 49: 30 1 27 10 14 32 45 50 8 13 28 42 49
Volta 50: 30 1 27 14 32 45 50 10 13 8 28 42 49
Volta 51: 30 1 27 14 45 10 13 32 50 8 28 42
Volta 52: 1 30 27 14 45 50 10 13 28 32 8 42
Volta 53: 30 1 27 14 45 13 28 50 10 32 8
Volta 54: 1 30 27 14 45 13 10 28 32 50 8
Volta 55: 27 1 30 14 45 13 10 28 50 32
Volta 56: 27 1 14 30 13 45 10 28 50 32
Volta 57: 1 30 27 14 45 13 10 28 50
Volta 58: 27 1 14 30 45 10 13 28 50
Volta 59: 1 30 27 14 45 10 13 28
Volta 60: 27 30 10 13 14 45 28
Volta 61: 27 30 10 14 13 45
Volta 62: 30 27 13 14 45 10
Volta 63: 27 13 30 45 14
Volta 64: 13 30 27 14 45
Volta 65: 27 14 13 30
Volta 66: 27 13 30 14
Volta 67: 27 13 30
Volta 68: 27 13 30
Volta 69: 27 13
Volta 70: 13 27

Ranqueamento Final:
1: Ciclista 27 - 1350.66 segundos
2: Ciclista 13 - 1350.30 segundos
3: Ciclista 30 - 1320.66 segundos
4: Ciclista 14 - 1290.30 segundos
5: Ciclista 45 - 1246.02 segundos
6: Ciclista 10 - 1215.18 segundos
7: Ciclista 28 - 1185.66 segundos
8: Ciclista 50 - 1141.14 segundos
9: Ciclista 32 - 1125.78 segundos
10: Ciclista 8 - 1080.18 segundos
11: Ciclista 42 - 1036.02 segundos
12: Ciclista 49 - 991.14 segundos
13: Ciclista 23 - 960.54 segundos
14: Ciclista 41 - 916.02 segundos
15: Ciclista 19 - 915.42 segundos
16: Ciclista 48 - 856.14 segundos
17: Ciclista 5 - 840.06 segundos
18: Ciclista 15 - 810.30 segundos
19: Ciclista 25 - 750.54 segundos
20: Ciclista 6 - 720.18 segundos
21: Ciclista 33 - 675.78 segundos
22: Ciclista 21 - 630.54 segundos
23: Ciclista 35 - 585.78 segundos
24: Ciclista 17 - 555.42 segundos
25: Ciclista 18 - 510.42 segundos
26: Ciclista 34 - 465.78 segundos
27: Ciclista 2 - 435.06 segundos
28: Ciclista 46 - 391.14 segundos
29: Ciclista 7 - 360.18 segundos
30: Ciclista 20 - 330.42 segundos
31: Ciclista 26 - 270.66 segundos
32: Ciclista 47 - 241.14 segundos
33: Ciclista 31 - 195.78 segundos
34: Ciclista 22 - 150.54 segundos
35: Ciclista 37 - 105.90 segundos
36: Ciclista 43 - 61.02 segundos

Ciclista 1 quebrou na volta 60 - 1140.00 segundos
Ciclista 3 quebrou na volta 24 - 465.00 segundos
Ciclista 4 quebrou na volta 24 - 480.00 segundos
Ciclista 9 quebrou na volta 30 - 630.12 segundos
Ciclista 11 quebrou na volta 24 - 465.24 segundos
Ciclista 12 quebrou na volta 12 - 225.24 segundos
Ciclista 16 quebrou na volta 18 - 360.36 segundos
Ciclista 24 quebrou na volta 42 - 855.48 segundos
Ciclista 29 quebrou na volta 6 - 120.60 segundos
Ciclista 36 quebrou na volta 6 - 135.84 segundos
Ciclista 38 quebrou na volta 12 - 210.84 segundos
Ciclista 39 quebrou na volta 6 - 135.84 segundos
Ciclista 40 quebrou na volta 42 - 810.84 segundos
Ciclista 44 quebrou na volta 18 - 360.96 segundos
