Volta 1: 2 5 3 1 4 6 9 10 7 8 11 13 14 12 15 18 17 19 20 16 22 24 21 23 25 30 29 28 27 26 33 32 35 34 31 39 40 36 37 38 42 44 41 45 43 48 46 49 47 50 54 55 53 51 52 59 58 56 60 57 63 64 61 65 62 67 68 70 69 66 71 73 72 75 74 79 76 78 80 77 83 84 85 82 81 87 89 86 88 90 95 91 92 93 94 100 98 99 96 97
Volta 2: 2 3 6 7 10 9 13 12 20 18 16 23 24 21 22 27 26 28 30 29 32 34 33 37 40 39 36 42 43 41 44 49 46 50 48 53 54 52 51 55 59 58 57 56 65 63 64 61 62 68 66 69 67 73 72 71 74 75 76 78 77 80 79 83 85 81 82 87 90 88 89 86 94 91 95 97 100 98 99 96 1 5 4 8 11 14 15 19 17 25 31 35 38 45 47 60 70 84 93 92
Volta 3: 3 6 7 9 13 18 23 22 21 24 30 27 34 32 37 39 36 40 42 43 46 48 55 52 59 57 58 62 65 61 63 67 69 73 72 71 75 74 76 79 78 77 85 81 87 90 86 89 91 95 94 99 2 5 10 8 11 14 15 12 20 16 19 25 28 29 26 35 33 38 41 45 44 50 49 47 54 51 53 56 60 64 68 66 70 80 83 82 84 88 93 100 96 98 97 4 1 17 31
Volta 4: 7 9 13 18 23 21 24 22 30 27 34 32 36 39 40 42 46 55 52 57 59 58 65 62 61 63 69 74 72 75 76 78 79 77 89 87 90 95 94 91 2 5 3 6 11 12 14 16 20 26 28 29 33 37 44 43 45 41 50 48 49 54 51 53 60 56 64 70 67 66 68 71 73 80 81 82 85 88 86 93 97 96 100 99 4 8 10 15 19 17 25 35 31 38 47 83 84 98 1
Volta 5: 7 13 18 22 23 30 27 32 39 36 42 46 52 59 58 65 62 69 79 77 87 95 91 94 9 6 12 11 14 16 20 24 21 26 28 34 33 37 40 43 45 44 41 48 55 56 60 57 61 64 63 70 74 75 73 71 72 80 76 78 82 81 89 88 90 86 97 96 3 4 2 5 8 10 15 19 17 29 31 35 38 47 49 50 53 51 54 68 66 67 84 83 85 93 98 100 99 25
Volta 6: 7 18 23 30 39 36 42 52 58 59 62 69 77 91 95 9 6 13 12 16 24 21 22 26 28 27 34 40 37 41 48 46 55 57 64 63 61 65 70 72 74 73 75 71 80 79 76 78 82 81 90 86 87 88 94 96 5 3 14 15 29 35 43 45 50 49 47 53 51 54 56 60 67 68 66 85 84 89 93 98 99 100 4 2 10 8 19 31 83 25
Volta 7: 7 18 36 39 42 52 58 59 69 77 95 9 13 12 16 24 22 23 30 27 28 34 41 55 57 62 61 63 70 73 74 71 75 76 79 82 81 86 87 94 91 96 6 14 15 21 29 26 35 40 37 43 45 50 48 46 47 53 54 56 60 64 65 66 68 67 72 80 78 85 84 89 90 88 93 98 2 3 4 5 8 19 31 49 51 83 99 100 10
Volta 8: 7 18 36 39 42 52 59 77 95 12 24 23 22 28 30 27 34 55 58 62 69 70 75 71 74 79 86 87 91 94 96 9 6 13 15 14 16 21 26 37 45 41 43 50 47 48 53 56 57 61 65 63 64 72 73 80 76 78 85 82 81 89 90 88 93 3 2 5 4 8 29 35 40 46 51 54 60 67 68 66 83 84 100 98 10 19 31 49 99
Volta 9: 18 42 52 59 77 95 7 12 22 27 34 36 39 55 58 70 69 74 71 75 86 94 91 6 9 13 21 23 24 30 28 37 41 43 45 47 50 48 53 56 65 64 61 63 62 73 79 76 78 85 81 89 87 96 4 15 14 16 29 26 35 40 46 54 60 57 67 68 66 72 80 84 83 82 88 90 93 98 100 5 2 3 10 8 19 49 51 31
Volta 10: 18 42 59 77 7 12 27 34 39 36 52 69 70 75 71 74 91 94 95 9 6 22 21 30 37 45 47 48 50 53 55 58 65 64 63 61 62 79 78 85 86 96 13 14 15 16 24 23 29 26 28 35 41 43 54 57 56 67 68 66 73 76 80 84 81 82 83 90 87 89 93 2 3 4 8 10 40 46 49 60 72 88 100 98 5 19 31 51
Volta 11: 18 77 7 12 36 42 52 59 70 74 75 71 95 9 6 21 22 27 34 39 37 55 53 62 63 65 64 61 69 79 85 91 94 96 15 14 13 16 24 23 29 30 28 35 41 45 43 48 50 47 58 57 56 66 68 73 78 84 83 82 86 93 2 4 3 10 26 40 46 54 60 67 72 80 76 81 87 90 89 98 100 5 8 19 49 88 31
Volta 12: 18 77 7 59 70 75 74 95 9 6 12 22 27 36 39 42 52 55 53 62 65 63 69 71 79 94 91 16 23 24 21 28 29 34 37 41 45 50 47 48 58 56 57 61 66 68 82 84 85 96 3 2 14 15 13 30 26 35 43 60 67 73 72 78 80 76 81 83 89 86 87 90 93 100 4 8 19 40 49 46 54 98 5 31 88
Volta 13: 18 77 70 74 9 7 12 39 36 42 52 59 63 62 65 75 79 95 6 24 21 22 23 27 37 41 45 47 50 55 53 57 56 61 69 66 68 71 85 82 91 94 96 2 14 16 29 28 30 34 35 43 48 58 67 73 80 78 76 84 81 90 89 87 86 93 3 4 13 15 26 40 49 60 72 83 100 5 8 19 46 54 98 31
Volta 14: 77 18 70 74 12 39 36 52 59 63 65 75 79 95 9 6 7 24 21 22 23 27 42 47 53 55 57 62 61 69 66 71 85 91 2 14 16 30 29 37 41 43 45 50 48 56 58 67 68 73 76 80 84 82 90 86 87 94 96 4 3 13 15 26 28 34 35 49 60 72 78 83 81 89 93 100 8 19 40 46 54 98 5 31
Volta 15: 77 70 74 12 18 59 63 75 95 7 9 6 21 23 22 27 36 39 42 55 52 57 65 62 61 71 79 85 14 24 30 29 37 45 41 50 47 53 56 67 66 69 68 76 80 84 86 90 87 91 94 96 4 2 13 15 16 28 35 43 49 48 58 60 73 78 83 81 82 89 93 100 3 8 19 26 34 46 54 72 5 40 98
Volta 16: 74 77 12 63 70 75 95 7 9 18 21 22 23 27 36 39 52 55 57 59 65 62 79 85 6 14 29 37 42 47 50 61 68 66 69 67 71 76 86 91 94 2 4 15 13 16 24 30 28 35 41 45 48 53 58 56 73 78 80 83 84 87 90 89 96 100 3 19 26 34 43 49 60 72 82 81 93 8 40 46 54 98 5
Volta 17: 74 77 12 63 75 7 9 18 39 52 57 70 85 95 6 14 22 23 21 29 27 36 37 42 50 55 59 62 61 65 79 76 86 16 24 30 45 41 48 47 53 56 68 66 69 67 71 80 83 89 90 94 91 100 2 4 13 15 19 28 26 35 43 49 58 60 72 73 78 84 81 87 93 96 3 8 34 46 54 82 98 40
Volta 18: 74 63 77 9 12 18 39 57 75 85 95 7 6 23 22 21 27 29 36 37 42 50 55 52 59 61 65 70 76 79 14 24 30 47 53 56 62 66 69 68 71 80 90 86 89 94 91 4 2 15 13 16 19 26 35 45 43 49 48 60 58 67 73 78 83 87 93 96 100 3 8 28 34 72 84 46 54 82
Volta 19: 74 77 9 18 57 63 85 7 6 12 21 23 39 36 37 55 52 59 65 70 75 79 95 14 24 22 29 27 42 50 47 53 62 61 68 69 66 71 80 76 89 91 4 15 19 26 30 35 45 48 49 58 56 67 78 83 86 90 94 100 2 13 16 28 34 43 60 72 73 84 87 93 96 3 8 46 54
Volta 20: 74 77 9 18 63 85 7 12 23 39 52 57 70 75 79 95 6 14 22 24 21 29 27 36 37 42 47 55 59 61 65 76 91 15 19 30 35 50 48 49 53 58 62 69 67 68 66 71 80 78 90 86 89 94 100 4 13 16 26 34 45 60 56 73 83 93 96 2 3 28 43 46 54 72 84 87 8
Volta 21: 74 77 18 9 7 39 52 57 63 85 95 6 12 23 21 24 27 37 47 55 59 61 65 70 75 76 79 14 22 29 30 35 36 42 50 48 53 58 62 68 67 66 69 71 80 90 89 86 94 91 100 4 15 19 16 34 45 49 60 56 73 78 83 93 96 3 2 13 26 28 43 46 54 72 87 84
Volta 22: 18 74 77 7 9 39 63 12 24 21 23 27 37 55 52 57 70 75 76 85 95 6 14 22 29 30 36 47 48 59 58 65 62 61 67 79 80 86 90 4 15 19 16 34 35 42 49 50 53 60 69 68 66 73 71 78 83 89 91 94 96 100 3 13 26 43 45 46 54 56 87 93 2 28 72 84
Volta 23: 74 77 7 18 39 63 9 21 23 27 37 52 55 57 95 6 12 24 29 36 47 65 61 67 70 75 79 76 80 85 86 4 15 14 22 30 35 42 50 48 53 60 58 59 62 66 68 69 73 89 90 94 91 100 96 3 13 16 19 26 34 45 43 46 49 54 56 71 78 83 93 2 28 87 72
Volta 24: 74 7 39 63 9 27 37 52 57 6 12 23 24 21 55 65 70 67 75 79 85 95 15 14 22 29 35 36 42 50 48 47 53 58 60 59 61 76 80 86 90 89 94 91 4 13 19 16 26 34 43 46 49 56 62 66 69 68 71 73 78 93 96 100 3 2 28 45 54 83 72 87
Volta 25: 7 39 63 74 9 27 37 57 6 12 21 23 52 55 75 85 95 24 22 29 36 50 48 59 60 58 65 67 70 80 76 79 90 86 94 91 4 14 15 26 34 35 42 49 47 53 56 61 62 66 69 71 73 78 89 93 96 3 2 13 19 16 28 43 45 46 54 68 83 100 72
Volta 26: 7 39 63 74 37 57 9 6 21 27 52 55 85 95 12 23 29 58 65 67 70 75 79 80 90 94 4 14 15 22 24 26 36 42 50 49 48 47 60 56 59 66 69 71 73 78 76 86 93 91 96 2 3 13 16 19 28 35 34 43 53 54 61 62 68 83 89 100 45 46 72
Volta 27: 7 74 39 57 63 9 6 21 37 52 55 85 95 12 23 27 67 70 75 79 80 90 14 15 22 29 26 36 50 48 59 56 58 60 65 69 78 76 91 94 96 3 4 13 19 16 24 28 34 42 49 47 53 54 62 61 66 71 73 83 89 86 93 100 2 35 43 45 46 68
Volta 28: 7 39 57 63 74 9 6 37 55 52 12 21 27 75 80 85 95 14 15 23 26 48 50 60 59 56 65 67 70 78 79 90 91 96 3 19 16 22 24 29 28 34 36 42 49 47 53 58 69 66 71 73 76 89 86 94 93 100 2 4 13 35 43 45 46 54 61 62 83 68
Volta 29: 7 39 57 63 74 6 9 37 52 12 21 55 80 85 27 26 50 48 56 59 65 70 67 75 78 90 91 95 96 14 15 22 23 24 28 29 34 36 42 53 58 60 69 76 79 89 86 94 100 2 4 3 13 19 16 49 47 46 54 61 62 66 71 73 83 93 35 43 45
Volta 30: 7 57 63 74 9 6 37 39 21 55 52 80 12 26 50 48 65 67 70 75 85 90 95 91 15 24 23 22 29 27 28 36 42 53 60 56 59 76 79 78 86 89 96 4 3 14 16 34 49 47 54 58 69 71 83 94 100 13 19 35 43 45 46 61 62 73
Volta 31: 7 9 39 57 63 74 6 37 52 21 26 50 55 65 70 67 75 80 85 15 12 24 22 28 27 29 36 42 48 53 60 59 56 79 78 90 86 91 95 4 14 16 23 34 49 54 71 76 83 89 100 96 3 13 19 35 43 47 58 62 61 69 94 45 46
Volta 32: 7 9 57 63 74 6 39 52 21 37 50 55 65 67 80 85 22 24 26 27 29 28 36 42 56 59 70 75 78 90 91 12 15 16 23 34 49 48 53 60 79 76 83 89 86 95 96 100 4 14 19 35 43 47 54 58 62 69 71 94 3 13 45 46 61
Volta 33: 9 7 57 39 63 74 6 21 52 65 67 80 22 24 27 26 28 37 36 50 55 59 56 70 75 85 15 23 29 42 49 48 53 76 79 78 83 86 90 89 91 95 100 96 4 14 12 16 19 34 43 54 60 58 62 69 71 94 3 13 35 45 47 46
Volta 34: 7 57 9 74 6 39 52 63 67 21 27 37 50 55 59 56 65 75 80 85 23 24 22 28 26 29 36 42 48 49 53 70 78 83 89 90 91 96 4 14 15 12 34 43 54 58 60 62 71 76 79 86 95 100 3 19 16 35 45 47 69 94 13 46
Volta 35: 7 57 9 6 39 67 74 21 27 37 50 55 52 59 56 65 63 75 80 85 24 22 23 29 28 36 49 48 70 83 90 96 12 15 14 26 34 42 53 58 71 78 79 89 86 95 91 4 16 19 35 43 47 54 60 62 69 76 100 3 13 45 94
Volta 36: 9 7 57 6 39 67 74 21 37 50 52 56 65 63 75 85 22 24 27 28 36 48 55 59 80 83 96 12 23 29 26 49 53 58 70 71 78 79 86 89 90 91 4 14 15 16 19 34 42 47 62 69 95 3 35 45 43 54 60 76 94 100 13
Volta 37: 7 9 57 6 39 67 74 37 50 52 56 65 75 21 22 28 27 36 48 55 59 63 85 12 23 24 29 49 53 58 71 78 80 83 89 91 96 4 14 26 34 47 69 70 79 90 86 95 3 15 19 16 42 43 54 60 62 76 94 100 35 45
Volta 38: 9 57 7 6 67 74 39 50 56 65 75 22 21 27 37 48 52 55 59 85 24 23 29 28 36 49 53 58 63 71 78 83 91 96 12 26 34 47 70 69 80 79 89 86 4 14 16 19 43 42 54 62 90 95 100 3 15 35 45 60 76 94
Volta 39: 9 57 7 6 39 50 65 67 74 21 27 37 48 52 55 56 59 75 85 22 23 24 28 29 36 49 53 58 63 71 12 26 34 47 69 80 78 83 89 91 96 4 14 16 19 54 70 79 86 90 100 3 15 35 43 42 62 76 95 45 60
Volta 40: 9 57 6 7 50 74 37 39 48 55 52 56 65 67 75 85 21 22 24 28 27 36 59 63 12 23 29 34 49 47 53 58 71 89 91 96 4 19 26 69 70 80 78 79 83 90 86 100 3 14 16 43 42 54 62 76 95 15 35 45 60
Volta 41: 9 7 57 6 39 37 50 52 56 65 67 74 75 22 28 36 48 55 59 85 12 24 21 23 27 29 34 47 49 53 58 63 71 91 96 4 26 69 78 80 89 90 100 3 14 16 19 42 54 70 76 79 83 86 95 15 35 43 45 62
Volta 42: 9 57 7 6 39 37 56 67 74 28 36 48 50 52 55 59 65 75 85 22 23 21 24 27 34 47 58 63 71 91 4 12 49 69 80 89 90 96 100 3 14 19 26 42 54 78 79 83 95 16 43 45 62 70 76 86 35
Volta 43: 9 57 7 6 37 56 67 28 36 39 52 65 75 74 22 21 27 50 47 48 55 59 85 91 4 23 24 34 49 58 63 69 71 80 90 96 12 19 26 78 83 89 95 100 3 14 42 43 54 62 70 76 79 86 16 45
Volta 44: 57 9 6 7 37 67 28 39 52 56 65 74 22 27 36 50 48 47 55 59 75 91 4 21 34 49 58 63 71 80 85 96 12 19 24 23 26 69 90 95 100 3 14 43 54 62 78 83 89 16 45 42 70 76 79 86
Volta 45: 57 6 7 9 67 37 39 56 65 22 28 27 36 50 52 75 74 91 4 21 47 48 49 55 59 58 63 80 85 96 12 19 24 23 34 69 71 95 3 14 26 43 54 78 83 89 90 100 16 45 42 62 70 76 79
Volta 46: 57 6 67 9 7 37 56 27 28 39 52 65 75 74 4 22 36 49 50 47 55 59 80 85 91 96 12 19 23 21 34 48 58 63 69 71 3 14 24 26 54 83 90 95 100 42 43 45 62 78 79 89 16 70 76
Volta 47: 6 57 67 7 9 56 27 28 37 39 65 4 22 36 47 49 50 55 52 75 74 85 91 96 12 19 21 48 59 58 63 69 71 80 14 24 23 26 34 54 83 90 95 3 43 42 62 79 78 89 100 45 70 16
Volta 48: 6 57 67 9 7 28 27 65 22 37 39 36 50 47 74 75 91 19 49 48 52 58 59 71 80 85 96 12 24 21 26 34 63 69 90 95 3 14 23 43 42 54 62 78 83 89 100 45 70 79 16
Volta 49: 6 57 67 9 7 27 22 28 39 36 37 65 75 74 50 47 48 49 59 85 91 12 19 21 52 58 63 69 71 80 95 96 3 24 26 34 42 43 54 62 78 83 89 90 100 14 23 45 79 70
Volta 50: 6 57 67 9 7 22 27 39 37 65 74 75 28 36 59 85 91 19 21 50 47 48 49 52 58 63 80 95 96 3 12 24 26 54 62 69 71 78 83 90 89 100 23 34 42 45 43 79 14 70
Volta 51: 6 57 9 7 67 22 27 65 75 28 37 39 36 59 74 91 19 21 48 49 50 52 80 85 95 3 12 24 47 54 58 63 69 71 83 90 89 96 100 26 34 42 45 62 79 78 14 23 43
Volta 52: 57 6 7 67 9 65 75 22 27 39 36 37 59 74 91 19 21 28 49 52 80 85 12 24 50 48 47 54 58 63 83 90 89 95 96 3 26 34 45 42 69 71 79 78 100 23 43 62 14
Volta 53: 57 6 7 67 65 9 22 27 36 37 74 75 91 21 28 39 52 59 80 85 19 50 49 48 54 83 90 95 3 12 24 26 45 47 58 63 69 71 79 78 89 100 96 23 34 42 62 43
Volta 54: 57 7 6 67 9 22 27 65 21 39 37 36 52 59 74 91 19 28 49 80 83 85 95 12 24 26 45 47 50 48 54 58 69 71 78 79 89 90 100 96 3 23 34 42 63 43 62
Volta 55: 57 7 6 67 22 65 9 21 27 39 36 59 74 91 28 37 49 52 85 12 19 45 48 54 69 80 79 83 89 90 95 100 96 3 24 26 34 47 50 58 71 78 23 43 42 63
Volta 56: 57 7 6 67 65 9 22 21 27 39 74 36 49 52 59 85 91 28 37 54 80 79 83 90 95 100 96 12 19 24 26 45 48 50 47 58 69 71 78 89 3 23 34 43 63 42
Volta 57: 57 67 7 6 65 22 39 9 21 27 36 59 74 85 91 28 37 49 54 52 80 90 96 100 12 19 24 26 45 48 69 79 83 95 3 23 43 50 47 58 63 71 78 89 34
Volta 58: 57 67 7 6 65 39 9 22 21 27 59 74 28 36 49 52 80 85 91 96 100 26 37 48 54 69 79 83 90 12 19 23 24 45 43 50 58 63 78 89 95 3 34 47 71
Volta 59: 57 6 67 7 65 9 39 59 21 22 28 27 36 49 74 80 85 91 100 96 26 37 48 54 52 69 12 24 43 45 58 79 78 83 90 95 3 19 23 34 50 63 89 47
Volta 60: 57 6 65 67 7 22 21 28 27 36 59 80 91 100 26 37 49 52 74 85 96 45 48 54 58 69 83 95 12 19 23 24 43 63 78 79 90 89 34 47 50
Volta 61: 57 6 65 67 7 21 36 59 22 27 26 28 49 80 85 91 100 96 37 45 48 54 52 74 83 95 12 19 24 23 43 58 63 69 78 79 89 90 34 47
Volta 62: 57 67 6 65 7 21 36 59 22 28 27 49 80 85 91 100 26 37 54 52 74 83 96 23 24 43 45 48 63 69 95 12 19 34 47 58 78 79 90 89
Volta 63: 57 67 6 65 36 7 21 22 27 49 59 80 85 91 100 26 28 54 52 24 37 45 43 48 74 83 96 12 19 23 47 58 63 69 78 79 90 95 34
Volta 64: 57 6 67 65 21 27 36 49 59 85 91 7 22 28 54 52 80 100 26 37 45 48 74 83 96 12 24 23 43 47 63 69 78 79 95 19 34 58 90
Volta 65: 57 6 65 67 21 27 36 59 85 91 7 22 49 52 54 80 100 26 28 37 45 48 74 96 12 24 43 63 69 83 95 23 34 47 58 78 79 19
Volta 66: 57 6 65 67 27 85 91 22 21 36 49 52 59 80 7 28 26 37 45 48 54 100 96 24 74 83 95 12 23 34 43 47 58 63 69 79 19 78
Volta 67: 57 6 27 65 67 85 21 36 49 59 91 7 22 37 52 80 100 28 26 45 48 54 74 95 96 12 23 24 34 43 47 58 63 69 83 19 79
Volta 68: 57 6 65 67 21 27 36 85 7 37 49 52 59 80 91 100 22 26 28 45 48 54 95 96 24 43 58 63 69 74 83 12 23 34 47 19 79
Volta 69: 57 6 65 67 21 27 85 7 37 36 49 52 59 91 100 26 45 54 80 95 96 24 22 28 43 48 63 69 74 12 23 34 47 58 83 19
Volta 70: 57 6 67 65 85 7 21 27 36 52 91 26 37 45 49 54 59 80 95 100 22 28 43 48 69 96 12 24 23 47 58 63 74 83 19 34
Volta 71: 57 6 67 85 7 21 27 36 52 65 26 37 45 54 59 80 91 28 43 49 69 95 100 96 12 22 24 48 63 74 83 23 47 58 19
Volta 72: 57 6 67 85 7 21 27 36 52 65 45 80 91 37 43 49 54 95 100 22 28 48 63 69 74 96 12 23 24 47 58 83 19
Volta 73: 57 67 6 27 36 85 7 21 52 65 80 91 37 45 43 95 100 28 49 54 69 12 23 22 48 47 63 74 83 96 24 58
Volta 74: 57 6 27 67 85 7 21 36 52 65 80 43 45 95 91 28 37 49 54 69 100 12 22 23 48 47 63 83 96 24 58 74
Volta 75: 57 6 67 85 7 27 36 80 21 45 43 52 65 91 28 37 54 69 95 22 23 47 49 83 100 12 24 48 63 96 58
Volta 76: 57 6 85 27 36 67 7 21 65 80 91 37 43 45 54 52 69 95 28 47 49 12 24 23 22 48 63 83 96 100 58
Volta 77: 57 6 85 67 7 27 36 65 91 21 45 54 52 80 28 37 43 49 69 95 22 47 48 63 83 96 100 12 23 24
Volta 78: 57 6 85 7 27 36 67 91 21 52 54 65 37 43 49 69 95 28 47 96 23 22 24 48 63 83 100
Volta 79: 57 6 85 67 91 7 27 36 54 52 65 21 37 43 69 28 49 47 95 96 22 23 24 48 63 83
Volta 80: 57 6 67 85 7 27 52 65 91 21 36 37 54 28 43 47 49 69 96 48 83 95 24 23 22 63
Volta 81: 57 6 85 27 52 67 91 7 21 36 37 54 65 49 69 96 28 43 47 83 95 23 22 24 48
Volta 82: 57 6 27 67 85 7 36 52 91 21 37 54 65 69 96 28 43 49 47 24 48 83 95 23 22
Volta 83: 57 6 27 36 52 67 85 91 7 21 69 96 37 49 54 65 24 28 43 47 48 83 95 23
Volta 84: 57 6 27 52 67 85 36 69 7 21 37 54 65 24 43 47 48 49 28 95 23
Volta 85: 57 6 27 52 67 85 36 69 21 37 54 7 24 49 48 65 43 47 95 28
Volta 86: 57 6 27 67 85 36 52 69 21 37 7 24 54 65 43 47 48 49 95 28
Volta 87: 57 6 67 85 27 36 52 69 37 7 21 54 24 48 47 65 43 49 95
Volta 88: 57 6 27 36 69 67 85 37 52 7 21 24 47 54 65 43 49 48 95
Volta 89: 57 6 27 67 69 85 36 52 37 7 24 21 47 54 48 65 43 49
Volta 90: 57 6 69 85 27 36 52 67 37 7 24 21 47 48 65 49 43
Volta 91: 57 6 69 85 27 52 36 67 37 7 24 21 47 65 48 49
Volta 92: 57 6 69 85 27 36 52 37 67 7 21 24 47 65 49 48
Volta 93: 57 6 69 27 36 85 52 67 21 37 7 24 47 65 49
Volta 94: 57 6 27 36 69 85 52 67 37 7 21 24 47 65 49
Volta 95: 57 6 27 69 36 67 85 37 52 7 21 24 47 65
Volta 96: 57 6 27 69 36 85 37 52 67 7 21 24 65 47
Volta 97: 57 6 27 36 69 67 85 37 52 7 21 24 65
Volta 98: 57 6 27 36 69 85 37 67 7 21 52 24 65
Volta 99: 57 6 27 36 69 85 37 67 52 7 21 24
Volta 100: 57 6 27 36 69 37 85 67 7 21 52 24
Volta 101: 57 6 27 36 69 37 67 85 7 21 52
Volta 102: 57 6 27 36 69 67 85 21 52 7
Volta 103: 57 6 27 36 69 67 85 21 52
Volta 104: 57 6 27 36 69 67 85 21 52
Volta 105: 57 6 27 36 69 67 85 21
Volta 106: 57 6 27 36 69 67 85 21
Volta 107: 57 6 27 36 67 69 85
Volta 108: 57 6 27 36 67 85
Volta 109: 57 6 27 36 67
Volta 110: 57 6 27 36 67
Volta 111: 57 6 27 36
Volta 112: 57 6 27 36
Volta 113: 57 6 27
Volta 114: 57 6 27

Ranqueamento Final:
1: Ciclista 27 - 2205.66 segundos
2: Ciclista 6 - 2180.18 segundos
3: Ciclista 57 - 2176.38 segundos
4: Ciclista 36 - 2175.90 segundos
5: Ciclista 67 - 2161.62 segundos
6: Ciclista 85 - 2131.98 segundos
7: Ciclista 21 - 2115.54 segundos
8: Ciclista 52 - 2071.26 segundos
9: Ciclista 7 - 2040.18 segundos
10: Ciclista 24 - 2010.54 segundos
11: Ciclista 65 - 1996.50 segundos
12: Ciclista 47 - 1951.14 segundos
13: Ciclista 49 - 1906.14 segundos
14: Ciclista 48 - 1861.14 segundos
15: Ciclista 43 - 1831.02 segundos
16: Ciclista 95 - 1787.22 segundos
17: Ciclista 28 - 1740.66 segundos
18: Ciclista 23 - 1710.54 segundos
19: Ciclista 22 - 1665.54 segundos
20: Ciclista 63 - 1621.56 segundos
21: Ciclista 100 - 1577.34 segundos
22: Ciclista 58 - 1561.38 segundos
23: Ciclista 74 - 1501.74 segundos
24: Ciclista 19 - 1470.42 segundos
25: Ciclista 34 - 1425.78 segundos
26: Ciclista 79 - 1396.86 segundos
27: Ciclista 78 - 1351.86 segundos
28: Ciclista 90 - 1307.10 segundos
29: Ciclista 89 - 1262.10 segundos
30: Ciclista 50 - 1231.14 segundos
31: Ciclista 71 - 1186.74 segundos
32: Ciclista 42 - 1156.02 segundos
33: Ciclista 62 - 1111.50 segundos
34: Ciclista 14 - 1080.30 segundos
35: Ciclista 70 - 1036.62 segundos
36: Ciclista 16 - 1005.42 segundos
37: Ciclista 76 - 961.86 segundos
38: Ciclista 86 - 917.10 segundos
39: Ciclista 35 - 885.78 segundos
40: Ciclista 60 - 841.38 segundos
41: Ciclista 94 - 797.22 segundos
42: Ciclista 13 - 765.30 segundos
43: Ciclista 46 - 721.14 segundos
44: Ciclista 61 - 676.50 segundos
45: Ciclista 73 - 631.74 segundos
46: Ciclista 68 - 601.68 segundos
47: Ciclista 72 - 556.74 segundos
48: Ciclista 87 - 527.10 segundos
49: Ciclista 84 - 481.98 segundos
50: Ciclista 8 - 450.18 segundos
51: Ciclista 82 - 406.98 segundos
52: Ciclista 5 - 375.06 segundos
53: Ciclista 31 - 330.78 segundos
54: Ciclista 88 - 287.10 segundos
55: Ciclista 51 - 241.26 segundos
56: Ciclista 99 - 197.34 segundos
57: Ciclista 25 - 165.54 segundos
58: Ciclista 1 - 120.06 segundos
59: Ciclista 92 - 62.22 segundos

Ciclista 2 quebrou na volta 30 - 630.00 segundos
Ciclista 3 quebrou na volta 60 - 1230.00 segundos
Ciclista 4 quebrou na volta 48 - 930.00 segundos
Ciclista 9 quebrou na volta 60 - 1155.12 segundos
Ciclista 10 quebrou na volta 12 - 270.12 segundos
Ciclista 11 quebrou na volta 6 - 120.24 segundos
Ciclista 12 quebrou na volta 78 - 1575.24 segundos
Ciclista 15 quebrou na volta 42 - 870.24 segundos
Ciclista 17 quebrou na volta 6 - 135.36 segundos
Ciclista 18 quebrou na volta 24 - 435.36 segundos
Ciclista 20 quebrou na volta 6 - 120.36 segundos
Ciclista 26 quebrou na volta 72 - 1425.60 segundos
Ciclista 29 quebrou na volta 42 - 825.60 segundos
Ciclista 30 quebrou na volta 24 - 480.60 segundos
Ciclista 32 quebrou na volta 6 - 105.72 segundos
Ciclista 33 quebrou na volta 6 - 120.72 segundos
Ciclista 37 quebrou na volta 102 - 2010.84 segundos
Ciclista 38 quebrou na volta 6 - 135.84 segundos
Ciclista 39 quebrou na volta 60 - 1155.84 segundos
Ciclista 40 quebrou na volta 18 - 405.84 segundos
Ciclista 41 quebrou na volta 18 - 360.96 segundos
Ciclista 44 quebrou na volta 6 - 135.96 segundos
Ciclista 45 quebrou na volta 78 - 1530.96 segundos
Ciclista 53 quebrou na volta 42 - 841.20 segundos
Ciclista 54 quebrou na volta 90 - 1786.20 segundos
Ciclista 55 quebrou na volta 48 - 946.20 segundos
Ciclista 56 quebrou na volta 48 - 916.32 segundos
Ciclista 59 quebrou na volta 72 - 1411.32 segundos
Ciclista 64 quebrou na volta 12 - 241.44 segundos
Ciclista 66 quebrou na volta 30 - 616.56 segundos
Ciclista 69 quebrou na volta 108 - 2116.56 segundos
Ciclista 75 quebrou na volta 54 - 1036.68 segundos
Ciclista 77 quebrou na volta 24 - 436.80 segundos
Ciclista 80 quebrou na volta 78 - 1531.80 segundos
Ciclista 81 quebrou na volta 18 - 376.92 segundos
Ciclista 83 quebrou na volta 84 - 1696.92 segundos
Ciclista 91 quebrou na volta 84 - 1637.16 segundos
Ciclista 93 quebrou na volta 30 - 617.16 segundos
Ciclista 96 quebrou na volta 84 - 1667.28 segundos
Ciclista 97 quebrou na volta 6 - 122.28 segundos
Ciclista 98 quebrou na volta 18 - 392.28 segundos
