Volta 1: 2 3 4 5 1 8 6 7 10 9 15 12 11 14 13 17 18 19 20 16 22 21 25 23 24 26 30 28 27 29 33 35 34 31 32 40 36 39 38 37 41 45 42 44 43 47 49 48 46 50 51 52 53 54 55 57 58 56 60 59 62 61 63 65 64 67 68 70 69 66 75 73 74 71 72 80 76 77 78 79 83 82 84 81 85 90 89 87 88 86 94 92 93 95 91 98 99 97 96 100
Volta 2: 1 4 2 5 8 9 6 10 13 11 20 16 17 18 19 23 24 28 27 26 30 32 33 31 35 36 38 40 45 44 43 42 46 50 48 49 47 53 52 54 51 55 57 56 58 60 62 64 63 61 65 67 70 66 68 72 75 71 76 77 78 85 82 83 81 90 92 94 93 95 91 98 97 96 100 99 3 7 15 14 12 22 25 21 29 34 37 39 41 59 69 73 74 80 79 84 86 89 88 87
Volta 3: 2 5 9 10 8 6 11 20 18 17 23 27 26 33 40 38 43 44 50 53 51 55 60 56 57 65 62 68 70 72 78 76 83 81 82 90 94 91 92 93 99 98 96 100 1 3 4 7 13 12 14 16 19 22 21 24 25 29 30 28 31 35 32 34 39 37 36 41 42 45 47 48 46 49 52 54 58 59 64 63 61 66 67 75 71 79 77 80 85 84 89 88 95 97 15 69 74 73 86
Volta 4: 2 6 10 17 20 23 26 27 40 43 60 56 62 68 72 76 78 83 81 82 90 91 93 94 98 99 1 3 5 4 9 8 11 14 12 16 19 18 25 21 24 29 30 34 33 31 37 38 45 44 42 41 50 47 48 49 46 55 53 51 54 58 57 64 61 65 67 66 70 75 71 79 80 77 85 84 88 92 100 97 96 7 13 15 22 28 32 35 36 39 52 59 63 69 89 86 95 73 74
Volta 5: 2 6 20 23 40 43 56 60 62 72 78 76 90 94 93 91 99 3 5 1 10 8 11 12 17 19 18 25 26 27 30 38 44 45 42 49 48 47 50 53 54 51 55 57 58 64 61 65 68 67 70 71 75 79 81 83 85 82 88 92 98 100 97 4 7 9 14 16 22 24 21 29 28 33 34 35 32 31 39 37 36 41 46 52 59 63 69 66 77 80 84 89 95 96 15 13 73 86
Volta 6: 20 23 40 62 72 78 76 90 94 3 1 2 10 6 11 17 27 26 45 43 48 54 55 51 58 57 56 60 65 70 67 75 82 81 88 91 92 93 99 100 98 5 4 7 9 8 14 12 19 16 18 25 24 30 32 34 31 36 39 38 37 41 42 44 50 47 49 53 52 59 63 64 61 68 66 69 71 79 77 80 85 83 89 95 97 96 15 13 21 22 28 29 35 33 46 73 84 86
Volta 7: 78 90 2 1 10 6 20 17 23 26 40 43 45 48 54 60 56 57 62 70 72 75 76 88 93 94 92 100 99 98 4 5 3 8 12 11 19 24 25 27 32 31 36 38 37 44 42 49 47 53 51 55 52 59 58 61 63 65 66 67 71 79 77 80 81 82 83 89 91 95 97 96 7 9 13 15 14 18 16 21 29 30 28 35 34 39 41 46 50 64 68 69 73 84 85 22 33
Volta 8: 78 90 2 10 6 20 17 23 40 43 48 54 56 70 75 88 93 92 94 100 1 5 3 12 11 19 25 24 26 37 36 38 42 45 49 47 53 52 51 55 58 57 60 63 65 62 66 71 72 77 79 76 82 81 89 95 99 98 96 4 7 8 9 14 13 18 16 21 30 27 28 29 34 31 32 35 39 44 50 46 59 61 64 68 67 73 80 83 85 84 91 97 15 22 33 41 69
Volta 9: 78 90 2 10 6 23 40 48 54 56 70 94 92 93 3 5 1 11 20 17 25 24 26 38 36 37 45 43 47 49 51 55 60 57 58 62 72 75 79 77 82 81 89 88 95 98 99 100 4 8 14 12 16 18 19 28 29 31 32 34 35 42 46 53 52 65 63 61 68 66 71 76 80 84 83 91 96 97 7 9 13 21 30 27 33 39 44 41 50 59 64 67 73 85 15 22
Volta 10: 78 2 10 23 40 54 90 94 92 93 1 5 6 17 20 25 37 38 36 45 49 48 47 55 57 56 60 62 70 75 79 82 88 95 100 4 3 12 14 11 19 16 18 24 26 28 31 35 32 43 42 46 52 51 53 58 65 68 71 72 77 76 81 83 89 97 96 98 99 9 8 21 29 30 34 44 41 50 61 63 66 67 80 84 85 91 7 13 22 27 33 39 59 64 73 15
Volta 11: 78 2 23 40 54 90 93 92 1 10 6 20 17 25 37 36 38 45 49 48 57 60 56 70 79 95 94 100 4 5 3 11 14 12 19 24 28 26 35 31 32 43 42 47 53 55 52 51 58 62 65 68 75 71 72 76 77 82 81 83 89 88 97 96 99 8 16 18 21 29 44 46 63 61 66 80 84 91 98 7 9 13 22 27 30 34 39 41 50 59 64 67 73 85 33
Volta 12: 78 2 23 40 93 92 1 6 20 38 37 45 49 48 54 56 60 70 79 90 95 94 3 5 10 14 11 19 17 24 25 28 26 31 35 32 36 55 52 58 62 68 71 75 72 83 82 81 100 96 4 8 18 16 21 44 42 46 47 51 53 65 63 61 77 80 76 88 89 99 98 9 13 29 27 30 34 39 41 50 59 64 66 73 85 84 91 7 22 67 33
Volta 13: 78 2 23 92 93 1 6 20 38 37 40 54 60 56 70 79 90 94 3 5 10 11 14 19 17 25 32 36 45 48 49 52 55 58 68 75 71 83 82 81 95 100 4 18 24 26 28 35 31 44 46 47 51 53 63 65 62 61 72 76 89 88 96 99 8 9 16 21 39 41 42 50 64 66 77 80 84 91 98 7 13 22 30 27 29 34 59 67 73 85
Volta 14: 78 2 92 1 6 23 37 40 38 54 56 70 90 93 3 20 19 17 32 36 45 48 52 60 68 79 83 82 81 95 94 4 5 10 11 14 18 25 24 26 28 31 35 49 55 58 65 61 62 63 72 71 75 76 100 99 96 9 21 39 42 44 41 47 46 50 51 53 64 66 77 80 84 88 89 91 98 7 8 13 16 27 29 34 59 67 73 85 22 30
Volta 15: 78 2 1 23 40 54 56 93 92 3 6 19 37 36 38 48 52 68 70 79 83 90 94 5 4 11 14 17 20 25 24 28 31 32 35 45 49 55 60 58 63 71 72 75 76 81 82 95 96 99 100 10 18 26 44 42 41 47 46 51 62 65 61 84 89 88 91 8 9 13 16 21 29 27 34 39 50 53 59 64 66 67 73 80 77 85 98 7 22
Volta 16: 78 1 2 54 93 92 6 23 40 36 38 48 52 56 68 70 79 83 90 3 20 19 25 24 28 35 32 37 60 63 71 75 82 81 95 94 99 4 5 11 14 18 17 26 31 44 45 42 47 49 55 51 58 61 65 62 72 76 84 100 96 10 21 29 34 41 46 50 64 67 66 73 77 80 85 89 88 91 98 7 9 8 13 16 22 27 39 53 59
Volta 17: 2 78 92 93 1 23 38 36 40 48 54 56 68 83 90 3 6 19 24 25 28 37 52 60 70 75 79 82 94 99 4 5 14 11 20 17 32 35 45 42 44 49 51 58 63 65 61 72 71 76 81 95 100 96 10 18 26 31 34 41 50 47 55 62 64 67 80 84 85 89 88 91 9 8 7 13 16 21 22 27 29 39 46 66 73 77 98 53
Volta 18: 92 1 23 38 54 56 78 90 93 6 19 24 40 48 52 60 68 75 83 82 94 99 3 11 14 20 17 25 28 37 45 42 51 63 65 61 72 79 76 81 95 100 5 4 10 18 32 35 31 41 44 47 49 55 62 67 80 84 85 96 8 16 21 26 27 29 34 39 50 46 64 89 91 98 9 7 22 53 66 73 77
Volta 19: 92 1 54 56 78 93 6 19 23 40 38 48 60 75 83 90 99 3 20 25 24 28 37 52 51 63 68 79 76 82 95 94 5 4 10 14 11 17 35 44 45 42 47 49 65 61 67 72 80 85 81 100 8 18 21 27 26 32 31 34 41 50 55 64 62 84 89 91 96 98 9 7 16 22 29 39 46 53 73 66
Volta 20: 54 56 92 1 23 38 40 48 78 90 93 99 3 6 19 24 25 28 51 60 68 75 79 76 83 82 94 4 5 10 14 11 20 35 37 47 52 65 61 63 72 81 95 100 8 17 21 26 32 31 42 45 44 49 62 67 80 84 85 91 96 7 9 18 27 29 34 39 41 46 50 55 53 64 89 98 16 22 66 73
Volta 21: 92 1 23 40 38 54 56 78 93 99 3 6 19 25 28 48 51 60 79 83 82 90 94 5 10 11 14 20 24 35 37 47 52 65 61 63 68 72 75 76 81 95 100 4 8 17 26 31 45 42 49 21 27 29 34 32 44 53 62 64 67 80 85 84 89 91 98 96 7 9 16 18 22 39 41 46 50 55 66
Volta 22: 23 38 40 54 56 92 1 19 25 28 60 78 79 83 82 90 93 99 5 3 6 14 11 24 35 47 48 52 51 63 65 68 72 76 81 95 94 100 8 10 20 17 26 37 42 49 61 75 4 27 29 32 31 44 45 53 62 67 80 84 85 89 91 96 7 9 18 21 22 34 39 41 50 46 64 98 16 55 66
Volta 23: 23 38 40 56 92 1 25 54 60 78 79 83 93 99 5 3 6 14 11 19 24 28 35 48 51 52 63 68 72 76 82 90 94 10 20 17 26 37 49 47 61 65 75 81 95 100 8 27 29 32 31 45 42 53 67 80 84 85 91 4 7 21 34 41 44 62 64 89 96 9 18 16 22 39 50 46 98 55
Volta 24: 92 23 25 38 40 56 60 79 83 5 1 3 6 11 19 24 28 52 51 54 63 68 72 76 78 82 90 99 14 17 20 35 37 47 48 49 61 65 75 81 94 100 10 8 29 26 31 45 42 53 67 80 84 91 4 7 21 27 32 62 64 85 9 16 18 34 39 44 41 50 89 98 96 22 46 55
Volta 25: 92 23 25 40 38 56 79 83 1 3 6 19 24 60 68 76 82 90 5 11 14 28 35 48 47 52 54 51 61 63 72 75 78 94 99 20 17 26 29 31 37 42 49 65 80 81 100 8 10 7 27 32 45 53 67 84 85 91 4 9 18 21 34 44 50 64 62 89 98 96 16 22 39 41 46
Volta 26: 25 23 38 56 79 92 3 1 6 19 24 40 68 76 83 90 5 11 28 35 47 48 51 54 52 60 63 61 75 72 78 82 94 99 14 17 20 29 31 65 80 81 8 26 27 37 42 45 49 53 84 100 4 7 10 9 18 21 32 67 85 89 91 96 98 16 22 34 39 44 41 50 64 62 46
Volta 27: 25 38 56 1 3 19 23 40 68 76 79 83 92 5 6 11 24 28 48 52 54 60 61 63 72 90 94 99 14 17 35 47 51 65 75 80 78 82 81 20 26 27 29 31 37 45 42 49 53 100 4 8 9 10 18 21 32 67 85 84 91 96 98 7 39 44 41 50 62 89 16 22 34 64
Volta 28: 38 3 19 23 25 56 79 76 83 92 5 1 24 28 40 48 52 60 61 63 68 72 6 11 14 17 47 54 51 65 75 80 78 82 90 94 99 20 29 27 35 31 37 42 53 81 100 8 10 21 26 32 45 49 67 84 91 98 4 9 7 18 39 44 50 62 85 96 16 22 41 64 89 34
Volta 29: 38 3 56 76 83 92 1 19 25 24 23 28 40 48 52 63 68 72 79 5 6 47 51 54 60 61 75 80 78 90 99 11 14 20 17 29 27 35 31 53 65 82 94 100 10 21 26 32 37 45 42 49 67 81 4 8 7 9 18 50 62 84 85 91 96 98 16 22 39 41 44 89 64
Volta 30: 38 3 56 76 83 1 19 24 23 25 40 63 68 92 5 6 28 48 47 51 52 60 72 79 80 90 14 11 20 29 54 61 65 75 78 82 94 99 10 17 21 26 27 31 32 35 42 45 49 53 67 81 100 4 8 9 18 50 84 85 98 7 16 44 62 89 91 96 22 39 41 64
Volta 31: 38 56 76 83 3 1 24 40 68 92 6 19 25 23 28 47 48 52 51 63 72 80 5 11 14 29 54 60 61 75 79 78 82 90 99 10 20 21 27 26 32 35 31 49 65 81 94 100 4 8 9 18 17 42 45 50 53 67 85 62 84 89 96 98 7 16 22 39 41 44 91
Volta 32: 38 56 76 3 83 92 1 19 23 25 24 28 40 47 52 63 68 72 5 6 11 48 51 54 60 61 80 78 79 82 90 14 20 26 29 35 31 49 65 75 81 100 99 10 8 17 18 21 27 32 45 42 67 85 94 4 9 50 53 62 84 89 98 7 16 22 39 44 91 96 41
Volta 33: 38 56 76 83 92 3 1 23 25 28 40 47 52 63 68 11 19 24 48 54 60 72 79 5 6 20 26 35 49 51 65 61 75 80 78 81 82 90 99 10 8 14 21 27 29 31 42 67 85 94 100 18 17 32 45 50 84 4 9 22 39 44 53 62 89 91 96 98 7 16
Volta 34: 38 56 76 83 1 25 40 47 52 68 92 3 11 19 23 28 54 60 63 79 5 6 20 24 26 48 49 65 61 75 72 78 80 82 81 90 99 10 14 21 27 35 31 42 51 67 94 8 18 17 29 32 45 50 84 85 100 9 39 44 53 89 91 98 4 16 22 62 96 7
Volta 35: 38 76 1 25 40 47 52 56 68 83 92 3 11 19 23 28 60 63 79 5 6 26 49 54 61 72 80 78 82 81 90 10 14 20 24 27 35 31 42 48 51 65 67 75 94 99 8 18 21 29 32 50 100 17 44 45 53 84 85 89 91 4 9 16 22 39 62 98 96
Volta 36: 38 76 40 56 83 1 25 28 52 68 79 92 5 11 19 23 54 60 63 72 78 82 81 6 10 14 20 24 26 31 49 48 51 65 61 75 80 90 94 99 8 18 21 27 29 32 35 42 67 100 17 44 45 50 53 84 85 39 89 91 96 4 16 22 62 98
Volta 37: 76 38 40 83 1 25 28 56 68 92 11 19 23 52 60 63 72 79 78 5 26 49 54 61 81 82 90 94 8 10 6 14 18 20 24 21 27 29 35 31 32 42 48 51 65 75 80 100 99 17 44 45 50 67 39 53 84 85 89 91 4 22 62 96 16
Volta 38: 40 38 76 83 25 28 56 68 1 11 19 23 52 60 72 78 79 92 5 26 61 63 81 82 90 94 8 6 20 24 27 29 32 35 31 42 48 49 54 65 80 99 10 14 18 17 21 44 45 50 51 75 100 53 67 84 85 91 22 39 62 89 96 4 16
Volta 39: 76 83 25 28 40 38 56 1 11 23 52 60 68 78 79 92 5 19 61 63 72 81 82 90 94 8 20 27 26 31 32 35 48 54 6 10 14 17 21 24 29 45 42 49 51 65 75 80 99 100 18 44 50 53 67 84 22 39 62 85 89 91 96 4
Volta 40: 76 25 40 56 83 28 38 52 60 79 78 92 1 11 23 61 68 72 82 94 5 19 26 31 32 54 63 81 90 8 6 10 14 20 21 24 27 29 35 45 42 49 48 51 75 80 100 18 17 44 50 65 84 99 22 53 67 85 91 39 62 89 96 4
Volta 41: 76 25 40 56 83 28 38 60 79 92 1 23 52 61 68 72 78 94 11 19 32 31 63 82 81 90 5 6 10 14 20 21 27 26 49 48 54 51 75 80 100 8 17 24 29 35 45 42 50 65 84 99 18 44 53 85 91 22 39 62 67 89 96
Volta 42: 76 25 40 56 83 38 79 1 23 52 60 68 72 78 92 94 11 19 61 81 90 5 10 6 20 26 31 32 49 48 54 63 80 82 100 14 17 21 24 27 29 35 45 42 50 51 65 75 99 8 18 44 53 85 84 39 62 67 89 91 96
Volta 43: 25 40 76 56 83 1 38 60 68 72 79 94 92 11 23 52 61 78 81 90 5 19 20 26 32 31 49 48 54 63 82 6 10 14 27 29 45 42 50 51 65 75 80 99 100 18 17 24 21 35 44 53 85 84 8 39 67 89 91 62
Volta 44: 25 40 76 83 1 38 60 56 72 79 92 94 11 23 61 68 78 5 19 26 31 32 49 48 54 52 81 82 90 20 42 50 63 75 80 100 99 10 6 14 17 18 24 21 29 27 35 45 44 51 53 65 85 84 8 67 89 91 39 62
Volta 45: 40 76 25 83 1 56 79 23 38 60 72 92 94 5 11 19 26 32 48 49 52 54 61 68 78 90 20 31 42 50 63 75 80 82 81 10 14 17 18 21 27 29 45 44 51 65 84 85 100 99 6 24 35 53 67 91 8 89 39
Volta 46: 40 25 76 1 79 83 23 38 56 92 94 5 11 32 49 52 54 60 61 68 72 78 90 19 20 26 31 42 48 63 81 17 21 27 44 45 50 51 65 75 80 82 84 100 99 10 6 14 18 24 29 35 53 67 85 8 89 91 39
Volta 47: 25 40 76 1 79 83 23 38 56 92 5 32 49 54 52 60 61 68 72 94 11 20 19 26 31 48 63 78 90 17 21 42 45 50 65 75 81 99 10 18 24 29 27 44 53 51 67 80 85 84 82 100 8 6 14 35 89 91
Volta 48: 1 40 76 79 83 23 56 5 32 38 49 54 61 94 92 19 26 31 48 52 60 63 68 72 78 90 11 20 21 42 45 50 65 81 99 10 17 18 24 29 27 44 75 80 84 85 100 8 14 35 53 67 91 89
Volta 49: 1 40 76 79 83 56 5 23 38 49 54 61 94 19 26 32 31 52 60 68 72 78 90 92 11 20 21 42 48 63 65 17 18 24 27 45 50 80 81 85 99 100 8 10 14 29 35 44 75 84 91 53 67
Volta 50: 1 40 76 83 56 79 23 49 61 94 5 26 32 38 54 60 68 78 90 92 20 19 21 31 42 52 63 65 72 11 18 17 27 45 50 48 80 85 81 99 100 8 14 24 35 44 75 84 10 29 53 91 67
Volta 51: 40 76 83 1 56 79 49 61 94 5 23 26 32 38 54 60 68 20 21 31 42 63 65 78 90 92 11 18 19 27 45 50 52 72 80 81 85 100 99 17 35 44 48 75 84 8 14 24 29 53 91 10
Volta 52: 40 1 56 76 79 83 49 5 23 26 32 38 54 61 94 31 42 60 65 63 68 78 90 11 18 19 20 21 27 45 50 52 72 80 81 85 92 100 99 44 48 75 84 8 14 17 24 29 35 53 91 10
Volta 53: 1 40 79 76 83 49 56 23 32 38 61 94 5 26 42 54 60 63 68 78 90 18 20 21 27 31 50 52 65 80 85 81 92 11 19 44 45 72 99 100 14 17 24 35 48 75 84 91 8 29 53
Volta 54: 1 40 79 76 83 56 23 38 49 61 5 26 32 42 54 68 78 90 94 20 18 21 52 60 63 65 85 11 19 27 31 45 44 50 72 80 99 100 17 24 35 75 84 91 8 14 29 48 53
Volta 55: 1 76 83 40 56 79 23 49 61 5 26 32 38 42 68 78 90 94 18 20 54 60 65 19 21 27 31 45 50 52 63 72 80 85 100 11 17 35 44 75 84 91 99 14 24 48 8 29
Volta 56: 76 1 40 79 83 49 56 61 23 32 38 94 5 20 26 42 54 60 68 78 90 18 19 21 27 45 52 65 63 100 11 17 31 44 50 72 75 80 85 84 99 24 35 48 91 8 14 29
Volta 57: 76 1 40 79 83 56 61 23 38 49 94 5 32 42 54 78 90 18 20 19 21 27 26 45 60 65 63 68 100 11 31 44 50 52 75 84 85 99 17 24 48 72 80 8 14 35 91
Volta 58: 76 1 83 40 56 79 49 61 5 23 32 38 78 90 94 19 18 27 26 42 45 54 60 68 100 11 20 21 52 65 63 75 84 85 17 31 44 50 72 80 99 24 35 48 91 8 14
Volta 59: 76 1 83 40 79 49 56 61 5 23 38 78 90 94 18 19 32 45 54 100 11 20 21 27 26 42 52 60 65 68 75 85 84 17 31 44 50 63 72 80 99 24 35 91 8 48
Volta 60: 76 1 40 83 56 61 79 5 23 49 94 19 32 38 54 78 90 11 18 21 27 45 60 65 75 85 100 20 17 26 31 44 52 72 80 84 50 63 91 99 8 24 35 48
Volta 61: 76 1 40 83 56 61 23 49 79 5 19 32 38 54 78 90 94 11 18 27 45 60 65 75 100 20 21 26 31 44 80 85 84 17 50 52 63 72 99 24 35 91 8
Volta 62: 76 40 1 83 23 56 61 79 5 19 32 38 49 54 78 90 94 27 45 60 11 18 20 21 26 65 75 84 85 100 17 31 44 50 63 80 99 24 52 72 91 8 35
Volta 63: 40 76 83 1 23 56 61 19 32 38 49 54 79 78 5 27 45 90 94 11 20 18 60 65 75 85 84 100 21 26 31 44 50 63 80 17 52 99 8 24 72 91
Volta 64: 40 76 83 23 61 1 19 32 38 49 54 56 78 5 27 79 94 45 60 75 85 84 90 100 11 20 18 21 26 44 50 63 65 80 31 52 99 17 24 72 91 8
Volta 65: 40 76 23 83 19 32 56 61 78 1 27 38 49 54 94 5 45 75 79 85 90 100 11 20 18 21 26 44 60 63 65 84 31 50 52 80 17 24 72 99 91
Volta 66: 40 76 23 83 19 56 27 32 38 49 61 78 1 54 75 79 94 100 5 11 18 20 21 26 45 60 65 63 84 85 90 50 80 31 52 99 17 24 72 91
Volta 67: 76 23 40 19 56 83 27 32 49 61 78 38 54 75 79 100 5 1 11 21 26 45 65 63 85 90 94 20 18 50 60 84 31 80 17 24 52 72 99
Volta 68: 76 23 40 19 56 83 27 32 61 38 49 54 75 78 1 5 11 21 79 94 100 18 20 26 45 50 60 63 65 84 85 90 31 80 17 24 99 52 72
Volta 69: 76 19 23 40 83 32 56 61 27 38 49 75 1 21 54 78 79 94 100 5 11 18 45 50 63 65 85 90 20 26 60 84 17 31 80 99 24 52
Volta 70: 76 19 23 40 32 56 83 27 38 49 61 75 21 54 78 94 5 1 11 18 50 65 79 85 90 100 20 45 60 63 84 26 80 99 17 31 52 24
Volta 71: 76 19 23 32 40 27 49 56 61 75 83 21 38 54 78 1 18 65 79 90 94 5 11 45 50 63 85 100 20 60 80 84 99 17 26 31 52
Volta 72: 76 19 23 40 32 56 61 83 21 27 38 49 54 75 78 1 18 65 79 90 94 5 11 100 20 50 60 63 80 84 85 99 17 26 31 52
Volta 73: 76 19 23 32 40 56 27 38 49 61 78 83 18 21 54 65 75 79 90 1 5 94 100 11 20 50 80 85 84 99 17 26 31 60 63
Volta 74: 76 19 23 40 56 32 38 61 78 18 21 27 49 54 83 90 1 65 75 79 100 5 11 50 80 84 94 99 20 17 31 60 63 85 26
Volta 75: 76 19 23 40 56 32 38 61 18 21 27 49 78 83 90 1 54 65 75 79 100 5 11 50 80 84 94 99 20 60 85 17 31 63
Volta 76: 76 23 19 40 32 56 21 27 38 49 61 78 18 54 75 83 90 100 1 5 11 65 79 84 20 50 60 80 85 94 99 31 17 63
Volta 77: 76 19 23 40 56 27 32 38 49 78 18 21 54 61 75 83 90 100 5 1 11 79 84 20 60 65 85 94 99 50 80 17 31
Volta 78: 76 19 23 40 56 32 78 18 21 27 38 49 54 61 75 83 90 1 5 84 100 11 60 65 79 85 94 99 20 50 80 31 17
Volta 79: 76 19 23 40 56 32 38 54 61 75 78 83 90 5 1 18 21 27 49 84 100 11 60 65 79 94 20 50 80 85 99 31
Volta 80: 76 19 23 56 32 40 54 61 75 83 5 21 38 49 78 84 90 100 1 11 18 27 94 50 60 65 79 85 99 20 80 31
Volta 81: 76 19 23 32 40 56 54 61 75 83 21 49 78 84 90 100 5 1 11 18 38 27 60 65 94 99 50 80 79 85 20
Volta 82: 19 76 23 32 40 56 54 61 75 83 84 90 100 1 5 11 18 21 38 49 78 27 65 94 99 50 60 85 20 80 79
Volta 83: 19 23 40 56 76 32 54 61 75 83 90 100 5 11 38 78 84 1 18 21 27 49 65 99 60 85 94 50 80 20
Volta 84: 19 23 40 56 76 32 54 75 100 5 11 38 61 78 83 84 90 1 18 21 27 49 65 94 99 50 60 80 85 20
Volta 85: 19 23 40 56 76 32 54 75 11 38 61 83 84 90 100 5 18 21 27 49 78 1 65 50 60 85 94 99 80
Volta 86: 19 23 40 56 76 54 75 11 32 38 61 84 90 5 18 21 27 49 78 83 100 1 65 50 60 85 94 99 80
Volta 87: 19 23 40 56 76 75 32 38 54 61 84 90 11 18 21 27 78 83 100 1 5 49 65 50 60 85 94 99
Volta 88: 19 23 56 76 40 75 38 54 61 90 11 21 27 32 78 84 83 5 18 65 100 1 49 60 85 50 94 99
Volta 89: 19 56 23 40 75 76 61 90 11 21 27 32 38 54 84 5 18 78 83 100 1 49 60 65 85 50 94
Volta 90: 19 23 40 56 75 61 76 90 21 38 54 84 5 11 27 32 78 83 100 1 18 49 65 50 60 85 94
Volta 91: 19 23 40 56 75 76 21 54 61 90 27 32 38 84 100 1 5 11 18 49 65 78 83 60 85 50
Volta 92: 19 23 40 56 75 76 54 90 21 32 38 61 84 100 1 5 11 27 65 83 18 49 78 85 50 60
Volta 93: 19 23 40 56 75 76 54 21 32 84 90 100 38 61 83 5 1 11 27 49 65 78 85 18 50
Volta 94: 19 23 56 75 76 40 54 21 84 100 32 38 61 83 90 5 1 11 27 49 65 85 18 78 50
Volta 95: 19 56 76 23 40 54 75 21 84 100 32 38 90 5 11 27 49 61 65 83 1 18 78 85
Volta 96: 19 56 76 23 40 75 54 84 100 21 90 5 27 32 38 49 65 61 83 11 18 85 1 78
Volta 97: 19 56 23 75 76 40 54 21 84 90 100 27 32 38 49 65 61 83 5 11 85 1 18
Volta 98: 56 19 23 75 40 54 76 84 100 21 27 49 65 83 90 5 11 32 38 61 18 85 1
Volta 99: 56 19 23 75 40 76 54 21 49 84 83 90 100 5 27 32 65 11 18 38 61 85
Volta 100: 56 23 19 40 75 76 54 49 84 100 21 32 65 83 90 5 11 27 38 61 18 85
Volta 101: 56 23 75 76 19 40 54 49 21 32 84 83 100 5 11 27 38 61 65 90 18
Volta 102: 56 23 75 76 40 54 19 49 32 84 11 21 27 61 65 83 90 100 5 38 18
Volta 103: 56 75 76 23 54 19 40 49 32 21 65 84 90 100 5 11 27 38 61 83
Volta 104: 56 75 76 23 49 54 19 40 32 84 90 100 5 11 21 27 61 65 83 38
Volta 105: 56 75 76 23 49 54 19 32 40 100 5 21 61 65 84 83 90 11 27
Volta 106: 56 75 54 76 19 23 49 32 100 21 40 90 5 11 27 65 61 84 83
Volta 107: 56 75 76 23 49 54 19 21 32 40 100 5 11 27 65 84 90 61
Volta 108: 56 75 23 54 76 19 49 32 40 100 11 21 65 84 90 5 27 61
Volta 109: 56 75 23 76 19 49 54 32 100 21 40 65 90 5 11 27 84
Volta 110: 56 75 23 76 19 49 54 32 100 21 40 5 11 27 65 84 90
Volta 111: 56 75 23 76 19 54 49 100 32 40 5 21 27 65 84 11
Volta 112: 56 23 75 76 19 54 49 100 32 21 40 65 5 27 84 11
Volta 113: 56 23 76 19 75 49 54 100 32 21 40 65 5 27 84
Volta 114: 56 23 75 76 19 54 100 32 49 21 27 40 65 5 84
Volta 115: 56 23 76 19 75 49 54 100 21 32 27 65 5 40
Volta 116: 56 76 19 23 75 54 21 49 100 27 32 65 5 40
Volta 117: 56 23 75 76 19 54 49 100 21 32 5 27 65
Volta 118: 56 23 76 75 19 54 100 21 32 49 27 65 5
Volta 119: 56 23 76 19 54 75 100 49 21 27 32 65
Volta 120: 56 23 76 54 100 19 75 21 49 27 32
Volta 121: 56 76 23 100 19 54 75 21 49 27
Volta 122: 56 76 23 100 75 19 21 54 49 27
Volta 123: 56 76 23 75 100 21 54 19 49
Volta 124: 56 76 100 21 23 54 75 19 49
Volta 125: 56 76 23 21 75 100 54 19
Volta 126: 56 76 21 75 23 54 100 19
Volta 127: 56 76 21 75 23 54 100
Volta 128: 56 76 23 21 75 54 100
Volta 129: 56 76 23 75 21 54
Volta 130: 56 76 23 21 75 54
Volta 131: 56 76 23 21 75
Volta 132: 56 76 23 21 75
Volta 133: 56 76 21 23
Volta 134: 56 76 21 23
Volta 135: 56 76 21
Volta 136: 56 76 21
Volta 137: 56 76
Volta 138: 56 76

Ranqueamento Final:
1: Ciclista 76 - 13276.86 segundos
2: Ciclista 56 - 13126.38 segundos
3: Ciclista 21 - 13125.54 segundos
4: Ciclista 23 - 12975.54 segundos
5: Ciclista 75 - 12751.74 segundos
6: Ciclista 54 - 12676.26 segundos
7: Ciclista 100 - 12452.34 segundos
8: Ciclista 19 - 12300.42 segundos
9: Ciclista 49 - 12076.14 segundos
10: Ciclista 27 - 12000.66 segundos
11: Ciclista 32 - 11775.78 segundos
12: Ciclista 5 - 11625.06 segundos
13: Ciclista 40 - 11400.90 segundos
14: Ciclista 84 - 11251.98 segundos
15: Ciclista 11 - 11100.30 segundos
16: Ciclista 90 - 10802.10 segundos
17: Ciclista 61 - 10651.50 segundos
18: Ciclista 83 - 10426.98 segundos
19: Ciclista 38 - 10275.90 segundos
20: Ciclista 18 - 10125.42 segundos
21: Ciclista 85 - 9901.98 segundos
22: Ciclista 1 - 9750.06 segundos
23: Ciclista 78 - 9526.86 segundos
24: Ciclista 50 - 9376.14 segundos
25: Ciclista 60 - 9151.38 segundos
26: Ciclista 94 - 9077.22 segundos
27: Ciclista 99 - 8777.34 segundos
28: Ciclista 80 - 8626.86 segundos
29: Ciclista 20 - 8475.42 segundos
30: Ciclista 79 - 8251.86 segundos
31: Ciclista 31 - 8100.78 segundos
32: Ciclista 17 - 7950.42 segundos
33: Ciclista 63 - 7726.50 segundos
34: Ciclista 26 - 7500.66 segundos
35: Ciclista 52 - 7351.26 segundos
36: Ciclista 24 - 7200.54 segundos
37: Ciclista 72 - 6976.74 segundos
38: Ciclista 91 - 6752.22 segundos
39: Ciclista 8 - 6600.18 segundos
40: Ciclista 35 - 6375.78 segundos
41: Ciclista 48 - 6151.14 segundos
42: Ciclista 14 - 6000.30 segundos
43: Ciclista 29 - 5850.66 segundos
44: Ciclista 53 - 5551.26 segundos
45: Ciclista 10 - 5400.18 segundos
46: Ciclista 67 - 5251.62 segundos
47: Ciclista 89 - 5027.10 segundos
48: Ciclista 39 - 4875.90 segundos
49: Ciclista 62 - 4651.50 segundos
50: Ciclista 96 - 4500.54 segundos
51: Ciclista 4 - 4350.06 segundos
52: Ciclista 16 - 4125.42 segundos
53: Ciclista 98 - 3902.34 segundos
54: Ciclista 7 - 3750.18 segundos
55: Ciclista 41 - 3526.02 segundos
56: Ciclista 64 - 3301.50 segundos
57: Ciclista 34 - 3150.78 segundos
58: Ciclista 46 - 2926.14 segundos
59: Ciclista 55 - 2701.26 segundos
60: Ciclista 66 - 2476.62 segundos
61: Ciclista 73 - 2251.74 segundos
62: Ciclista 77 - 2026.86 segundos
63: Ciclista 59 - 1801.38 segundos
64: Ciclista 30 - 1650.66 segundos
65: Ciclista 33 - 1500.78 segundos
66: Ciclista 15 - 1275.30 segundos
67: Ciclista 69 - 976.62 segundos
68: Ciclista 86 - 752.10 segundos
69: Ciclista 74 - 601.74 segundos
70: Ciclista 87 - 302.10 segundos

Ciclista 2 quebrou na volta 18 - 1575.00 segundos
Ciclista 3 quebrou na volta 36 - 3525.00 segundos
Ciclista 6 quebrou na volta 48 - 4950.12 segundos
Ciclista 9 quebrou na volta 36 - 3900.12 segundos
Ciclista 12 quebrou na volta 12 - 1200.24 segundos
Ciclista 13 quebrou na volta 18 - 1950.24 segundos
Ciclista 22 quebrou na volta 42 - 4500.48 segundos
Ciclista 25 quebrou na volta 48 - 4425.48 segundos
Ciclista 28 quebrou na volta 42 - 3975.60 segundos
Ciclista 36 quebrou na volta 18 - 1725.84 segundos
Ciclista 37 quebrou na volta 30 - 3075.84 segundos
Ciclista 42 quebrou na volta 60 - 6000.96 segundos
Ciclista 43 quebrou na volta 12 - 1275.96 segundos
Ciclista 44 quebrou na volta 66 - 6525.96 segundos
Ciclista 45 quebrou na volta 72 - 7125.96 segundos
Ciclista 47 quebrou na volta 36 - 3451.08 segundos
Ciclista 51 quebrou na volta 48 - 4876.20 segundos
Ciclista 57 quebrou na volta 12 - 1126.32 segundos
Ciclista 58 quebrou na volta 18 - 1801.32 segundos
Ciclista 65 quebrou na volta 120 - 11701.44 segundos
Ciclista 68 quebrou na volta 60 - 5926.56 segundos
Ciclista 70 quebrou na volta 18 - 1726.56 segundos
Ciclista 71 quebrou na volta 18 - 1801.68 segundos
Ciclista 81 quebrou na volta 54 - 5401.92 segundos
Ciclista 82 quebrou na volta 48 - 4876.92 segundos
Ciclista 88 quebrou na volta 18 - 1877.04 segundos
Ciclista 92 quebrou na volta 54 - 5327.16 segundos
Ciclista 93 quebrou na volta 24 - 2252.16 segundos
Ciclista 95 quebrou na volta 24 - 2477.16 segundos
Ciclista 97 quebrou na volta 12 - 1202.28 segundos
