Volta 1: 2 4 5 3 1 8 6 7 10 9 12 15 14 11 13 20 18 16 17 19 23 21 24 25 22 28 29 26 27 30 31 33 34 35 32 40 39 37 38 36 43 45 44 42 41 50 46 49 48 47
Volta 2: 4 5 3 9 8 7 10 6 13 12 14 11 15 17 16 19 20 25 23 26 29 27 28 30 33 32 35 31 34 37 39 36 45 41 42 43 44 47 2 1 18 24 22 21 38 40 48 46 50 49
Volta 3: 3 5 4 10 6 8 9 12 15 13 11 16 20 17 19 23 25 29 26 31 33 32 34 37 36 44 43 42 1 2 7 14 18 22 24 21 28 27 30 35 39 40 41 45 50 48 47 38 46
Volta 4: 3 4 5 8 10 9 13 15 11 20 17 16 19 25 26 29 32 31 34 36 42 43 44 2 7 6 12 14 21 24 23 28 27 33 37 40 41 48 47 50 1 18 22 30 35 38 39 45 46
Volta 5: 4 5 10 9 8 15 11 20 16 19 17 36 44 42 3 2 6 14 13 24 23 25 21 29 27 26 32 34 33 31 40 43 47 50 48 1 7 12 18 22 28 39 37 45 41 30 35 38
Volta 6: 4 5 10 8 9 15 11 19 20 16 17 36 3 6 13 21 24 25 27 26 32 31 33 34 42 44 47 2 1 7 12 14 18 23 22 29 28 40 37 39 43 41 48 30 35 38 45
Volta 7: 4 10 8 11 16 17 5 3 6 9 13 15 20 19 21 24 26 31 34 36 44 42 47 2 1 7 14 22 25 29 27 33 32 37 40 41 48 12 18 23 28 35 38 39 43 30
Volta 8: 4 5 8 10 9 15 11 13 19 17 16 20 21 26 31 36 42 47 1 3 6 14 24 25 29 27 34 33 37 44 2 7 12 18 23 22 28 35 32 38 40 39 43 41 48 30
Volta 9: 4 5 10 8 11 13 20 19 17 31 42 47 3 1 9 6 14 15 16 21 26 34 36 37 44 2 12 18 25 22 24 29 27 33 39 38 43 41 48 7 23 28 35 32 40
Volta 10: 4 5 10 8 11 13 20 19 17 42 3 9 14 15 16 21 26 34 31 37 44 47 1 2 6 18 27 29 33 39 38 36 41 48 12 25 24 22 28 35 32 40 43 7 23
Volta 11: 4 5 10 13 17 20 42 8 15 11 19 16 21 26 34 31 37 2 3 1 9 14 18 29 38 36 44 41 47 48 6 12 25 24 27 32 33 35 39 43 7 22 28 40
Volta 12: 4 42 5 8 10 13 15 11 19 16 17 20 21 26 31 34 37 1 2 3 9 14 18 29 44 41 47 25 27 35 33 39 38 36 43 6 7 12 24 22 28 32 40
Volta 13: 4 42 5 10 8 11 13 20 17 19 21 26 34 31 37 1 15 14 16 18 29 44 47 2 3 9 25 27 33 39 38 36 43 41 6 12 22 24 28 32 35 7
Volta 14: 5 4 8 11 17 21 26 34 31 37 42 10 13 20 19 16 29 44 47 1 2 3 9 15 14 18 25 27 36 38 39 43 12 22 28 33 41 6 7 24 35 32
Volta 15: 5 11 26 42 4 8 10 13 20 17 21 34 31 37 44 47 1 2 9 15 14 19 16 29 27 39 38 36 43 3 18 25 22 33 41 12 24 28 35 7 6
Volta 16: 5 11 26 4 8 20 21 31 37 42 44 47 10 9 15 13 16 17 19 27 29 34 38 39 2 1 3 14 25 22 33 36 41 43 12 18 28 6 24 35 7
Volta 17: 5 11 26 4 21 31 8 10 13 15 20 37 44 42 47 3 9 19 16 17 22 25 27 29 34 39 36 38 41 43 1 2 14 18 28 33 6 12 35 24
Volta 18: 26 5 11 21 31 10 8 13 15 20 37 42 44 47 3 9 16 19 17 22 27 29 34 39 38 2 1 14 18 25 28 33 36 41 43 6 35
Volta 19: 26 5 11 31 10 13 21 42 3 8 15 19 20 16 27 29 37 39 44 47 9 14 18 17 22 34 38 41 2 1 25 28 33 36 43 6
Volta 20: 26 5 11 31 10 21 42 8 13 15 16 20 19 29 27 39 37 44 47 3 9 18 38 41 2 1 14 17 22 25 33 34 36 43 6 28
Volta 21: 5 26 31 10 11 21 42 8 15 13 19 20 39 47 3 9 16 27 29 37 38 41 44 2 18 17 22 25 33 34 36 1 6 14 43
Volta 22: 5 26 31 10 11 21 8 15 19 20 42 47 9 13 16 27 38 39 37 44 41 2 3 18 17 25 29 34 36 1 14 22 33 6 43
Volta 23: 5 26 10 31 8 11 15 20 19 21 42 13 16 27 39 38 47 3 2 9 18 25 29 34 37 44 41 17 22 33 36 1 14 6
Volta 24: 26 31 10 15 11 20 8 13 19 21 27 38 39 42 47 16 18 25 29 37 44 41 2 3 33 34 36 1 14 17 22 6
Volta 25: 26 10 15 11 31 8 13 20 21 27 38 39 42 47 19 18 16 41 2 25 29 34 33 37 44 3 14 17 22 36 1
Volta 26: 26 10 11 31 8 15 20 21 27 38 42 13 18 39 41 47 16 19 25 29 33 34 37 44 2 14 17 36 1 3 22
Volta 27: 26 10 11 31 8 15 27 38 13 20 18 21 42 47 19 16 34 33 39 41 2 14 17 25 29 36 37 44 3 1
Volta 28: 26 10 11 31 8 38 15 13 20 18 27 42 47 21 33 39 16 17 19 25 34 37 36 41 2 3 1 14 29 44
Volta 29: 26 10 8 11 31 15 13 20 27 38 42 18 33 39 47 16 19 25 21 34 37 36 1 3 14 17 29 41 2
Volta 30: 26 10 11 31 8 13 27 38 42 15 18 20 47 19 21 33 39 3 14 16 25 37 41 2 1 29
Volta 31: 10 26 11 8 13 27 31 42 15 20 38 47 19 18 21 33 39 3 16 25 37 1 14 41 2
Volta 32: 10 26 11 13 42 8 20 27 31 38 47 15 19 18 21 39 16 25 33 37 3 14 41 1 2
Volta 33: 10 26 11 13 8 20 31 42 47 15 21 27 38 18 19 25 39 37 16 33 41 3 14 1
Volta 34: 26 10 11 13 42 47 8 15 20 31 38 18 19 25 21 27 39 16 33 37 3 41 1 14
Volta 35: 26 10 11 13 8 15 20 31 38 42 47 19 21 25 27 39 18 16 33 37 3 1 41
Volta 36: 26 11 10 13 8 31 38 47 20 21 27 19 18 25 39 16 33 37 3 41 1
Volta 37: 26 10 11 13 31 38 8 20 21 47 25 27 39 16 19 18 33 37 3 41
Volta 38: 26 10 11 13 31 38 20 21 47 8 25 27 19 18 39 37 3 16 33 41
Volta 39: 26 10 11 13 31 20 21 38 47 8 25 27 19 3 18 16 33 39 37
Volta 40: 26 10 11 13 31 21 47 8 20 25 38 19 27 3 16 18 39 37 33
Volta 41: 26 11 10 13 31 47 8 20 21 25 38 27 3 18 19 37 39 16
Volta 42: 26 10 11 31 47 20 21 25 38 8 27 19 18 37 39 3 16
Volta 43: 26 10 11 31 47 20 25 21 38 8 27 18 19 39 3 37
Volta 44: 26 10 11 31 47 21 25 8 20 27 38 19 18 3 39 37
Volta 45: 26 10 11 31 47 21 8 20 25 38 19 27 18 39 3
Volta 46: 26 10 11 21 31 47 8 20 38 19 25 27 18 39 3
Volta 47: 26 10 11 21 31 8 38 47 20 19 25 27 18 39
Volta 48: 26 10 11 21 31 38 47 8 20 19 25 27 18 39
Volta 49: 26 10 11 21 31 38 47 8 20 25 27 18 19
Volta 50: 26 10 11 21 31 47 20 25 38 8 19 27 18
Volta 51: 26 10 11 31 47 25 21 38 20 27 8 19
Volta 52: 26 10 11 31 38 47 20 21 25 8 19 27
Volta 53: 26 10 11 31 38 20 21 47 25 8 19
Volta 54: 10 11 31 38 21 47 20 8 19 25
Volta 55: 10 11 31 38 47 20 21 8 19
Volta 56: 11 31 10 38 21 47 20 8 19
Volta 57: 31 10 11 38 47 20 21 8
Volta 58: 10 11 31 38 47 20 21 8
Volta 59: 10 38 11 31 20 21 47
Volta 60: 10 11 31 38 47 20 21
Volta 61: 10 11 31 38 47 20
Volta 62: 10 11 31 38 47 20
Volta 63: 10 11 31 38 47
Volta 64: 10 11 38 31 47
Volta 65: 10 11 38 31
Volta 66: 10 11 38 31
Volta 67: 10 11 38
Volta 68: 10 11 38
Volta 69: 11 10
Volta 70: 10 11

Ranqueamento Final:
1: Ciclista 11 - 13200.30 segundos
2: Ciclista 10 - 13200.18 segundos
3: Ciclista 38 - 12900.90 segundos
4: Ciclista 31 - 12750.78 segundos
5: Ciclista 47 - 12301.14 segundos
6: Ciclista 20 - 12150.42 segundos
7: Ciclista 21 - 11700.54 segundos
8: Ciclista 8 - 11400.18 segundos
9: Ciclista 19 - 11100.42 segundos
10: Ciclista 25 - 10650.54 segundos
11: Ciclista 27 - 10200.66 segundos
12: Ciclista 18 - 9900.42 segundos
13: Ciclista 39 - 9600.90 segundos
14: Ciclista 3 - 9450.06 segundos
15: Ciclista 37 - 8850.90 segundos
16: Ciclista 16 - 8550.42 segundos
17: Ciclista 33 - 8250.78 segundos
18: Ciclista 41 - 7951.02 segundos
19: Ciclista 1 - 7650.06 segundos
20: Ciclista 14 - 7200.30 segundos
21: Ciclista 2 - 6750.06 segundos
22: Ciclista 29 - 6300.66 segundos
23: Ciclista 44 - 5851.02 segundos
24: Ciclista 22 - 5550.54 segundos
25: Ciclista 6 - 5250.18 segundos
26: Ciclista 43 - 4801.02 segundos
27: Ciclista 28 - 4350.66 segundos
28: Ciclista 35 - 4050.78 segundos
29: Ciclista 7 - 3750.18 segundos
30: Ciclista 32 - 3150.78 segundos
31: Ciclista 40 - 2700.90 segundos
32: Ciclista 23 - 2400.54 segundos
33: Ciclista 30 - 1950.66 segundos
34: Ciclista 45 - 1501.02 segundos
35: Ciclista 46 - 1051.14 segundos
36: Ciclista 49 - 601.14 segundos

Ciclista 4 quebrou na volta 18 - 3300.00 segundos
Ciclista 5 quebrou na volta 24 - 4350.00 segundos
Ciclista 9 quebrou na volta 24 - 4800.12 segundos
Ciclista 12 quebrou na volta 18 - 4050.24 segundos
Ciclista 13 quebrou na volta 42 - 7800.24 segundos
Ciclista 15 quebrou na volta 36 - 7050.24 segundos
Ciclista 17 quebrou na volta 30 - 6150.36 segundos
Ciclista 24 quebrou na volta 18 - 4050.48 segundos
Ciclista 26 quebrou na volta 54 - 9600.60 segundos
Ciclista 34 quebrou na volta 30 - 6000.72 segundos
Ciclista 36 quebrou na volta 30 - 6150.84 segundos
Ciclista 42 quebrou na volta 36 - 7050.96 segundos
Ciclista 48 quebrou na volta 12 - 2401.08 segundos
Ciclista 50 quebrou na volta 6 - 1351.08 segundos
