Volta 1: 3 4 1 2 5 9 10 6 8 7 14 13 15 12 11 19 16 20 18 17 24 23 21 22 25 26 30 29 27 28 32 34 31 33 35 37 38 39 40 36 43 42 45 44 41 50 47 48 49 46
Volta 2: 1 5 3 4 10 9 7 8 14 11 12 13 20 18 19 16 25 24 21 23 22 26 30 29 27 33 34 32 31 35 37 40 43 45 48 46 47 50 2 6 15 17 28 38 36 39 42 44 41 49
Volta 3: 4 5 10 7 9 14 19 16 18 21 25 22 27 29 30 33 31 37 43 46 47 50 2 3 1 8 6 12 15 11 13 20 17 24 23 26 28 32 35 34 39 36 40 38 41 45 44 42 48
Volta 4: 5 4 10 7 14 16 18 25 22 30 31 37 46 50 47 2 3 1 9 8 11 12 20 19 24 23 21 28 27 29 26 34 32 33 36 39 40 43 42 45 44 41 6 15 13 17 35 38 48
Volta 5: 5 4 7 10 25 22 37 50 47 3 1 2 9 14 11 18 20 16 19 21 23 24 28 30 29 26 27 31 32 33 40 36 39 42 44 46 6 8 12 15 13 17 34 35 38 41 43 45
Volta 6: 4 5 7 22 37 47 50 10 14 16 18 19 23 25 27 29 26 33 36 2 3 1 8 9 13 11 15 20 17 21 24 30 28 32 34 31 39 38 40 42 44 41 45 46 6 12 35
Volta 7: 4 5 47 7 14 16 22 23 25 27 36 37 50 3 9 10 15 13 11 19 18 20 21 24 28 29 30 26 34 33 31 32 38 40 42 44 45 41 46 1 2 6 8 12 17 39
Volta 8: 5 4 7 14 16 25 22 23 27 36 37 47 50 3 10 9 13 15 19 20 24 29 28 26 32 31 40 38 45 44 42 1 11 18 21 30 33 34 41 46 2 8 6 12 17 39
Volta 9: 5 7 14 16 23 27 37 47 3 4 10 9 13 19 22 25 29 26 40 36 38 42 45 44 50 15 11 18 20 24 28 30 32 33 34 31 41 46 2 1 6 12 17 21 8
Volta 10: 5 7 14 27 47 4 3 10 16 19 23 29 40 37 36 42 45 50 9 13 15 20 18 24 22 25 26 28 30 38 41 44 2 1 6 12 11 17 21 32 34 33 31 46 8
Volta 11: 5 47 3 4 7 10 14 16 23 27 29 40 37 36 42 45 9 13 15 19 20 18 24 22 30 28 26 38 50 2 6 11 17 25 31 32 33 44 41 46 1 12 21 34
Volta 12: 5 47 3 14 16 27 40 42 10 7 13 20 18 22 26 28 37 36 38 45 50 2 9 11 15 19 24 25 30 31 32 33 44 46 1 6 12 17 21 41 34
Volta 13: 5 47 3 16 27 40 42 10 7 13 14 20 18 28 38 37 45 50 9 11 15 19 22 25 24 26 30 31 32 36 44 46 1 2 6 17 21 33 12 41
Volta 14: 5 3 40 47 10 7 14 13 16 28 27 42 9 15 11 20 19 18 24 25 30 26 32 37 36 38 45 50 1 6 17 22 21 31 33 44 46 2 41 12
Volta 15: 3 5 40 47 10 14 16 27 42 7 9 13 11 15 19 18 24 28 32 36 38 37 45 50 1 20 17 22 25 21 30 26 31 44 46 2 6 33 41
Volta 16: 40 3 5 10 16 27 42 47 7 9 15 11 14 13 18 19 28 32 36 45 1 20 25 24 22 30 26 37 38 44 50 6 17 21 33 31 41 46 2
Volta 17: 40 3 16 27 47 5 9 10 15 18 42 1 7 11 13 14 20 19 22 24 28 26 30 32 36 37 38 45 44 50 6 21 25 33 41 17 31 46
Volta 18: 3 5 9 10 15 16 27 42 47 1 7 13 18 19 20 22 24 26 28 32 38 45 44 6 25 21 30 33 36 50 41 46 17 31
Volta 19: 3 15 16 47 5 1 9 7 10 13 18 27 26 28 32 38 42 6 20 19 22 24 21 30 33 44 45 50 25 36 46 17 41
Volta 20: 3 16 47 1 5 7 9 10 15 13 18 27 26 32 38 42 6 19 20 24 21 22 28 33 45 44 25 30 36 50 41 46 17
Volta 21: 3 16 47 10 9 7 13 15 18 27 38 1 5 6 20 24 22 28 26 32 44 42 19 21 30 33 36 45 50 25 46 41
Volta 22: 3 9 7 15 16 18 27 38 47 5 1 10 6 13 20 24 32 42 19 22 21 28 30 26 33 36 44 45 25 50 46 41
Volta 23: 3 9 18 16 38 47 1 10 7 15 13 27 32 5 6 20 19 24 22 21 26 30 33 44 42 25 28 36 45 50 46
Volta 24: 3 9 7 13 16 18 32 38 5 10 6 15 19 20 24 22 21 30 27 26 33 42 44 25 36 46 28 45 50
Volta 25: 3 9 13 16 18 32 38 10 7 15 20 22 21 24 26 30 33 44 42 5 6 19 27 25 28 36 46 45
Volta 26: 3 13 16 32 9 7 15 18 21 26 30 38 42 44 5 6 10 20 19 24 22 27 33 25 28 46 36 45
Volta 27: 3 16 7 15 13 21 26 32 38 44 42 6 9 10 19 20 18 22 24 27 30 33 5 25 28 46 36
Volta 28: 3 15 13 16 32 44 42 7 9 10 20 19 21 26 33 38 6 18 24 22 25 30 27 5 28 36 46
Volta 29: 3 15 42 44 9 13 19 16 20 21 32 38 10 7 6 24 22 30 27 26 33 18 25 28 36 5
Volta 30: 3 15 42 13 19 16 21 32 38 10 6 7 9 20 30 27 33 18 24 25 22 36 5 28
Volta 31: 3 15 16 21 32 42 10 13 19 20 33 38 6 9 7 18 22 24 25 27 30 36 5
Volta 32: 3 10 15 16 20 19 21 32 38 42 6 9 13 18 24 22 30 33 5 7 25 27 36
Volta 33: 3 10 15 21 32 38 42 9 13 19 20 16 22 6 18 24 25 30 33 5 7 27
Volta 34: 3 15 21 32 38 42 9 10 13 20 19 22 6 16 24 30 18 25 27 33 5 7
Volta 35: 3 15 21 32 42 10 22 38 9 6 13 19 16 20 24 30 18 27 33 5 25
Volta 36: 3 15 32 10 21 38 42 9 19 16 24 22 6 13 18 20 30 5 25 27 33
Volta 37: 3 15 32 21 42 10 19 38 9 6 13 18 16 24 22 30 5 20 27 25
Volta 38: 3 32 15 21 38 42 9 10 13 19 16 22 24 30 5 6 18 20 25 27
Volta 39: 3 15 21 32 10 9 13 19 16 22 24 38 42 6 18 30 5 25 20
Volta 40: 3 21 15 32 9 19 16 22 24 38 42 10 13 18 30 5 6 25 20
Volta 41: 3 15 21 32 9 19 24 38 42 10 16 22 30 5 13 18 25 6
Volta 42: 3 15 21 32 9 38 19 24 22 42 10 13 16 30 5 6 18 25
Volta 43: 3 15 32 21 9 19 24 38 42 10 13 16 22 5 18 30 6
Volta 44: 3 15 21 32 9 38 42 10 19 24 22 13 16 18 30 5 6
Volta 45: 3 15 21 32 10 9 24 38 42 13 16 18 19 22 30 5
Volta 46: 3 15 21 32 9 10 42 19 16 24 30 38 5 13 18 22
Volta 47: 3 15 21 32 10 9 42 24 38 13 16 19 18 30 5
Volta 48: 15 21 32 42 10 38 18 16 24 30 19 5
Volta 49: 15 21 32 10 42 16 24 38 18 19 30
Volta 50: 15 21 32 42 10 38 16 19 24 30 18
Volta 51: 15 21 32 42 10 38 16 30 19 24
Volta 52: 15 21 32 42 38 10 30 16 19 24
Volta 53: 15 21 32 38 42 10 30 16 19
Volta 54: 15 21 32 38 42 10 19 30
Volta 55: 21 32 15 38 42 10 19
Volta 56: 32 15 21 38 42 10 19
Volta 57: 15 21 32 38 42 10
Volta 58: 15 21 32 38 42 10
Volta 59: 21 15 32 42 38
Volta 60: 15 21 32 42 38
Volta 61: 15 21 32 42
Volta 62: 15 32 21 42
Volta 63: 15 32 21
Volta 64: 15 21 32
Volta 65: 15 21
Volta 66: 15 21

Ranqueamento Final:
1: Ciclista 21 - 6300.54 segundos
2: Ciclista 15 - 6300.30 segundos
3: Ciclista 32 - 6150.78 segundos
4: Ciclista 42 - 6076.02 segundos
5: Ciclista 38 - 5925.90 segundos
6: Ciclista 10 - 5850.18 segundos
7: Ciclista 19 - 5700.42 segundos
8: Ciclista 30 - 5475.66 segundos
9: Ciclista 24 - 5325.54 segundos
10: Ciclista 18 - 5175.42 segundos
11: Ciclista 5 - 5025.06 segundos
12: Ciclista 22 - 4725.54 segundos
13: Ciclista 6 - 4575.18 segundos
14: Ciclista 25 - 4350.54 segundos
15: Ciclista 20 - 4200.42 segundos
16: Ciclista 27 - 3975.66 segundos
17: Ciclista 33 - 3750.78 segundos
18: Ciclista 7 - 3600.18 segundos
19: Ciclista 36 - 3300.90 segundos
20: Ciclista 28 - 3150.66 segundos
21: Ciclista 46 - 2926.14 segundos
22: Ciclista 45 - 2776.02 segundos
23: Ciclista 50 - 2551.14 segundos
24: Ciclista 41 - 2401.02 segundos
25: Ciclista 17 - 2250.42 segundos
26: Ciclista 31 - 2025.78 segundos
27: Ciclista 2 - 1800.06 segundos
28: Ciclista 12 - 1650.30 segundos
29: Ciclista 34 - 1425.78 segundos
30: Ciclista 8 - 1200.18 segundos
31: Ciclista 39 - 975.90 segundos
32: Ciclista 35 - 751.02 segundos
33: Ciclista 48 - 526.14 segundos
34: Ciclista 49 - 301.14 segundos

Ciclista 1 quebrou na volta 24 - 2325.00 segundos
Ciclista 3 quebrou na volta 48 - 4500.00 segundos
Ciclista 4 quebrou na volta 12 - 1125.00 segundos
Ciclista 9 quebrou na volta 48 - 4725.12 segundos
Ciclista 11 quebrou na volta 18 - 1800.24 segundos
Ciclista 13 quebrou na volta 48 - 4875.24 segundos
Ciclista 14 quebrou na volta 18 - 1800.24 segundos
Ciclista 16 quebrou na volta 54 - 5475.36 segundos
Ciclista 23 quebrou na volta 12 - 1125.48 segundos
Ciclista 26 quebrou na volta 30 - 3075.60 segundos
Ciclista 29 quebrou na volta 12 - 1200.60 segundos
Ciclista 37 quebrou na volta 18 - 1875.84 segundos
Ciclista 40 quebrou na volta 18 - 1650.84 segundos
Ciclista 43 quebrou na volta 6 - 750.96 segundos
Ciclista 44 quebrou na volta 30 - 2850.96 segundos
Ciclista 47 quebrou na volta 24 - 2251.08 segundos
