Volta 1: 5 4 3 2 1 8 7 10 6 9 14 11 12 15 13 20 18 16 17 19 25 22 24 23 21 26 30 29 27 28 32 35 34 31 33 40 39 38 37 36 43 41 42 44 45 46 50 49 47 48
Volta 2: 1 3 2 9 10 7 6 8 14 15 11 12 17 19 18 24 21 22 25 23 29 26 35 34 32 33 39 37 41 42 45 44 48 50 46 49 47 4 5 13 20 16 28 30 27 31 36 38 40 43
Volta 3: 1 3 6 8 11 15 14 17 29 26 32 45 44 50 2 5 7 10 9 12 13 19 18 16 20 21 22 23 24 25 27 28 30 34 35 33 31 36 40 37 39 41 42 47 46 48 49 4 38
Volta 4: 1 3 6 8 14 15 17 44 45 5 10 9 7 12 11 20 16 19 18 24 21 22 25 28 30 29 26 27 31 32 35 33 34 40 39 36 41 42 50 46 48 49 47 2 4 13 23 37 38
Volta 5: 1 8 14 17 44 45 5 3 7 6 9 12 11 15 18 16 19 22 28 26 32 31 36 40 42 50 48 47 2 10 20 21 23 24 25 27 29 30 35 33 34 39 37 41 49 46 4 13
Volta 6: 8 45 1 3 7 6 12 15 14 11 19 17 22 31 32 40 44 42 47 50 5 2 10 20 16 25 23 24 21 27 26 28 34 35 39 37 36 41 49 48 46 13 30 29 33 4
Volta 7: 8 7 6 14 15 17 22 31 32 40 44 42 45 47 50 1 3 2 5 10 12 11 19 16 21 25 27 28 26 35 37 36 46 48 13 20 23 24 29 30 34 33 39 41 49
Volta 8: 8 6 7 15 22 31 44 45 47 50 3 1 5 2 10 12 14 11 19 17 21 25 32 35 40 37 42 46 48 13 16 20 24 23 26 29 27 28 34 36 49 30 33 39 41
Volta 9: 8 7 15 22 31 44 47 2 6 10 14 19 17 25 21 35 40 37 45 42 46 50 48 5 1 3 12 11 20 16 23 28 26 29 27 32 36 49 13 24 30 34 33 39
Volta 10: 8 7 15 44 2 6 10 17 19 25 22 35 31 37 45 47 50 46 48 5 3 1 14 12 16 21 26 28 27 29 32 40 36 42 49 13 11 20 24 23 34 33 30 39
Volta 11: 7 8 2 6 10 15 17 31 37 45 44 47 48 46 50 3 1 14 19 21 25 22 26 27 29 35 32 40 36 42 5 11 12 20 16 24 23 28 34 49 13 30 33
Volta 12: 8 2 7 15 17 31 37 45 47 3 1 6 10 14 19 22 25 26 29 35 40 42 44 48 50 46 5 12 16 20 21 23 28 32 34 36 49 11 13 24 33
Volta 13: 8 2 15 17 31 37 47 3 10 7 6 14 19 25 35 40 44 45 42 48 46 1 5 16 20 21 22 23 29 28 26 32 34 36 50 11 12 13 24 49
Volta 14: 2 8 31 37 47 3 6 10 7 15 17 25 40 44 45 48 1 14 19 20 21 29 26 34 32 35 36 42 50 46 5 12 16 22 24 23 28 49 11 13
Volta 15: 2 8 37 6 7 15 17 25 31 40 44 45 48 47 3 10 14 19 21 29 35 32 34 36 42 50 46 1 5 16 20 23 22 28 26 49 11 12 24
Volta 16: 8 2 6 7 15 17 25 31 40 37 44 45 47 3 14 19 21 29 32 35 36 42 46 48 50 1 10 20 16 22 23 28 26 34 49 5 12 11 24
Volta 17: 8 2 7 17 25 31 40 37 45 44 47 6 15 29 36 42 50 48 3 1 10 14 16 19 22 21 28 35 34 32 46 5 20 23 26 49 11 12
Volta 18: 7 8 17 31 40 44 2 6 15 29 37 36 45 42 47 1 10 14 28 32 34 35 50 48 46 3 20 19 21 23 22 26 49 5 12 11
Volta 19: 7 8 17 31 40 6 15 29 37 36 44 45 47 2 1 10 28 35 32 34 42 46 50 3 14 20 19 22 23 48 49 5 12 21 26
Volta 20: 8 7 17 40 6 15 29 31 36 45 47 1 2 28 32 34 37 44 42 3 10 14 19 20 22 23 35 46 50 48 5 12 21 26 49
Volta 21: 7 17 6 8 15 29 31 36 40 45 1 2 34 37 44 42 47 3 10 14 19 23 28 35 32 46 50 12 20 22 26 48 5 21
Volta 22: 17 8 7 6 29 31 36 40 45 1 15 34 37 42 47 2 14 23 28 35 32 44 50 3 10 12 20 19 22 26 46 5 21 48
Volta 23: 17 29 31 36 40 45 7 6 8 15 37 42 47 2 1 23 32 34 44 3 10 14 19 22 28 35 50 46 12 20 21 26 5
Volta 24: 17 29 40 8 7 6 31 36 37 45 42 2 1 15 23 34 44 47 3 10 28 32 35 50 12 14 20 19 22 21 26 46 5
Volta 25: 17 6 7 29 31 40 37 36 45 1 8 23 34 42 47 2 15 28 44 50 3 10 12 20 22 26 35 32 46 14 19 21
Volta 26: 17 29 31 40 45 1 6 7 23 36 37 42 2 8 15 34 44 47 10 20 22 28 32 35 50 46 3 12 19 21 26 14
Volta 27: 17 29 40 1 6 7 23 31 36 37 45 42 2 34 44 47 10 8 15 20 22 28 32 3 12 19 21 26 35 50 46
Volta 28: 17 29 6 7 23 31 40 37 45 1 2 34 36 42 47 8 20 22 28 44 3 10 15 12 19 26 32 21 35 50 46
Volta 29: 17 29 7 23 31 40 45 1 2 6 34 36 37 42 8 22 44 47 10 15 12 19 20 28 32 3 21 26 35 50
Volta 30: 17 23 29 31 40 45 1 6 7 34 37 42 2 8 22 36 44 10 12 15 20 19 32 47 3 21 35 50 26
Volta 31: 17 23 29 45 1 6 7 31 34 40 42 8 36 37 2 19 22 32 44 47 3 10 15 12 20 35 50 21
Volta 32: 17 23 29 45 1 7 6 34 31 40 42 36 8 22 37 44 47 3 2 15 12 20 19 32 35 50 10 21
Volta 33: 17 29 7 6 23 31 40 45 42 1 34 36 8 3 2 20 19 22 32 35 37 44 47 10 15 12 50
Volta 34: 17 29 7 23 31 40 42 45 6 34 36 1 2 8 22 32 37 44 47 3 10 12 20 19 35 50 15
Volta 35: 17 7 29 31 6 23 34 36 40 42 45 1 8 22 32 37 44 47 2 3 12 19 20 35 10 50
Volta 36: 17 7 29 31 6 23 36 45 42 1 40 32 37 44 2 8 22 47 12 35 50
Volta 37: 17 7 31 6 29 36 45 1 23 40 42 32 37 2 8 22 44 47 35 12
Volta 38: 17 31 7 29 36 1 6 40 42 45 23 32 37 8 22 44 47 2 12 35
Volta 39: 17 31 7 29 36 1 6 40 42 23 37 45 8 32 44 47 2 22 12
Volta 40: 17 7 29 31 36 6 42 1 23 40 45 8 32 37 47 44 2 12 22
Volta 41: 17 7 29 31 36 6 42 1 40 45 8 23 37 32 47 12 44 2
Volta 42: 17 7 29 31 6 36 40 45 42 1 8 23 37 32 47 12 44 2
Volta 43: 17 29 31 7 36 6 40 45 42 8 37 1 23 32 47 44 12
Volta 44: 17 29 7 31 6 40 36 42 8 37 45 1 23 32 47 12 44
Volta 45: 17 7 29 31 40 42 8 6 36 1 23 37 45 32 47 12
Volta 46: 17 7 29 31 42 8 6 40 23 36 45 1 32 37 12 47
Volta 47: 17 7 29 31 42 8 6 23 40 36 1 37 45 12 32
Volta 48: 17 29 7 31 42 6 8 36 40 1 23 37 45 32 12
Volta 49: 17 29 7 31 42 8 6 40 1 23 36 32 37 45
Volta 50: 17 29 42 7 8 6 31 40 1 36 23 32 37 45
Volta 51: 17 29 42 8 6 7 31 40 1 36 23 32 37
Volta 52: 17 29 42 6 8 7 31 40 1 36 23 32 37
Volta 53: 17 29 42 8 6 7 31 40 1 36 23 32
Volta 54: 17 6 29 42 1 7 31 40 23 36 32
Volta 55: 17 29 42 6 1 7 31 40 23 36
Volta 56: 17 29 6 42 1 31 7 40 23 36
Volta 57: 17 29 42 1 6 7 31 40 23
Volta 58: 17 42 1 6 29 31 40 7 23
Volta 59: 17 42 6 29 1 31 7 40
Volta 60: 17 42 1 6 29 31 7
Volta 61: 17 42 6 29 31 1
Volta 62: 17 42 6 29 31 1
Volta 63: 17 42 31 6 29
Volta 64: 17 42 31 6 29
Volta 65: 17 31 42 6
Volta 66: 17 31 42 6
Volta 67: 17 31 42
Volta 68: 17 31 42

Ranqueamento Final:
1: Ciclista 42 - 1276.02 segundos
2: Ciclista 31 - 1275.78 segundos
3: Ciclista 17 - 1275.42 segundos
4: Ciclista 6 - 1245.18 segundos
5: Ciclista 29 - 1215.66 segundos
6: Ciclista 1 - 1170.06 segundos
7: Ciclista 7 - 1140.90 segundos
8: Ciclista 23 - 1110.54 segundos
9: Ciclista 36 - 1080.90 segundos
10: Ciclista 32 - 1065.78 segundos
11: Ciclista 37 - 1035.90 segundos
12: Ciclista 45 - 991.02 segundos
13: Ciclista 12 - 960.30 segundos
14: Ciclista 47 - 916.14 segundos
15: Ciclista 44 - 886.02 segundos
16: Ciclista 2 - 855.06 segundos
17: Ciclista 22 - 810.54 segundos
18: Ciclista 35 - 780.78 segundos
19: Ciclista 50 - 751.14 segundos
20: Ciclista 15 - 705.30 segundos
21: Ciclista 21 - 660.54 segundos
22: Ciclista 26 - 630.66 segundos
23: Ciclista 46 - 586.14 segundos
24: Ciclista 14 - 555.30 segundos
25: Ciclista 5 - 525.06 segundos
26: Ciclista 48 - 466.14 segundos
27: Ciclista 49 - 421.14 segundos
28: Ciclista 11 - 390.30 segundos
29: Ciclista 24 - 345.54 segundos
30: Ciclista 13 - 315.30 segundos
31: Ciclista 33 - 270.78 segundos
32: Ciclista 39 - 240.90 segundos
33: Ciclista 41 - 196.02 segundos
34: Ciclista 4 - 165.06 segundos
35: Ciclista 38 - 105.90 segundos
36: Ciclista 43 - 61.02 segundos

Ciclista 3 quebrou na volta 36 - 735.00 segundos
Ciclista 8 quebrou na volta 54 - 1005.12 segundos
Ciclista 9 quebrou na volta 6 - 135.12 segundos
Ciclista 10 quebrou na volta 36 - 750.12 segundos
Ciclista 16 quebrou na volta 18 - 360.36 segundos
Ciclista 18 quebrou na volta 6 - 135.36 segundos
Ciclista 19 quebrou na volta 36 - 720.36 segundos
Ciclista 20 quebrou na volta 36 - 735.36 segundos
Ciclista 25 quebrou na volta 18 - 345.48 segundos
Ciclista 27 quebrou na volta 12 - 255.60 segundos
Ciclista 28 quebrou na volta 30 - 615.60 segundos
Ciclista 30 quebrou na volta 12 - 270.60 segundos
Ciclista 34 quebrou na volta 36 - 675.72 segundos
Ciclista 40 quebrou na volta 60 - 1140.84 segundos
