Volta 1: 5 4 3 2 1 8 7 10 6 9 14 11 12 15 13 20 18 16 17 19 25 22 24 23 21 26 30 29 27 28 32 35 34 31 33 40 39 38 37 36 43 41 42 44 45 46 50 49 47 48
Volta 2: 5 3 2 9 10 7 6 8 14 13 15 11 17 19 18 24 21 22 25 23 26 27 31 35 34 33 40 37 41 42 45 44 48 50 46 49 47 4 1 12 20 16 29 28 30 32 36 38 39 43
Volta 3: 5 3 9 7 15 14 13 19 26 27 35 45 42 46 4 1 2 10 6 8 12 11 18 17 16 20 21 22 24 25 23 28 30 29 34 31 33 32 37 39 40 38 44 41 50 48 49 47 36
Volta 4: 5 3 9 7 13 15 19 27 35 42 45 2 1 4 10 6 11 14 20 17 18 16 21 25 22 23 24 28 26 30 29 34 33 31 40 37 39 38 41 49 46 48 50 8 12 32 36 44 47
Volta 5: 3 7 15 13 19 35 4 2 5 1 10 9 14 18 17 21 22 24 23 29 28 27 33 31 37 38 39 42 41 45 46 48 49 6 11 20 16 25 26 30 34 40 36 44 50 8 12 32
Volta 6: 13 19 3 5 10 9 7 15 18 17 21 24 23 29 27 35 31 38 39 42 45 2 1 6 14 11 16 20 25 22 28 30 33 34 36 41 49 46 50 8 12 26 32 40 44
Volta 7: 13 3 5 7 10 15 19 18 21 23 27 29 35 39 42 2 6 9 14 11 20 17 16 22 24 28 31 33 38 36 45 46 49 50 1 12 25 26 30 34 40 41 8 32
Volta 8: 7 13 15 21 29 39 3 5 9 10 14 11 18 19 22 23 27 35 31 33 38 42 45 50 49 46 1 2 6 12 17 20 16 24 30 26 28 34 36 40 41 8 25 32
Volta 9: 7 15 13 29 5 10 9 11 18 23 21 27 31 35 39 38 42 49 1 2 3 12 14 16 19 20 17 22 28 26 34 33 36 40 45 41 46 50 6 8 25 24 30
Volta 10: 7 15 29 9 10 13 31 39 49 3 5 2 1 14 11 18 19 17 16 21 22 23 28 26 27 34 35 33 38 36 42 50 46 6 8 12 20 30 40 45 41 24 25
Volta 11: 15 29 7 10 13 49 5 2 1 9 17 19 21 22 23 26 34 31 33 35 39 38 36 42 50 46 3 8 14 11 12 20 18 16 27 28 30 40 45 6 24 41
Volta 12: 15 29 7 13 49 1 5 9 10 19 22 26 35 34 36 39 42 3 14 16 18 20 17 21 23 28 27 33 31 40 38 50 6 8 12 11 24 30 45 41
Volta 13: 7 13 15 29 49 5 9 10 22 26 35 1 3 17 19 18 16 21 23 31 34 33 40 39 38 36 42 50 8 6 14 12 11 20 24 28 30 27 45
Volta 14: 29 5 10 7 9 15 13 26 49 3 19 18 23 22 21 33 35 36 39 42 1 8 6 12 14 16 17 24 28 30 27 34 31 38 40 45 50 11 20
Volta 15: 29 5 7 10 9 15 13 49 19 26 33 35 42 1 3 6 12 17 16 18 24 22 23 21 28 30 34 39 40 36 50 8 11 14 27 31 38 45
Volta 16: 29 10 7 13 15 49 5 9 19 35 33 42 3 6 12 16 18 21 22 23 26 34 40 36 50 1 8 14 11 17 24 30 28 31 39 38 45 27
Volta 17: 10 7 15 29 49 5 9 13 19 35 42 3 6 12 16 22 26 34 33 40 36 50 1 8 11 14 18 17 23 21 24 28 30 31 38 39 45
Volta 18: 10 7 15 29 49 5 9 13 19 42 3 6 22 26 35 1 8 11 12 17 18 23 24 21 30 33 31 34 39 36 45 50 14 28 38
Volta 19: 10 7 49 9 15 29 5 3 6 13 19 22 42 11 12 18 17 24 21 23 26 34 35 33 36 39 45 1 8 14 28 30 31 50
Volta 20: 10 49 7 5 3 9 6 15 13 19 22 29 12 11 17 18 21 23 26 34 33 35 36 39 42 1 8 14 24 30 28 31 45 50
Volta 21: 10 49 7 3 9 6 15 29 5 13 11 19 18 17 22 23 33 39 36 42 1 8 12 21 24 28 26 31 35 34 45 14 30
Volta 22: 10 7 49 6 15 29 3 5 9 17 19 18 23 22 33 36 42 8 11 13 12 21 26 35 31 34 39 45 1 14 24 30 28
Volta 23: 7 10 49 6 15 3 5 9 17 19 23 22 29 33 11 12 13 18 21 35 36 42 45 8 26 30 34 31 39 1 14 24
Volta 24: 10 7 6 15 49 5 3 17 19 23 9 12 13 18 22 33 36 42 11 21 30 35 31 39 45 1 8 14 24 26 34
Volta 25: 7 10 49 3 6 15 17 19 23 5 12 13 22 33 36 9 11 18 21 30 35 31 45 42 1 26 39 8 14 24
Volta 26: 10 7 49 3 15 23 5 6 12 19 17 22 33 36 9 11 13 18 31 42 1 21 26 30 35 39 45 8 14 24
Volta 27: 7 49 3 10 15 19 17 23 22 33 5 6 12 13 18 36 42 1 9 11 21 30 35 31 39 45 8 14 26
Volta 28: 7 10 15 49 3 19 23 33 5 6 12 13 18 17 22 36 42 9 11 21 30 31 35 45 1 8 26 39 14
Volta 29: 7 3 10 15 19 23 33 49 5 12 17 22 42 6 9 13 18 21 30 35 36 1 8 11 26 31 45 39
Volta 30: 7 10 15 23 49 3 5 12 19 17 33 42 13 21 22 30 35 36 1 8 6 9 11 18 31 45 26 39
Volta 31: 7 15 49 5 3 10 12 17 19 23 33 13 35 36 42 1 6 9 18 21 22 30 31 8 11 26 45
Volta 32: 7 15 3 5 10 17 19 23 33 49 12 13 35 42 1 6 9 22 21 30 31 36 8 11 18 26 45
Volta 33: 7 5 15 19 23 33 49 3 10 12 17 35 9 13 21 30 31 36 42 1 8 6 22 11 18 26
Volta 34: 7 15 19 23 33 49 3 5 10 17 9 12 13 30 35 42 1 6 21 31 36 8 11 18 22 26
Volta 35: 7 15 23 49 19 17 33 5 3 9 10 13 35 42 6 12 21 30 36 1 11 22 31 8 18
Volta 36: 7 15 23 49 19 3 5 13 17 35 10 6 12 11 21 30 31 36 8 18 22
Volta 37: 23 7 15 49 19 3 5 10 13 17 35 6 11 12 21 30 31 36 8 18
Volta 38: 23 7 15 49 19 5 3 10 17 35 6 11 13 12 31 21 30 36 8 18
Volta 39: 23 7 15 49 19 5 3 6 10 11 13 12 17 35 31 21 36 30 8
Volta 40: 23 7 15 49 5 19 3 6 10 13 11 17 35 12 21 31 30 36 8
Volta 41: 23 7 15 49 5 19 3 6 10 11 12 13 17 31 35 21 30 36
Volta 42: 23 15 7 5 49 11 19 3 10 6 13 17 35 12 21 30 31 36
Volta 43: 23 15 7 5 49 3 10 6 11 19 17 35 13 21 30 12 31
Volta 44: 23 15 7 5 49 3 6 11 19 10 13 17 21 35 12 30 31
Volta 45: 15 23 7 5 49 6 3 10 13 11 19 17 21 35 12 30
Volta 46: 15 23 7 5 6 49 3 10 11 13 17 19 35 21 12 30
Volta 47: 15 23 5 7 6 49 3 13 11 35 10 19 17 21 12
Volta 48: 23 15 49 3 13 11 35 19 10 21 12
Volta 49: 15 23 3 13 35 49 11 19 10 21
Volta 50: 15 23 35 3 13 49 10 11 19 21
Volta 51: 15 23 35 3 13 49 11 10 19
Volta 52: 15 23 35 3 49 13 11 10 19
Volta 53: 15 23 35 49 3 11 13 10
Volta 54: 15 23 35 49 3 13 11 10
Volta 55: 15 23 3 35 49 13 11
Volta 56: 15 23 3 11 35 49 13
Volta 57: 15 23 3 11 35 49
Volta 58: 15 23 3 35 11 49
Volta 59: 15 23 3 11 35
Volta 60: 15 23 3 11 35
Volta 61: 15 23 11 3
Volta 62: 15 23 3 11
Volta 63: 15 23 3
Volta 64: 15 23 3
Volta 65: 15 23
Volta 66: 15 23

Ranqueamento Final:
1: Ciclista 23 - 1275.54 segundos
2: Ciclista 3 - 1260.06 segundos
3: Ciclista 15 - 1230.30 segundos
4: Ciclista 11 - 1230.30 segundos
5: Ciclista 35 - 1200.78 segundos
6: Ciclista 49 - 1156.14 segundos
7: Ciclista 13 - 1125.30 segundos
8: Ciclista 10 - 1095.18 segundos
9: Ciclista 19 - 1050.42 segundos
10: Ciclista 21 - 1020.54 segundos
11: Ciclista 12 - 990.30 segundos
12: Ciclista 30 - 945.66 segundos
13: Ciclista 31 - 900.78 segundos
14: Ciclista 36 - 870.90 segundos
15: Ciclista 8 - 855.18 segundos
16: Ciclista 18 - 795.42 segundos
17: Ciclista 22 - 750.54 segundos
18: Ciclista 26 - 705.66 segundos
19: Ciclista 45 - 661.02 segundos
20: Ciclista 39 - 630.90 segundos
21: Ciclista 14 - 600.30 segundos
22: Ciclista 24 - 555.54 segundos
23: Ciclista 34 - 510.78 segundos
24: Ciclista 28 - 465.66 segundos
25: Ciclista 50 - 436.14 segundos
26: Ciclista 38 - 390.90 segundos
27: Ciclista 27 - 360.66 segundos
28: Ciclista 20 - 315.42 segundos
29: Ciclista 41 - 271.02 segundos
30: Ciclista 25 - 240.54 segundos
31: Ciclista 32 - 195.78 segundos
32: Ciclista 44 - 151.02 segundos
33: Ciclista 47 - 106.14 segundos
34: Ciclista 43 - 61.02 segundos

Ciclista 1 quebrou na volta 36 - 735.00 segundos
Ciclista 2 quebrou na volta 12 - 240.00 segundos
Ciclista 4 quebrou na volta 6 - 120.00 segundos
Ciclista 5 quebrou na volta 48 - 930.00 segundos
Ciclista 6 quebrou na volta 48 - 930.12 segundos
Ciclista 7 quebrou na volta 48 - 915.12 segundos
Ciclista 9 quebrou na volta 36 - 705.12 segundos
Ciclista 16 quebrou na volta 18 - 375.36 segundos
Ciclista 17 quebrou na volta 48 - 975.36 segundos
Ciclista 29 quebrou na volta 24 - 465.60 segundos
Ciclista 33 quebrou na volta 36 - 690.72 segundos
Ciclista 37 quebrou na volta 6 - 135.84 segundos
Ciclista 40 quebrou na volta 18 - 360.84 segundos
Ciclista 42 quebrou na volta 36 - 720.96 segundos
Ciclista 46 quebrou na volta 12 - 256.08 segundos
Ciclista 48 quebrou na volta 6 - 136.08 segundos
