Volta 1: 2 4 5 3 1 8 6 7 10 9 12 15 14 11 13 20 18 16 17 19 23 21 24 25 22 28 29 26 27 30 31 33 34 35 32 40 39 37 38 36 43 45 44 42 41 50 46 49 48 47
Volta 2: 4 5 1 9 8 7 10 6 13 12 14 11 15 17 16 19 20 21 25 26 29 27 28 30 33 32 35 31 34 38 37 39 45 41 42 43 44 50 3 2 18 23 24 22 36 40 48 47 46 49
Volta 3: 5 4 1 10 8 7 9 12 15 13 11 16 20 17 19 21 25 28 27 31 33 32 34 37 39 44 43 45 3 2 6 14 24 23 22 29 30 26 35 36 38 41 42 50 47 46 18 40 48
Volta 4: 1 5 10 7 8 11 12 15 16 20 19 17 21 25 28 27 32 33 34 37 44 43 45 4 3 6 9 14 13 24 23 26 29 31 35 38 39 36 41 42 46 47 2 18 22 30 40 50 48
Volta 5: 1 7 10 15 20 16 17 21 27 28 32 37 45 44 3 5 4 8 9 6 14 13 11 12 19 25 24 29 34 35 33 31 38 36 39 42 43 46 47 18 22 23 30 26 41 50 2 40
Volta 6: 1 10 7 15 20 21 28 27 32 37 45 8 6 14 11 12 17 19 16 25 29 31 34 33 36 43 42 44 46 3 4 5 13 18 22 24 26 30 35 38 39 41 50 2 23 40
Volta 7: 10 7 21 27 28 32 45 1 8 15 12 11 14 20 19 17 25 31 34 36 37 44 46 5 3 4 6 18 16 22 30 29 35 33 39 43 42 41 50 2 13 24 26 38 23
Volta 8: 21 28 32 45 1 7 10 8 14 15 11 12 19 17 20 27 34 37 44 46 4 3 6 16 18 25 30 31 35 33 36 42 5 13 22 24 29 26 38 39 43 41 50 2 23
Volta 9: 28 32 7 10 8 17 21 27 37 45 44 46 1 6 12 11 15 14 16 19 18 20 35 34 33 31 36 42 5 3 4 13 22 25 24 30 29 38 43 50 2 26 39 41
Volta 10: 28 32 8 10 17 21 27 37 44 45 46 1 6 7 15 14 12 20 18 33 35 31 36 42 4 5 3 11 19 16 22 24 30 29 34 38 43 50 2 13 25 26 39 41
Volta 11: 17 28 32 37 44 45 46 1 10 7 8 15 12 18 21 27 35 31 33 36 3 4 6 11 14 20 16 19 22 24 34 43 42 50 5 13 25 29 26 30 39 38 2
Volta 12: 17 28 32 37 44 46 7 15 12 18 21 27 31 35 45 1 8 6 10 14 19 22 24 33 34 36 42 43 50 5 3 4 13 11 16 20 29 26 30 25 38 39 2
Volta 13: 17 32 37 7 18 28 27 31 35 44 45 46 1 8 6 10 12 15 14 19 24 22 21 33 42 3 5 4 13 16 29 26 34 36 43 50 11 20 30 39 38 25
Volta 14: 32 18 17 27 35 37 44 46 7 8 14 15 22 21 24 28 33 31 42 45 3 1 10 6 13 12 19 29 34 50 5 4 11 20 16 26 30 39 36 43 25 38
Volta 15: 18 17 32 35 37 46 7 14 15 22 24 27 31 45 44 1 10 6 8 19 21 28 29 33 42 5 3 4 13 12 11 20 26 34 36 43 50 16 30 39 25
Volta 16: 32 37 46 7 14 18 17 24 27 31 35 45 44 1 6 8 15 21 22 42 4 5 10 13 12 19 20 26 29 28 33 34 43 50 3 11 16 30 36 39 25
Volta 17: 46 7 14 17 27 35 31 32 37 44 45 1 6 8 18 24 22 5 10 15 19 20 21 29 28 34 33 42 43 4 3 12 13 16 26 36 50 11 30 39
Volta 18: 7 14 27 32 37 45 46 8 6 17 18 24 31 44 1 10 15 19 20 21 22 28 34 33 42 4 5 12 13 16 29 36 43 3 11 30 26 50 39
Volta 19: 7 27 45 6 14 18 24 32 31 37 44 46 1 10 8 15 17 19 22 21 5 4 12 20 29 28 33 34 43 42 3 11 13 16 26 36 50 30
Volta 20: 27 45 7 18 24 31 32 37 44 46 6 15 14 19 22 1 4 10 8 17 21 29 34 42 5 3 12 11 13 20 26 28 33 36 43 16 30 50
Volta 21: 27 45 7 18 24 32 31 44 37 46 4 10 8 6 14 15 19 17 22 21 34 5 1 12 11 20 28 29 43 42 3 13 16 30 26 33 36
Volta 22: 27 45 7 24 31 32 18 44 46 4 15 14 19 17 21 34 37 5 1 6 10 8 20 22 28 29 43 42 13 11 12 16 26 33 36 3 30
Volta 23: 27 45 7 32 18 24 31 44 46 15 14 17 21 37 5 4 6 8 19 22 28 34 43 1 10 13 20 16 29 42 3 11 12 26 33 36
Volta 24: 45 7 27 32 18 24 31 44 14 15 21 37 46 4 6 8 17 22 28 34 43 5 1 10 19 20 16 29 42 12 13 11 26 33 36 3
Volta 25: 27 32 45 7 18 44 21 24 31 37 46 8 14 15 17 28 43 4 5 1 6 10 19 22 29 34 42 13 11 20 16 33 12 26 36
Volta 26: 32 7 18 27 44 45 24 31 46 8 15 14 17 21 37 6 10 28 34 43 42 1 4 5 11 20 19 16 22 29 33 13 12 26 36
Volta 27: 7 18 27 32 45 44 24 31 46 8 15 21 37 10 14 17 28 34 4 5 1 6 11 19 16 22 33 42 43 13 20 29 12 26
Volta 28: 7 27 32 45 18 24 44 8 15 31 37 46 14 17 21 28 34 1 5 10 22 43 42 4 6 11 16 20 19 29 33 12 13 26
Volta 29: 7 18 27 32 45 8 24 31 44 15 28 37 46 10 14 17 21 34 4 5 1 6 11 19 16 20 22 29 33 42 43 12 13
Volta 30: 7 18 27 32 45 8 24 44 15 28 37 46 10 17 34 1 4 6 14 19 22 21 29 42 16 20 33 12 13
Volta 31: 7 27 45 8 18 24 32 15 28 37 44 46 10 17 34 4 6 14 21 22 1 20 16 19 29 33 42 12
Volta 32: 7 27 45 8 18 24 32 15 37 44 46 17 28 34 4 10 6 14 22 1 19 20 21 29 33 16 42 12
Volta 33: 45 7 18 24 27 32 8 15 37 44 46 17 28 10 14 34 4 1 6 20 22 33 19 16 21 29 42
Volta 34: 7 27 32 45 8 15 18 24 37 44 46 28 10 14 17 4 6 22 34 1 20 16 29 33 19 21 42
Volta 35: 27 8 7 18 24 32 37 45 44 15 46 17 28 4 10 6 14 34 1 16 22 33 20 21 29 19
Volta 36: 27 7 8 24 32 37 45 15 18 44 46 17 28 4 6 10 14 16 34 1 20 22 19 21 29
Volta 37: 27 7 8 32 37 45 18 24 44 15 46 4 10 6 14 17 28 34 1 16 19 20 21 22
Volta 38: 27 7 45 8 18 24 32 37 44 15 46 4 6 10 17 28 14 1 16 34 20 19 21 22
Volta 39: 27 7 8 18 37 44 45 15 24 32 46 4 6 17 28 10 14 1 16 34 19 20 21
Volta 40: 27 7 37 45 44 8 18 24 32 46 4 6 15 17 28 10 1 14 16 34 19 21 20
Volta 41: 27 7 37 45 8 18 32 44 46 4 6 15 17 24 28 10 14 16 1 19 21 34
Volta 42: 27 45 7 32 37 44 4 8 18 17 24 6 15 28 10 14 16 21 34 19
Volta 43: 45 27 32 37 4 7 8 18 24 44 6 15 17 10 14 16 28 21 34
Volta 44: 27 32 45 4 7 18 24 37 8 15 17 44 6 14 28 10 16 21 34
Volta 45: 27 7 32 37 45 4 8 15 18 17 24 44 6 14 28 10 16 21
Volta 46: 27 32 37 45 4 8 7 18 17 24 44 15 28 6 14 16 10 21
Volta 47: 27 37 7 8 17 18 32 45 44 4 15 24 28 6 14 16 10
Volta 48: 27 37 7 17 18 45 4 8 24 32 44 15 28 6 14 16 10
Volta 49: 27 7 17 37 45 4 8 18 24 32 44 15 28 6 14 16
Volta 50: 7 27 37 4 18 17 24 44 45 8 32 6 14 15 16 28
Volta 51: 27 37 4 7 17 8 18 24 32 44 45 15 6 14 16
Volta 52: 4 7 17 27 37 24 32 45 44 8 15 18 6 14 16
Volta 53: 17 27 37 4 7 32 44 8 18 24 45 14 15 6
Volta 54: 17 27 4 44 32 8 15 18 6 14
Volta 55: 17 27 4 32 44 8 18 15 6
Volta 56: 27 17 4 18 32 44 8 15 6
Volta 57: 17 27 4 32 44 8 18 15
Volta 58: 17 27 4 18 32 44 8 15
Volta 59: 17 27 32 44 4 8 18
Volta 60: 17 27 32 4 8 18
Volta 61: 17 27 8 32 4
Volta 62: 17 27 8 32 4
Volta 63: 17 27 8 32
Volta 64: 27 17 8 32
Volta 65: 27 17 8
Volta 66: 17 27 8
Volta 67: 17 27
Volta 68: 17 27

Ranqueamento Final:
1: Ciclista 27 - 13050.66 segundos
2: Ciclista 8 - 12900.18 segundos
3: Ciclista 17 - 12800.42 segundos
4: Ciclista 32 - 12600.78 segundos
5: Ciclista 4 - 12450.06 segundos
6: Ciclista 18 - 11851.02 segundos
7: Ciclista 15 - 11550.30 segundos
8: Ciclista 6 - 11250.18 segundos
9: Ciclista 14 - 10800.30 segundos
10: Ciclista 16 - 10500.42 segundos
11: Ciclista 28 - 9900.66 segundos
12: Ciclista 10 - 9750.18 segundos
13: Ciclista 21 - 9600.54 segundos
14: Ciclista 34 - 9150.78 segundos
15: Ciclista 19 - 8850.42 segundos
16: Ciclista 20 - 8550.42 segundos
17: Ciclista 22 - 7950.54 segundos
18: Ciclista 29 - 7650.66 segundos
19: Ciclista 42 - 7201.02 segundos
20: Ciclista 12 - 6900.30 segundos
21: Ciclista 13 - 6450.30 segundos
22: Ciclista 26 - 6000.66 segundos
23: Ciclista 36 - 5550.90 segundos
24: Ciclista 3 - 5250.06 segundos
25: Ciclista 30 - 4800.66 segundos
26: Ciclista 50 - 4351.14 segundos
27: Ciclista 39 - 4050.90 segundos
28: Ciclista 25 - 3600.54 segundos
29: Ciclista 38 - 3150.90 segundos
30: Ciclista 2 - 2850.06 segundos
31: Ciclista 41 - 2401.02 segundos
32: Ciclista 23 - 1950.54 segundos
33: Ciclista 40 - 1500.90 segundos
34: Ciclista 48 - 1051.14 segundos
35: Ciclista 49 - 601.14 segundos

Ciclista 1 quebrou na volta 42 - 8550.00 segundos
Ciclista 5 quebrou na volta 30 - 6150.00 segundos
Ciclista 7 quebrou na volta 54 - 10500.12 segundos
Ciclista 9 quebrou na volta 6 - 1200.12 segundos
Ciclista 11 quebrou na volta 30 - 6300.24 segundos
Ciclista 24 quebrou na volta 54 - 10500.48 segundos
Ciclista 31 quebrou na volta 30 - 5850.72 segundos
Ciclista 33 quebrou na volta 36 - 7500.72 segundos
Ciclista 35 quebrou na volta 18 - 3300.72 segundos
Ciclista 37 quebrou na volta 54 - 10200.84 segundos
Ciclista 43 quebrou na volta 30 - 6300.96 segundos
Ciclista 44 quebrou na volta 60 - 11850.96 segundos
Ciclista 45 quebrou na volta 54 - 10500.96 segundos
Ciclista 46 quebrou na volta 42 - 7951.08 segundos
Ciclista 47 quebrou na volta 6 - 1351.08 segundos
