Volta 1: 5 4 3 2 1 8 7 10 6 9 14 11 12 15 13 20 18 16 17 19 25 22 24 23 21 26 30 29 27 28 32 35 34 31 33 40 39 38 37 36 43 41 42 44 45 46 50 49 47 48
Volta 2: 1 4 5 9 10 7 6 8 14 13 11 12 17 18 16 24 21 22 25 23 29 27 31 34 32 33 39 36 42 45 43 44 48 50 46 49 47 2 3 15 20 19 26 28 30 35 37 38 40 41
Volta 3: 4 5 6 7 12 14 13 16 29 27 32 45 44 50 1 2 10 9 8 11 15 17 20 19 18 25 22 24 21 23 28 30 26 31 33 34 35 40 39 36 38 42 43 48 46 47 49 3 37
Volta 4: 4 5 7 6 14 16 27 29 45 44 2 9 8 11 12 13 20 19 18 24 23 21 25 30 26 34 31 33 32 35 40 39 38 43 46 48 49 50 47 1 3 10 15 17 22 28 37 36 42
Volta 5: 4 14 16 27 29 2 5 9 7 8 6 11 12 13 18 19 25 21 26 32 31 40 39 38 44 45 50 10 15 20 24 22 23 30 28 34 33 35 36 43 49 47 46 48 3 1 17 37
Volta 6: 27 2 4 5 6 8 7 9 11 12 14 16 19 25 26 29 31 32 39 38 44 45 50 10 13 18 20 21 24 30 35 33 36 40 43 49 48 46 47 3 1 15 17 23 22 28 34 37
Volta 7: 4 5 9 8 6 7 14 16 25 26 27 32 31 38 39 44 2 10 13 12 11 19 18 20 21 24 30 29 35 33 36 40 45 50 48 47 3 17 23 22 28 34 43 46 49 1 15
Volta 8: 4 6 9 16 26 27 44 5 2 8 7 10 13 11 14 18 24 25 21 29 32 31 39 38 36 45 48 3 12 20 19 17 23 22 30 35 33 34 40 43 46 50 47 49 1 28 15
Volta 9: 16 27 44 4 5 7 6 10 9 11 14 18 24 25 29 26 32 36 38 39 48 2 3 8 13 12 20 17 19 21 30 31 33 34 35 40 45 49 46 50 1 23 22 28 43 47
Volta 10: 10 6 9 7 18 16 24 25 26 29 27 32 39 38 44 48 5 2 4 8 14 12 13 11 19 17 20 21 30 31 35 34 36 45 46 49 50 3 1 23 22 33 40 43 47 28
Volta 11: 7 6 16 24 27 29 38 39 44 48 4 5 2 10 9 11 14 18 19 25 26 35 32 45 46 49 1 3 8 12 13 17 20 23 21 22 30 31 34 33 40 36 43 47 50
Volta 12: 24 27 44 48 4 2 10 7 16 18 25 29 26 35 32 38 39 46 5 1 3 8 9 14 13 11 17 19 20 21 30 34 33 31 36 40 43 45 49 47 22 23 50
Volta 13: 24 48 4 7 18 16 25 26 27 29 35 38 39 44 46 5 1 2 10 9 8 14 11 17 19 21 32 34 36 40 45 49 3 13 20 22 23 30 31 33 43 47
Volta 14: 24 16 25 27 35 38 39 44 46 48 5 2 4 1 8 10 7 11 19 17 18 29 26 34 32 40 36 9 14 13 21 30 31 45 43 47 49 3 20 22 23 33
Volta 15: 24 16 27 35 44 48 4 2 10 8 7 11 18 17 19 25 26 29 38 39 46 1 5 14 21 30 32 34 31 36 40 43 47 3 9 13 22 23 45 49 20
Volta 16: 24 27 48 7 8 11 16 18 25 29 35 44 4 1 2 5 10 14 17 19 21 26 30 32 34 38 39 36 43 46 47 3 9 13 22 31 40 49 23 45 20
Volta 17: 24 48 8 7 25 27 44 1 5 2 4 10 11 19 17 18 16 21 26 29 30 34 32 35 36 39 46 3 14 22 31 38 40 43 47 49 9 13 23 45
Volta 18: 24 25 27 48 2 7 8 10 11 16 17 21 30 35 34 36 44 46 4 3 5 1 14 19 18 26 29 31 32 40 39 38 43 47 9 13 22 23 45
Volta 19: 24 7 8 16 25 21 27 34 44 48 2 1 4 5 10 11 14 17 19 18 29 30 26 35 32 40 36 43 46 3 9 13 31 38 39 47 23 22
Volta 20: 24 7 8 21 25 27 34 48 1 5 2 10 11 18 19 16 30 26 35 36 44 43 46 4 9 13 14 17 29 32 40 38 39 3 23 22 31 47
Volta 21: 24 8 7 21 25 34 2 1 10 11 18 19 16 27 26 35 36 43 44 48 46 5 9 14 17 29 30 32 38 40 4 13 23 22 31 39 3
Volta 22: 24 25 34 2 8 10 7 11 16 19 18 21 26 27 44 48 46 1 5 14 29 30 32 35 36 40 43 4 9 13 17 23 31 39 38 22 3
Volta 23: 24 34 2 7 11 21 25 27 44 48 5 10 8 19 18 16 30 26 32 35 36 40 43 46 1 9 14 13 17 23 29 31 38 4 22 39
Volta 24: 34 2 7 24 21 25 48 5 10 8 11 18 16 19 26 27 35 36 40 44 43 1 9 14 17 23 30 32 31 13 39 38 4 22
Volta 25: 2 7 24 21 25 34 48 10 8 11 19 16 27 26 40 44 43 5 9 17 18 30 35 31 32 36 1 13 14 23 38 39 4
Volta 26: 2 7 48 10 8 11 19 16 24 25 21 27 34 40 5 18 26 30 35 31 36 43 44 1 9 14 17 23 32 39 38 4 13
Volta 27: 2 48 10 8 7 16 19 21 24 25 27 34 40 11 30 44 43 5 9 14 18 26 32 31 35 36 38 39 1 17 23 4
Volta 28: 2 7 10 8 19 21 25 34 40 48 16 24 27 30 44 43 5 9 11 14 26 35 32 31 38 39 36 1 17 18 23 4
Volta 29: 2 8 7 19 40 48 10 16 24 25 21 27 34 44 43 9 14 30 32 31 39 38 5 11 18 26 35 36 1 17 23
Volta 30: 8 40 2 16 24 27 34 43 44 48 9 10 25 21 30 32 39 5 14 26 31 36 38 1 11 17 18 23 35
Volta 31: 8 2 27 40 9 10 16 25 24 32 34 39 44 43 48 14 21 30 31 38 5 1 11 18 17 23 26 36
Volta 32: 8 2 40 9 10 16 25 27 34 39 43 48 24 30 32 44 1 14 17 21 26 31 38 5 11 18 23 36
Volta 33: 8 2 40 16 25 27 34 39 43 10 9 24 32 44 48 1 14 21 30 31 38 5 11 18 17 23 26
Volta 34: 8 40 2 16 39 43 9 25 27 34 44 1 10 14 21 24 32 31 48 5 17 23 26 30 38 11 18
Volta 35: 8 2 39 40 16 25 27 43 9 10 21 24 32 34 44 48 1 5 14 30 31 38 17 23 26 11
Volta 36: 8 2 39 40 25 27 43 10 9 16 24 21 32 1 5 14 30 31 38 48 17 23 26 11
Volta 37: 8 40 39 2 25 27 10 16 24 43 1 5 9 14 21 30 32 31 38 48 17 23 26
Volta 38: 8 25 27 40 39 2 16 24 43 1 9 10 14 30 32 38 48 5 17 21 31 26 23
Volta 39: 8 27 40 39 2 25 43 1 10 14 16 24 30 32 38 9 17 21 31 48 5 26
Volta 40: 8 27 2 25 39 40 43 10 14 16 24 38 1 9 17 21 30 32 31 48 5 26
Volta 41: 8 2 25 27 40 39 38 43 1 10 9 14 16 24 30 31 32 48 17 21 5
Volta 42: 8 25 27 39 40 2 38 43 1 10 9 14 16 24 30 32 31 17 48 5 21
Volta 43: 8 27 39 2 25 40 38 43 1 9 16 30 10 14 17 24 32 31 48 5
Volta 44: 8 27 39 2 25 40 38 43 1 9 16 10 14 17 24 30 32 31 48 5
Volta 45: 8 27 39 2 43 1 9 25 38 40 10 17 16 30 32 48 14 24 31
Volta 46: 8 27 39 43 2 25 40 38 1 9 10 32 16 17 24 30 31 48 14
Volta 47: 8 27 39 2 38 43 1 9 25 40 10 16 17 24 30 31 32 48
Volta 48: 8 27 39 38 43 2 25 40 1 10 9 16 30 31 32 48 17 24
Volta 49: 8 39 27 43 2 25 38 1 10 30 32 31 40 9 16 17 48
Volta 50: 8 27 39 43 2 38 1 25 30 32 9 10 17 16 31 40 48
Volta 51: 8 27 39 2 43 25 38 1 9 10 17 30 32 31 16 40
Volta 52: 8 27 39 43 2 25 38 1 9 30 32 31 10 16 17 40
Volta 53: 8 27 39 43 38 2 25 30 31 1 9 10 17 32 16
Volta 54: 8 27 39 43 25 31 2 1 9 10 30 32 17 16
Volta 55: 8 27 43 39 25 2 1 10 30 31 9 17 32
Volta 56: 8 27 39 43 25 2 1 10 30 31 9 17 32
Volta 57: 8 27 39 43 2 10 25 30 1 17 31 9
Volta 58: 8 27 43 39 2 10 25 30 1 31 9 17
Volta 59: 8 27 43 39 25 2 1 10 30 31 9
Volta 60: 27 8 39 43 1 2 10 25 30 31 9
Volta 61: 27 8 39 43 1 10 25 30 31 2
Volta 62: 27 39 8 43 1 25 10 30 31 2
Volta 63: 27 39 8 43 1 10 25 30 31
Volta 64: 27 39 8 43 1 25 30 10 31
Volta 65: 27 39 8 43 1 25 30 10
Volta 66: 39 8 43 1 10 25 30
Volta 67: 39 8 1 10 25 43
Volta 68: 39 8 1 10 43 25
Volta 69: 39 8 1 43 10
Volta 70: 8 39 1 10 43
Volta 71: 8 39 10 1
Volta 72: 8 39 10 1
Volta 73: 8 39 10
Volta 74: 8 10 39
Volta 75: 8 10
Volta 76: 8 10

Ranqueamento Final:
1: Ciclista 10 - 1470.18 segundos
2: Ciclista 8 - 1455.18 segundos
3: Ciclista 39 - 1440.90 segundos
4: Ciclista 1 - 1425.06 segundos
5: Ciclista 43 - 1381.02 segundos
6: Ciclista 25 - 1350.54 segundos
7: Ciclista 30 - 1305.66 segundos
8: Ciclista 31 - 1275.78 segundos
9: Ciclista 2 - 1245.06 segundos
10: Ciclista 9 - 1215.18 segundos
11: Ciclista 17 - 1170.42 segundos
12: Ciclista 32 - 1140.78 segundos
13: Ciclista 16 - 1095.42 segundos
14: Ciclista 40 - 1050.90 segundos
15: Ciclista 48 - 1006.14 segundos
16: Ciclista 24 - 975.54 segundos
17: Ciclista 14 - 945.30 segundos
18: Ciclista 5 - 915.06 segundos
19: Ciclista 21 - 870.54 segundos
20: Ciclista 26 - 825.66 segundos
21: Ciclista 23 - 810.54 segundos
22: Ciclista 11 - 765.30 segundos
23: Ciclista 18 - 720.42 segundos
24: Ciclista 36 - 675.90 segundos
25: Ciclista 35 - 630.78 segundos
26: Ciclista 4 - 615.06 segundos
27: Ciclista 13 - 555.30 segundos
28: Ciclista 22 - 525.54 segundos
29: Ciclista 3 - 495.06 segundos
30: Ciclista 47 - 436.14 segundos
31: Ciclista 45 - 391.14 segundos
32: Ciclista 20 - 375.42 segundos
33: Ciclista 33 - 315.78 segundos
34: Ciclista 50 - 271.14 segundos
35: Ciclista 28 - 240.66 segundos
36: Ciclista 15 - 210.30 segundos
37: Ciclista 37 - 150.90 segundos
38: Ciclista 42 - 106.02 segundos
39: Ciclista 41 - 61.02 segundos

Ciclista 6 quebrou na volta 12 - 240.12 segundos
Ciclista 7 quebrou na volta 30 - 585.12 segundos
Ciclista 12 quebrou na volta 12 - 255.24 segundos
Ciclista 19 quebrou na volta 30 - 585.36 segundos
Ciclista 27 quebrou na volta 66 - 1245.60 segundos
Ciclista 29 quebrou na volta 24 - 495.60 segundos
Ciclista 34 quebrou na volta 36 - 720.72 segundos
Ciclista 38 quebrou na volta 54 - 1050.84 segundos
Ciclista 44 quebrou na volta 36 - 735.96 segundos
Ciclista 46 quebrou na volta 24 - 481.08 segundos
Ciclista 49 quebrou na volta 18 - 391.08 segundos
