Volta 1: 2 4 5 3 1 8 6 7 10 9 12 15 14 11 13 20 18 16 17 19 23 21 24 25 22 28 29 26 27 30 31 33 34 35 32 40 39 37 38 36 43 45 44 42 41 50 46 49 48 47
Volta 2: 4 2 3 9 8 7 10 6 13 12 14 11 15 16 19 18 20 24 22 26 29 27 28 30 33 32 35 31 34 38 37 36 45 41 42 43 44 49 5 1 17 23 21 25 39 40 48 47 46 50
Volta 3: 3 2 4 10 8 7 9 12 15 14 13 16 20 19 18 24 22 29 28 35 31 33 34 36 38 41 43 45 1 5 6 11 25 21 23 30 27 26 32 37 39 42 44 48 47 49 17 40 46
Volta 4: 3 4 2 8 10 9 15 14 12 20 16 19 18 22 28 29 34 31 35 38 36 43 41 45 1 6 7 11 13 24 25 23 27 30 26 32 33 39 42 48 47 49 5 21 37 40 44 17 46
Volta 5: 4 2 9 10 12 18 19 16 28 29 34 36 38 41 3 1 7 6 8 14 13 15 11 20 25 22 23 24 27 30 31 33 32 35 39 42 45 43 48 5 21 26 37 40 44 49 47 17
Volta 6: 4 2 9 12 18 29 34 38 36 41 1 10 8 6 7 11 15 14 16 20 19 25 22 27 28 31 35 33 39 45 3 5 13 23 24 21 26 30 32 37 40 42 44 43 47 48 17
Volta 7: 9 18 34 41 4 2 7 8 10 14 11 15 12 20 19 16 25 28 27 29 35 31 38 36 39 1 6 22 23 24 21 30 33 32 40 37 45 42 44 47 48 3 5 13 26 43
Volta 8: 9 18 2 4 8 10 15 12 11 14 20 19 25 27 28 29 35 34 36 41 6 7 16 22 24 23 21 30 33 32 31 38 39 45 42 48 1 3 26 37 40 43 44 47 5 13
Volta 9: 9 18 2 4 8 10 11 19 29 35 34 36 7 6 14 12 15 20 25 27 28 33 31 38 39 45 41 48 1 16 24 23 21 22 30 32 40 42 47 3 5 26 37 44 43
Volta 10: 9 18 4 2 11 19 29 34 35 36 10 6 8 14 12 15 20 25 28 27 33 38 39 41 1 7 24 21 30 32 31 40 45 48 47 3 5 16 22 23 26 37 43 42 44
Volta 11: 9 2 11 19 18 34 4 10 8 12 14 15 20 25 29 28 35 39 38 36 41 1 6 7 27 30 31 33 32 48 16 24 23 21 22 40 42 45 47 3 5 26 37 43
Volta 12: 9 2 18 19 4 10 20 25 29 28 34 36 39 1 7 8 12 14 30 32 31 35 38 41 48 6 23 24 21 27 33 45 47 3 16 37 40 43 42 5
Volta 13: 2 9 19 18 20 29 39 4 8 10 12 14 25 30 28 34 32 35 38 36 41 48 1 7 31 33 45 47 6 23 21 24 27 40 37 42 3 16 43
Volta 14: 9 19 18 2 4 8 10 12 14 20 25 28 29 34 39 36 48 1 30 31 35 32 38 41 47 6 7 24 21 23 27 33 45 3 37 40 42 16 43
Volta 15: 9 18 19 2 4 8 10 14 20 25 28 29 39 48 1 12 30 34 31 35 32 36 38 41 7 6 23 21 24 27 33 45 47 3 40 37 16 42
Volta 16: 9 19 18 2 10 25 29 39 48 4 8 14 20 30 28 31 35 32 36 1 6 7 12 24 33 34 38 41 23 21 27 40 45 47 3 16 37 42
Volta 17: 9 19 18 25 2 4 8 10 14 20 29 28 39 48 1 7 12 30 31 32 35 34 36 38 6 24 23 21 27 33 41 45 47 16 37 40 3
Volta 18: 9 19 18 25 2 10 8 14 20 28 39 48 1 12 29 30 31 34 32 36 6 24 23 33 35 38 45 41 16 21 27 40 47 3 37
Volta 19: 9 19 18 25 2 8 14 20 28 1 10 12 30 29 31 34 39 36 48 6 23 24 32 38 27 33 35 40 41 45 47 3 16 21
Volta 20: 19 9 18 2 8 14 20 25 28 12 29 30 36 39 48 1 10 6 23 34 31 32 24 27 33 38 41 45 16 21 35 40 47 3
Volta 21: 9 19 18 2 8 14 20 25 12 29 28 39 48 1 10 23 30 36 6 24 27 32 31 34 38 16 21 33 35 41 45 47 40
Volta 22: 9 19 18 2 8 20 25 14 12 28 29 48 10 23 30 36 39 1 6 24 27 32 31 34 38 16 35 47 21 33 40 45 41
Volta 23: 9 19 2 8 18 20 25 14 29 28 10 12 23 30 36 39 48 1 27 34 6 24 35 31 32 38 16 40 45 47 21 33
Volta 24: 9 19 8 18 25 2 14 20 29 12 23 28 30 36 48 1 10 27 34 39 6 24 32 31 38 16 35 40 45 33 47
Volta 25: 9 19 8 2 20 18 25 29 14 12 28 36 1 10 23 30 34 39 48 6 27 32 16 24 31 38 40 45 35 33
Volta 26: 9 19 8 18 25 29 2 14 12 20 1 10 23 28 30 36 39 48 27 32 34 6 16 24 31 38 35 40 45 33
Volta 27: 19 9 8 18 29 14 20 25 1 2 10 12 23 28 30 27 32 34 39 36 48 6 16 24 35 31 40 38 45
Volta 28: 9 19 8 18 29 25 1 2 10 12 14 20 23 30 28 32 34 39 36 48 16 27 6 24 31 38 35 40 45
Volta 29: 9 19 8 18 29 1 10 12 20 23 25 30 2 14 28 32 39 36 48 27 34 16 24 6 31 35 38 40
Volta 30: 9 18 19 29 8 10 12 20 23 30 1 2 28 36 48 14 27 32 34 39 16 24 35 38 6 31 40
Volta 31: 9 19 18 29 8 12 23 30 1 10 20 36 2 27 28 34 39 48 14 32 16 24 35 6 31 38
Volta 32: 9 18 19 29 12 30 1 8 20 23 2 10 27 28 36 14 34 32 39 48 16 35 24 31 38 6
Volta 33: 9 19 29 18 12 30 1 8 20 23 36 2 10 14 28 27 34 32 39 48 35 16 24 31 38
Volta 34: 19 29 9 18 12 30 1 8 20 23 36 2 10 27 28 32 34 48 14 35 39 16 24 31 38
Volta 35: 19 29 9 18 12 1 8 20 30 23 36 2 10 27 34 48 28 32 35 39 14 24 16 31
Volta 36: 19 18 29 9 8 12 20 30 36 23 27 34 2 28 35 39 48 32 14 16 24 31
Volta 37: 19 18 29 9 12 30 8 20 36 23 27 2 35 34 39 48 28 32 14 16 24
Volta 38: 19 29 9 18 8 12 20 30 23 36 27 35 34 2 28 32 39 48 14 16 24
Volta 39: 29 18 19 9 12 30 8 20 36 23 27 35 28 34 39 48 2 16 32 14
Volta 40: 19 18 29 9 12 30 20 8 23 27 35 36 28 39 2 34 32 48 14 16
Volta 41: 19 18 29 12 30 9 8 20 27 35 23 39 36 28 32 34 2 14 48
Volta 42: 19 18 29 12 9 8 27 20 35 23 28 34 32 36 39 2 48 14
Volta 43: 18 29 19 12 9 8 27 20 35 32 36 39 23 28 34 48 2
Volta 44: 18 19 29 9 8 12 27 20 35 36 39 23 28 34 32 2 48
Volta 45: 18 29 19 8 12 9 27 35 20 39 23 28 32 34 36 2
Volta 46: 18 29 19 12 9 8 27 20 35 23 28 32 36 39 34 2
Volta 47: 18 29 19 12 8 9 27 35 20 23 39 28 32 34 36
Volta 48: 18 29 12 8 9 23 27 35 39 20 28 34 32
Volta 49: 18 29 8 9 12 23 27 35 39 20 28 32
Volta 50: 18 29 9 12 8 27 35 23 28 39 20 34
Volta 51: 29 18 8 9 12 35 23 27 28 39 20
Volta 52: 29 18 8 9 12 23 28 27 35 20 39
Volta 53: 29 18 8 9 12 23 28 20 27 35
Volta 54: 29 18 9 8 23 28 27 35
Volta 55: 29 18 9 8 23 27 28
Volta 56: 29 18 9 8 23 27 28
Volta 57: 29 18 9 8 23 27
Volta 58: 29 18 9 8 23 27
Volta 59: 29 18 9 8 23
Volta 60: 29 18 9 8 23
Volta 61: 29 18 9 8
Volta 62: 29 18 8 9
Volta 63: 29 18 8
Volta 64: 29 18 8

Ranqueamento Final:
1: Ciclista 8 - 12600.18 segundos
2: Ciclista 18 - 12350.42 segundos
3: Ciclista 9 - 12000.18 segundos
4: Ciclista 29 - 11850.66 segundos
5: Ciclista 23 - 11700.54 segundos
6: Ciclista 27 - 11400.66 segundos
7: Ciclista 28 - 11100.66 segundos
8: Ciclista 35 - 10800.42 segundos
9: Ciclista 39 - 10350.90 segundos
10: Ciclista 34 - 10050.78 segundos
11: Ciclista 32 - 9750.90 segundos
12: Ciclista 2 - 9450.06 segundos
13: Ciclista 48 - 9001.14 segundos
14: Ciclista 14 - 8700.30 segundos
15: Ciclista 16 - 8250.42 segundos
16: Ciclista 24 - 7800.54 segundos
17: Ciclista 31 - 7500.78 segundos
18: Ciclista 38 - 7200.90 segundos
19: Ciclista 6 - 6900.18 segundos
20: Ciclista 40 - 6450.90 segundos
21: Ciclista 45 - 6001.02 segundos
22: Ciclista 33 - 5850.78 segundos
23: Ciclista 47 - 5251.14 segundos
24: Ciclista 41 - 4801.02 segundos
25: Ciclista 3 - 4500.06 segundos
26: Ciclista 37 - 4050.90 segundos
27: Ciclista 42 - 3601.02 segundos
28: Ciclista 43 - 3301.02 segundos
29: Ciclista 5 - 2850.06 segundos
30: Ciclista 44 - 2401.02 segundos
31: Ciclista 13 - 1950.30 segundos
32: Ciclista 17 - 1500.42 segundos
33: Ciclista 46 - 1201.14 segundos
34: Ciclista 50 - 601.14 segundos

Ciclista 1 quebrou na volta 36 - 6750.00 segundos
Ciclista 4 quebrou na volta 18 - 3450.00 segundos
Ciclista 7 quebrou na volta 18 - 3600.12 segundos
Ciclista 10 quebrou na volta 36 - 7200.12 segundos
Ciclista 11 quebrou na volta 12 - 2100.24 segundos
Ciclista 12 quebrou na volta 54 - 10350.24 segundos
Ciclista 15 quebrou na volta 12 - 2250.24 segundos
Ciclista 19 quebrou na volta 48 - 8850.36 segundos
Ciclista 20 quebrou na volta 54 - 10800.36 segundos
Ciclista 21 quebrou na volta 24 - 5250.48 segundos
Ciclista 22 quebrou na volta 12 - 2550.48 segundos
Ciclista 25 quebrou na volta 30 - 5700.48 segundos
Ciclista 26 quebrou na volta 12 - 2700.60 segundos
Ciclista 30 quebrou na volta 42 - 7800.60 segundos
Ciclista 36 quebrou na volta 48 - 9750.84 segundos
Ciclista 49 quebrou na volta 6 - 1351.08 segundos
