Volta 1: 2 4 5 3 1 8 6 7 10 9 12 15 14 11 13 20 18 16 17 19 23 21 24 25 22 28 29 26 27 30 31 33 34 35 32 40 39 37 38 36 43 45 44 42 41 50 46 49 48 47
Volta 2: 4 1 3 9 8 7 10 6 13 12 14 11 15 17 16 19 18 22 21 26 29 27 28 30 33 32 35 31 34 38 40 39 45 41 42 43 44 50 2 5 20 23 24 25 37 36 48 47 46 49
Volta 3: 3 4 1 10 6 7 9 15 14 13 11 16 17 19 18 22 21 26 30 31 33 32 34 39 40 43 45 42 2 5 8 12 24 25 23 28 29 27 35 37 36 38 44 41 48 50 46 20 47
Volta 4: 3 4 10 7 9 14 13 15 16 19 18 17 22 26 30 33 32 34 40 39 43 42 45 1 5 2 6 12 11 21 24 25 28 27 35 31 37 41 48 50 46 8 20 23 29 36 38 44 47
Volta 5: 10 9 15 17 18 16 30 32 39 40 45 5 1 3 2 4 7 6 14 13 11 12 19 22 25 21 24 26 28 33 31 35 34 37 42 43 41 46 48 50 8 23 27 36 20 29 38 44
Volta 6: 9 15 17 18 30 32 40 39 4 5 2 7 10 11 12 13 14 16 22 21 24 25 26 28 34 37 43 42 45 46 1 3 6 19 23 27 35 31 33 36 41 48 8 20 29 38 44
Volta 7: 9 15 18 32 40 5 4 10 13 11 14 17 16 24 21 30 26 34 39 37 45 46 3 1 2 6 7 12 19 25 22 28 35 33 36 42 43 48 8 20 23 27 31 41 29 38
Volta 8: 18 32 4 10 9 14 15 17 24 21 26 30 34 37 40 39 45 46 2 5 1 3 7 6 13 11 16 19 25 22 28 33 42 43 8 12 23 27 35 31 36 48 20 29 41 38
Volta 9: 4 9 10 15 14 17 18 30 34 32 40 39 45 46 5 3 7 13 11 16 21 24 26 33 37 43 42 2 1 6 8 12 19 22 25 28 36 48 20 23 29 27 35 31 41
Volta 10: 4 9 10 15 14 18 30 32 34 39 46 5 3 11 13 17 16 21 24 26 40 43 45 42 2 1 7 6 12 22 25 33 37 36 8 19 20 27 29 28 35 31 48 23 41
Volta 11: 4 9 15 14 18 32 34 39 46 3 10 11 13 16 17 21 24 30 26 40 45 2 5 6 22 33 37 43 42 1 7 8 12 19 20 25 28 27 29 31 35 36 48 23
Volta 12: 15 18 32 34 39 46 4 3 11 14 16 24 26 40 45 5 6 10 21 22 30 33 43 42 1 2 7 12 20 25 37 36 48 8 19 28 27 31 35 23
Volta 13: 15 18 32 46 4 14 26 34 39 45 5 3 10 6 11 16 22 24 21 30 40 42 1 7 12 20 25 33 37 43 48 2 8 19 27 28 31 35 36
Volta 14: 18 32 46 15 26 34 39 5 3 4 11 14 16 22 24 30 40 45 42 6 10 7 12 21 25 33 37 48 2 1 8 20 27 36 43 19 28 35 31
Volta 15: 18 32 46 34 39 3 4 11 14 15 30 26 40 45 42 5 10 6 16 21 24 22 48 2 7 12 25 27 33 37 36 43 1 8 20 28 35 19
Volta 16: 18 32 46 3 14 15 30 26 34 39 4 6 11 22 24 40 42 45 5 2 10 7 12 16 21 27 37 36 48 25 33 43 1 8 20 19 28 35
Volta 17: 32 46 18 15 30 34 3 14 11 24 26 39 40 45 42 5 4 6 10 12 16 22 21 27 2 7 25 37 36 43 48 1 8 20 19 28 33
Volta 18: 32 46 18 34 15 14 24 30 40 45 42 3 4 5 10 6 11 12 16 21 22 26 39 2 7 27 36 37 43 48 1 8 20 25 28 33 19
Volta 19: 46 18 32 30 34 45 4 5 3 15 11 14 12 16 22 24 26 39 40 42 2 6 10 7 21 37 48 8 25 27 36 43 1 20 28 33
Volta 20: 46 18 32 34 45 5 4 11 14 12 15 16 24 30 26 39 3 2 6 7 10 22 21 40 37 42 25 27 36 43 48 1 8 20 28 33
Volta 21: 46 18 32 4 14 30 34 45 5 6 10 11 12 15 16 22 24 26 40 39 37 42 3 2 7 25 21 27 36 43 8 28 48 1 20
Volta 22: 46 18 32 4 14 30 45 10 12 15 24 26 34 40 39 5 7 6 11 16 21 22 25 37 36 42 2 3 8 27 43 48 1 28 20
Volta 23: 46 18 32 4 14 30 45 10 24 26 34 40 39 5 6 12 15 11 16 22 21 36 37 42 2 7 8 25 27 43 3 1 28 48
Volta 24: 46 32 14 18 30 4 24 26 34 40 45 5 6 10 15 12 22 37 36 2 7 11 16 21 42 3 8 25 27 43 48 1
Volta 25: 46 30 32 14 18 24 26 34 40 45 4 12 15 36 37 5 2 6 10 11 16 22 42 7 21 27 43 48 3 8 25
Volta 26: 46 32 14 18 24 30 34 4 12 15 26 36 40 45 5 2 10 6 11 22 37 7 16 21 42 3 8 25 27 43 48
Volta 27: 46 14 30 32 4 15 18 24 26 34 45 12 37 40 36 2 5 10 7 6 11 16 22 42 21 27 43 3 8 25
Volta 28: 46 30 32 4 14 15 18 24 26 45 12 34 37 40 36 5 2 7 6 11 16 42 10 22 43 3 8 25 21 27
Volta 29: 46 30 32 4 14 18 24 15 26 34 37 40 36 45 2 6 11 12 16 5 10 7 22 42 8 21 25 43 3
Volta 30: 46 30 14 24 32 4 26 36 45 2 12 11 37 40 5 6 16 22 7 10 21 3 8 25 43
Volta 31: 30 46 14 32 4 24 2 12 11 26 36 37 45 22 40 5 6 7 10 16 21 8 25 3
Volta 32: 14 30 46 24 32 4 11 26 37 36 45 2 12 22 40 5 6 16 21 10 7 25 3 8
Volta 33: 14 46 24 30 32 4 36 37 45 2 11 12 26 5 21 22 40 7 10 6 16 3 25
Volta 34: 14 24 30 32 46 4 37 45 2 12 11 26 36 22 21 5 7 6 16 40 3 10 25
Volta 35: 14 24 30 46 32 37 45 4 2 11 26 36 12 5 7 6 21 22 40 16 3 10
Volta 36: 14 46 30 45 4 2 11 26 32 37 12 36 7 22 21 40 5 6 16 3 10
Volta 37: 14 46 45 11 30 26 37 2 4 12 32 36 5 7 6 22 21 40 3 16
Volta 38: 14 46 45 11 26 2 4 12 30 32 36 37 7 22 40 5 3 6 16 21
Volta 39: 14 46 26 45 2 11 30 32 36 37 4 12 7 22 40 5 6 16 3
Volta 40: 46 14 26 45 2 11 4 30 32 37 36 12 40 5 7 6 16 22 3
Volta 41: 14 46 45 11 26 2 36 37 4 12 30 32 40 5 6 22 7 16
Volta 42: 14 46 26 45 2 11 37 4 30 32 40 36 6 12 22 16 7
Volta 43: 14 46 26 45 11 2 4 30 32 37 36 12 40 6 16 22
Volta 44: 14 46 26 45 11 4 2 30 32 40 36 37 12 22 6 16
Volta 45: 14 46 45 11 26 30 2 4 32 36 40 37 12 22 6
Volta 46: 46 14 45 11 26 2 30 40 36 4 12 22 32 37 6
Volta 47: 46 14 45 11 26 30 40 2 37 36 4 12 22 32
Volta 48: 46 14 45 11 26 30 40 37 4 2 22 32 36 12
Volta 49: 46 14 45 11 26 30 37 4 2 32 40 36 22
Volta 50: 46 14 45 11 30 26 4 32 40 37 2 22 36
Volta 51: 46 14 45 11 30 26 37 40 4 2 22 32
Volta 52: 46 45 14 11 30 26 37 4 2 22 32 40
Volta 53: 46 45 14 11 30 26 2 4 22 32 37
Volta 54: 46 45 14 30 11 26 4 2 22 37 32
Volta 55: 46 14 45 30 11 26 22 4 2 37
Volta 56: 46 14 45 30 11 22 26 2 37 4
Volta 57: 46 14 30 45 11 22 26 2 37
Volta 58: 46 14 30 45 11 22 26 2 37
Volta 59: 46 30 14 45 11 22 26 2
Volta 60: 46 30 45 11 14 22 26 2
Volta 61: 46 30 45 11 14 22 26
Volta 62: 46 30 11 45 14 22 26
Volta 63: 46 11 30 45 14 22
Volta 64: 46 11 30 45 14 22
Volta 65: 46 11 30 45 14
Volta 66: 46 11 30 45 14
Volta 67: 46 11 30 45
Volta 68: 46 11 30 45
Volta 69: 46 11 30
Volta 70: 46 11 30
Volta 71: 46 11
Volta 72: 46 11

Ranqueamento Final:
1: Ciclista 11 - 13800.30 segundos
2: Ciclista 30 - 13650.66 segundos
3: Ciclista 45 - 13201.02 segundos
4: Ciclista 46 - 13051.14 segundos
5: Ciclista 14 - 13050.30 segundos
6: Ciclista 22 - 12600.54 segundos
7: Ciclista 26 - 12300.66 segundos
8: Ciclista 2 - 12150.06 segundos
9: Ciclista 37 - 11700.90 segundos
10: Ciclista 4 - 11400.06 segundos
11: Ciclista 32 - 10950.78 segundos
12: Ciclista 40 - 10500.90 segundos
13: Ciclista 36 - 10200.90 segundos
14: Ciclista 12 - 9900.30 segundos
15: Ciclista 6 - 9600.18 segundos
16: Ciclista 16 - 9150.42 segundos
17: Ciclista 7 - 8850.18 segundos
18: Ciclista 3 - 8400.06 segundos
19: Ciclista 21 - 7950.54 segundos
20: Ciclista 10 - 7650.18 segundos
21: Ciclista 25 - 7200.54 segundos
22: Ciclista 8 - 6900.18 segundos
23: Ciclista 43 - 6451.02 segundos
24: Ciclista 27 - 6000.66 segundos
25: Ciclista 48 - 5551.14 segundos
26: Ciclista 1 - 5250.66 segundos
27: Ciclista 20 - 4950.42 segundos
28: Ciclista 33 - 4350.78 segundos
29: Ciclista 19 - 4050.42 segundos
30: Ciclista 35 - 3600.78 segundos
31: Ciclista 31 - 3150.78 segundos
32: Ciclista 23 - 2850.54 segundos
33: Ciclista 41 - 2401.02 segundos
34: Ciclista 38 - 2100.90 segundos
35: Ciclista 44 - 1501.02 segundos
36: Ciclista 47 - 1051.14 segundos
37: Ciclista 49 - 601.14 segundos

Ciclista 5 quebrou na volta 42 - 8550.00 segundos
Ciclista 9 quebrou na volta 12 - 2250.12 segundos
Ciclista 13 quebrou na volta 12 - 2250.24 segundos
Ciclista 15 quebrou na volta 30 - 5850.24 segundos
Ciclista 17 quebrou na volta 12 - 2250.36 segundos
Ciclista 18 quebrou na volta 30 - 5700.36 segundos
Ciclista 24 quebrou na volta 36 - 6750.48 segundos
Ciclista 28 quebrou na volta 24 - 5250.60 segundos
Ciclista 29 quebrou na volta 12 - 2550.60 segundos
Ciclista 34 quebrou na volta 30 - 5850.72 segundos
Ciclista 39 quebrou na volta 24 - 4800.84 segundos
Ciclista 42 quebrou na volta 30 - 6300.96 segundos
Ciclista 50 quebrou na volta 6 - 1351.08 segundos
