Volta 1: 2 4 5 3 1 8 6 7 10 9 12 15 14 11 13 20 18 16 17 19 23 21 24 25 22 28 29 26 27 30 31 33 34 35 32 40 39 37 38 36 43 45 44 42 41 50 46 49 48 47
Volta 2: 4 5 3 9 8 7 10 6 13 12 14 11 15 17 16 19 18 24 23 26 29 27 28 30 33 32 35 31 34 38 40 39 45 41 42 43 44 46 2 1 20 22 21 25 37 36 48 47 50 49
Volta 3: 3 5 4 10 6 8 7 12 15 14 11 16 17 19 18 23 24 28 26 35 33 32 34 39 40 44 43 45 1 2 9 13 22 25 21 29 30 27 31 37 38 42 41 46 47 50 20 36 48
Volta 4: 3 4 10 7 8 11 14 15 16 19 18 17 24 28 26 32 34 35 39 44 43 45 5 6 9 13 12 25 23 29 27 33 31 37 40 38 47 50 2 1 20 21 22 30 42 41 46 36 48
Volta 5: 3 4 8 7 10 14 16 18 17 24 26 34 44 45 5 9 6 12 15 11 13 19 29 28 32 31 33 35 40 38 39 37 43 50 47 2 1 20 25 23 21 22 30 27 41 46 36 42
Volta 6: 4 10 14 16 24 26 34 3 7 8 15 11 12 18 17 29 28 31 35 32 39 37 38 45 44 43 50 5 1 2 9 6 13 20 19 21 23 33 40 41 47 25 22 27 30 36 42 46
Volta 7: 4 14 26 34 3 8 10 12 11 18 16 17 24 29 28 35 37 39 38 45 44 50 1 2 5 9 7 13 15 20 19 23 32 31 40 43 41 47 6 21 25 22 27 33 42 30 36
Volta 8: 4 10 8 12 14 18 16 26 28 34 35 38 44 45 50 3 2 1 7 9 15 11 13 20 17 24 29 32 31 40 39 37 43 47 5 6 19 25 22 21 23 33 42 41 30 27 36
Volta 9: 4 12 14 18 28 26 34 35 38 44 50 1 3 10 9 7 8 16 20 24 29 32 37 39 40 45 47 5 2 11 13 15 19 17 23 33 31 41 43 42 6 21 25 22 30 27
Volta 10: 4 14 34 38 44 3 1 10 7 8 9 12 20 18 16 24 26 28 35 32 40 37 45 50 2 13 23 29 33 31 39 42 43 41 47 5 15 11 19 17 25 22 6 21 27 30
Volta 11: 4 14 34 38 44 1 12 16 18 24 26 28 35 32 45 50 3 2 7 10 9 8 20 23 29 31 33 37 39 40 43 42 41 5 11 13 15 19 47 6 17 22 21 25 27
Volta 12: 34 38 1 4 14 12 18 16 24 28 26 32 45 44 50 7 10 23 29 31 33 35 37 40 43 41 2 3 5 8 9 13 11 20 19 39 42 47 15 17 22 25 6 21 27
Volta 13: 38 4 1 12 14 18 16 24 26 28 32 34 23 35 37 44 45 50 3 5 8 9 10 7 13 11 20 29 33 31 39 40 42 43 41 2 15 19 17 25 22 47 6 21
Volta 14: 38 12 16 24 26 28 34 1 4 14 18 23 35 32 37 45 44 5 10 9 7 13 20 29 31 33 40 39 43 42 50 2 3 8 15 11 19 17 22 41 6 25 21 47
Volta 15: 38 12 16 24 26 28 34 1 18 23 35 32 37 45 5 4 7 14 20 29 31 33 40 39 44 50 3 8 10 9 15 13 11 19 17 43 42 41 2 6 25 21 22
Volta 16: 12 16 24 26 34 38 1 18 28 37 45 5 4 7 20 23 29 35 33 32 40 44 3 10 9 14 11 13 19 17 31 39 41 43 42 50 2 8 15 25 22 6 21
Volta 17: 12 16 24 34 38 1 28 26 45 4 18 23 32 35 37 5 7 9 13 11 14 17 20 29 33 31 40 39 44 42 50 3 2 8 10 15 19 41 43 6 25 22
Volta 18: 12 16 24 38 28 26 34 45 1 18 37 4 5 7 9 11 14 23 31 32 39 40 50 2 3 10 8 13 15 20 17 19 29 42 41 43 44 22 25 6
Volta 19: 12 16 24 28 26 34 38 45 1 18 37 5 4 7 11 14 23 39 2 3 10 9 13 15 19 17 20 32 31 40 42 44 50 8 25 22 29 43 41
Volta 20: 12 16 24 26 28 38 1 34 45 5 4 11 18 23 39 37 2 9 10 7 13 14 20 17 31 40 44 50 3 8 15 19 25 22 29 32 41 42 43
Volta 21: 12 16 28 24 26 34 38 45 1 4 5 11 18 23 39 37 2 7 9 14 20 31 40 44 50 3 10 15 13 17 22 25 29 32 8 19 42 41
Volta 22: 12 16 24 28 26 38 45 4 11 18 34 39 1 5 2 14 23 31 37 40 44 50 10 9 7 15 17 20 22 3 8 13 19 25 29 32 42 41
Volta 23: 12 16 24 26 38 4 18 28 39 45 1 11 23 34 40 37 5 2 7 9 14 17 20 31 44 50 3 10 13 15 25 22 32 8 19 29 42
Volta 24: 12 16 24 38 18 26 1 4 11 23 28 34 39 40 2 5 20 37 50 3 10 9 7 14 17 22 25 32 44 8 19 42 29
Volta 25: 12 16 24 18 26 38 4 11 28 34 40 1 5 23 39 37 50 2 9 10 7 17 20 32 44 3 8 14 22 25 42 19
Volta 26: 12 16 24 38 4 18 28 26 34 40 5 1 11 37 2 7 10 9 20 17 23 32 39 50 3 8 14 25 42 44 19 22
Volta 27: 12 16 24 4 18 26 38 5 1 11 28 34 40 37 9 7 20 23 50 2 3 10 17 25 32 39 44 8 14 19 42
Volta 28: 12 16 18 24 38 4 5 11 28 26 37 40 1 9 20 23 34 2 7 10 39 44 50 3 8 14 17 25 32 42 19
Volta 29: 12 16 24 38 5 18 26 40 1 4 9 11 23 28 34 37 2 7 20 39 44 3 10 25 32 42 50 8 14 17
Volta 30: 12 16 38 18 24 4 1 9 11 23 26 40 37 2 28 34 44 7 10 20 32 39 42 50 3 8 14 25 17
Volta 31: 12 16 38 18 24 1 4 23 26 40 2 9 11 28 34 37 7 10 20 32 39 44 50 3 25 42 8 14
Volta 32: 12 16 38 18 4 24 23 40 2 1 9 26 28 37 7 10 11 20 34 39 44 50 3 25 32 14 42 8
Volta 33: 12 16 38 18 4 24 40 2 1 9 23 26 10 20 28 34 37 44 7 11 25 32 39 50 3 14 42
Volta 34: 12 16 18 38 4 24 40 2 23 1 10 9 20 26 28 7 11 25 34 37 39 44 50 3 14 32 42
Volta 35: 12 16 38 4 18 24 2 23 40 1 9 28 26 7 10 20 34 37 44 50 14 11 25 32 39 3
Volta 36: 16 12 4 18 38 2 23 24 1 40 9 20 28 26 34 7 10 11 25 32 39 37 44 50 3 14
Volta 37: 16 4 12 38 2 18 23 24 1 40 9 20 28 26 34 7 11 32 37 39 44 3 10 25 50
Volta 38: 16 12 38 4 2 18 23 24 1 9 20 28 26 34 40 11 32 44 3 7 10 25 39 37 50
Volta 39: 16 12 2 4 24 38 18 23 1 9 26 34 40 11 20 28 32 44 3 7 39 10 25 37
Volta 40: 16 12 2 4 18 23 24 38 9 26 40 1 11 20 28 34 3 7 32 44 10 25 39 37
Volta 41: 16 12 2 24 38 4 9 18 23 26 1 11 34 40 3 20 28 44 7 25 32 39 10
Volta 42: 16 12 24 38 9 18 23 26 1 40 3 11 20 28 34 7 25 32 39 44 10
Volta 43: 16 12 24 38 23 9 18 26 3 1 11 28 34 40 20 25 39 7 32 44
Volta 44: 16 12 24 38 9 18 23 1 3 28 26 40 11 20 25 34 39 7 32 44
Volta 45: 12 16 24 38 23 3 1 9 18 28 26 11 34 39 40 7 20 25 32
Volta 46: 16 12 24 38 3 1 9 23 26 11 18 28 34 40 7 39 20 25 32
Volta 47: 16 12 38 24 1 23 26 3 9 11 18 28 40 7 34 20 25 39
Volta 48: 16 12 24 38 26 3 1 9 11 18 23 28 7 40 25 39
Volta 49: 16 12 24 38 3 1 9 11 18 23 28 26 7 40 25
Volta 50: 16 12 24 38 3 1 9 11 23 26 18 28 7 40 25
Volta 51: 16 12 24 3 1 9 11 23 38 18 26 28 7 40
Volta 52: 16 12 1 3 9 11 24 38 18 23 28 26 7 40
Volta 53: 16 12 11 24 38 3 1 9 23 18 26 28 7
Volta 54: 16 12 11 24 3 9 38 23 26 28 18 7
Volta 55: 16 12 24 3 9 11 38 23 26 18 28
Volta 56: 16 24 11 12 38 3 9 23 26 28 18
Volta 57: 16 24 12 38 11 23 3 9 26 28
Volta 58: 16 24 38 12 11 23 3 9 26 28
Volta 59: 16 24 38 12 11 23 3 9 26
Volta 60: 16 38 11 12 23 3 9 26
Volta 61: 16 38 11 12 23 3 9
Volta 62: 16 38 12 9 11 23 3
Volta 63: 16 12 38 9 11 23
Volta 64: 16 9 12 23 38 11
Volta 65: 16 9 12 23 38
Volta 66: 16 38 9 12 23
Volta 67: 16 38 12 9
Volta 68: 16 12 38 9
Volta 69: 16 12 38
Volta 70: 16 12 38
Volta 71: 16 12
Volta 72: 16 12

Ranqueamento Final:
1: Ciclista 12 - 13950.30 segundos
2: Ciclista 16 - 13800.42 segundos
3: Ciclista 38 - 13500.90 segundos
4: Ciclista 9 - 13350.18 segundos
5: Ciclista 23 - 12900.54 segundos
6: Ciclista 11 - 12600.30 segundos
7: Ciclista 3 - 12300.06 segundos
8: Ciclista 26 - 11850.66 segundos
9: Ciclista 28 - 11550.66 segundos
10: Ciclista 18 - 11250.42 segundos
11: Ciclista 7 - 10950.18 segundos
12: Ciclista 40 - 10500.90 segundos
13: Ciclista 25 - 10200.54 segundos
14: Ciclista 39 - 9900.90 segundos
15: Ciclista 32 - 9450.78 segundos
16: Ciclista 44 - 9151.02 segundos
17: Ciclista 10 - 8700.18 segundos
18: Ciclista 37 - 8250.90 segundos
19: Ciclista 50 - 7951.14 segundos
20: Ciclista 14 - 7500.30 segundos
21: Ciclista 42 - 7051.02 segundos
22: Ciclista 8 - 6900.18 segundos
23: Ciclista 17 - 6450.42 segundos
24: Ciclista 19 - 6000.42 segundos
25: Ciclista 22 - 5550.54 segundos
26: Ciclista 29 - 5250.66 segundos
27: Ciclista 41 - 4651.02 segundos
28: Ciclista 43 - 4201.02 segundos
29: Ciclista 6 - 4050.18 segundos
30: Ciclista 21 - 3600.54 segundos
31: Ciclista 47 - 3151.14 segundos
32: Ciclista 27 - 2850.66 segundos
33: Ciclista 30 - 2400.66 segundos
34: Ciclista 36 - 2100.90 segundos
35: Ciclista 46 - 1501.14 segundos
36: Ciclista 48 - 1201.14 segundos
37: Ciclista 49 - 601.14 segundos

Ciclista 1 quebrou na volta 54 - 10500.00 segundos
Ciclista 2 quebrou na volta 42 - 7950.00 segundos
Ciclista 4 quebrou na volta 42 - 8100.00 segundos
Ciclista 5 quebrou na volta 30 - 5850.00 segundos
Ciclista 13 quebrou na volta 24 - 4950.24 segundos
Ciclista 15 quebrou na volta 24 - 4950.24 segundos
Ciclista 20 quebrou na volta 48 - 9750.36 segundos
Ciclista 24 quebrou na volta 60 - 11400.48 segundos
Ciclista 31 quebrou na volta 24 - 4950.72 segundos
Ciclista 33 quebrou na volta 18 - 3600.72 segundos
Ciclista 34 quebrou na volta 48 - 9600.72 segundos
Ciclista 35 quebrou na volta 18 - 3450.72 segundos
Ciclista 45 quebrou na volta 24 - 4650.96 segundos
