Volta 1: 3 4 1 2 5 9 10 6 8 7 14 13 15 12 11 19 16 20 18 17 24 23 21 22 25 26 30 29 27 28 32 34 31 33 35 37 38 39 40 36 43 42 45 44 41 50 47 48 49 46
Volta 2: 2 5 3 4 10 9 6 8 14 12 13 15 20 18 17 16 25 24 21 23 22 26 29 28 27 33 34 32 31 35 37 36 42 44 49 48 46 50 1 7 11 19 30 38 40 39 45 43 41 47
Volta 3: 3 4 10 8 9 14 16 17 18 21 22 23 27 26 29 35 33 36 44 46 49 50 2 5 1 6 7 11 13 15 12 19 20 25 24 28 30 32 31 34 40 37 39 38 41 42 43 45 48
Volta 4: 4 3 9 8 10 14 17 16 21 22 29 33 36 50 49 46 2 5 1 7 15 13 11 18 20 23 26 28 27 34 35 31 32 37 40 42 41 44 45 43 48 6 12 19 24 25 30 39 38
Volta 5: 3 4 8 10 22 21 29 33 36 49 50 46 5 2 1 9 11 14 18 17 16 23 26 28 35 34 32 37 40 42 45 43 44 48 6 7 13 15 12 20 19 24 25 27 30 31 39 41
Volta 6: 3 4 10 21 29 36 50 49 2 8 9 14 16 17 22 28 32 35 33 37 45 42 48 46 5 1 7 11 13 15 12 18 20 19 23 25 27 26 31 34 40 39 44 43 41 6 30
Volta 7: 3 4 29 36 49 2 9 10 8 14 16 21 22 28 33 37 50 1 7 11 13 17 18 20 23 26 34 31 35 32 40 39 42 45 46 48 5 6 12 15 19 25 27 43 41 44
Volta 8: 3 29 49 4 10 16 21 22 36 2 8 9 11 14 18 17 23 28 26 32 35 34 31 33 40 39 37 42 48 46 50 1 7 15 13 19 20 25 27 44 43 45 41 5 6 12
Volta 9: 3 4 10 21 29 36 49 2 8 9 11 14 17 16 18 22 26 28 34 33 37 40 50 46 1 7 13 15 20 19 23 27 32 31 35 39 41 42 44 43 45 48 6 25 5
Volta 10: 3 4 10 21 29 9 17 18 16 22 26 37 36 50 49 2 1 8 15 11 14 23 28 27 33 34 35 32 31 40 39 45 44 43 46 48 7 6 13 20 19 25 42 41 5
Volta 11: 3 4 10 29 9 18 17 22 21 26 37 36 2 8 15 11 16 28 27 35 33 34 40 45 50 49 48 1 13 14 23 32 31 39 43 44 41 46 7 6 20 19 25 42
Volta 12: 3 29 10 18 2 9 11 21 22 26 28 27 35 33 37 40 36 45 48 49 1 8 15 13 16 23 32 34 39 43 44 46 50 14 20 19 25 42 41 7
Volta 13: 3 29 10 2 11 18 22 21 27 28 33 45 49 48 1 9 8 13 16 23 26 32 34 35 39 36 37 40 44 50 15 14 25 43 42 41 46 20 19
Volta 14: 3 10 29 2 21 27 28 33 45 48 1 9 11 13 18 16 23 22 26 35 34 37 36 39 40 50 49 8 15 14 32 43 44 42 41 19 25 46 20
Volta 15: 3 29 2 10 28 45 48 11 13 16 18 22 23 21 27 33 37 39 36 49 1 9 26 32 35 34 40 41 44 43 50 8 15 14 19 25 42 46
Volta 16: 3 10 29 45 48 2 13 11 18 23 21 28 27 33 49 1 9 16 22 34 32 39 36 37 40 44 50 8 14 19 25 26 35 43 41 15 42 46
Volta 17: 3 29 45 2 10 13 21 27 33 48 1 9 11 16 18 22 23 28 34 37 36 44 50 49 8 14 19 25 26 32 39 40 43 41 15 35 42
Volta 18: 3 29 2 10 13 21 27 45 11 22 23 28 34 33 36 49 48 50 1 9 14 18 16 19 37 39 40 41 43 44 8 25 26 35 32 15 42
Volta 19: 3 29 2 13 21 45 10 23 22 27 34 33 48 49 50 1 9 11 16 18 28 36 40 39 37 43 8 14 19 25 26 32 44 41 15 35
Volta 20: 3 2 13 21 29 45 10 22 27 33 49 1 9 18 23 28 34 37 36 40 39 50 48 11 14 16 19 43 44 8 25 26 35 32 41 15
Volta 21: 3 2 13 21 29 45 10 22 27 33 49 9 18 23 28 34 36 40 37 50 1 11 16 19 39 43 48 8 14 25 32 35 41 44 26
Volta 22: 2 29 45 3 10 13 21 33 9 22 23 27 37 49 50 1 11 18 28 34 39 36 40 48 8 14 19 16 35 43 25 26 32 44 41
Volta 23: 2 29 45 3 10 13 21 22 23 27 33 49 50 1 9 11 18 28 40 36 37 39 48 8 19 34 35 14 16 25 26 32 43 44
Volta 24: 2 45 29 3 10 13 21 22 1 11 18 23 27 33 40 37 39 50 9 19 28 34 36 48 8 14 25 35 44 43 16 26 32
Volta 25: 2 45 3 10 13 21 22 29 23 27 33 39 40 37 50 1 9 11 18 28 36 48 8 14 19 35 34 43 16 25 26 44
Volta 26: 2 45 3 10 21 29 13 22 27 37 1 11 18 23 28 33 40 39 50 9 14 19 34 35 36 48 8 25 43 44 16 26
Volta 27: 2 3 10 21 29 45 13 22 27 18 23 33 39 37 1 9 11 28 35 40 36 48 50 8 14 19 25 34 43 44 16
Volta 28: 2 10 29 45 3 13 21 18 22 23 27 33 37 1 11 39 40 8 9 14 25 28 35 34 36 44 43 50 48 19 16
Volta 29: 2 10 29 21 45 3 13 22 23 27 33 37 1 18 40 39 8 11 25 28 36 43 50 48 9 14 19 34 35 44
Volta 30: 2 10 29 45 3 13 22 21 27 37 1 18 23 33 25 39 36 40 43 50 8 19 34 48 9 14 35 44
Volta 31: 2 10 29 3 13 22 45 1 18 21 27 33 37 23 39 40 43 50 8 25 34 36 48 9 14 19 35
Volta 32: 2 10 29 22 45 3 13 18 21 27 33 37 1 23 40 39 43 50 8 25 34 36 48 9 35 14 19
Volta 33: 2 10 29 45 3 13 18 22 33 23 21 27 37 43 50 1 25 34 36 40 39 48 9 8 14 35
Volta 34: 2 10 45 3 13 18 22 29 33 21 27 37 43 50 23 34 39 48 1 8 9 25 36 40 35 14
Volta 35: 2 10 3 18 33 45 13 22 29 27 23 21 34 37 39 43 50 1 8 9 25 40 36 48 35
Volta 36: 2 10 3 18 33 45 13 22 27 29 37 39 1 21 25 34 40 43 48 50 8 36 35
Volta 37: 2 10 33 45 3 13 18 22 27 29 37 39 43 50 48 1 8 21 25 34 36 40
Volta 38: 2 10 33 45 3 13 18 22 27 29 39 37 43 48 1 8 21 34 40 36 50 25
Volta 39: 2 10 33 3 13 18 45 22 27 29 39 37 48 8 40 36 43 50 1 21 34
Volta 40: 2 10 33 3 13 18 22 27 45 8 29 37 36 39 43 50 48 1 21 34 40
Volta 41: 2 10 3 13 18 33 22 27 45 8 29 39 36 37 48 50 43 1 21 34
Volta 42: 2 3 10 18 33 13 22 27 45 8 29 37 50 39 36 43 48 1 21 34
Volta 43: 2 10 18 33 3 22 27 13 45 29 50 8 37 36 39 43 48 1 21
Volta 44: 2 18 33 3 10 22 13 27 45 29 50 37 39 43 48 1 8 36 21
Volta 45: 2 18 33 10 22 3 27 45 13 29 50 39 37 43 1 8 36 48
Volta 46: 18 33 2 10 3 22 45 13 27 50 29 39 43 1 8 36 37 48
Volta 47: 33 2 18 3 10 22 45 27 50 13 29 1 8 39 37 43 36
Volta 48: 33 18 2 3 10 22 45 27 50 13 29 39 43 1 8 36
Volta 49: 33 3 2 18 22 10 27 45 13 50 29 43 8 39 1
Volta 50: 33 3 18 2 10 22 45 27 50 13 29 43 39 1 8
Volta 51: 33 3 2 18 22 45 10 27 50 13 29 43 39 1
Volta 52: 33 18 22 45 2 3 10 27 13 43 50 29 39 1
Volta 53: 33 22 45 3 2 18 27 10 13 50 39 43 29
Volta 54: 33 22 3 18 45 2 10 13 27 50 39 43 29
Volta 55: 33 18 22 45 3 2 50 10 13 27 39 43
Volta 56: 33 18 22 45 3 50 2 10 13 27 39 43
Volta 57: 33 18 22 45 50 2 3 10 27 13 39
Volta 58: 33 18 22 50 2 3 10 27 45 13 39
Volta 59: 33 18 22 50 3 27 2 10 45 13
Volta 60: 33 18 22 50 2 3 10 27 45 13
Volta 61: 33 18 50 2 3 10 22 27 45
Volta 62: 33 18 50 3 10 22 27 45 2
Volta 63: 33 18 50 10 22 45 3 27
Volta 64: 33 18 10 22 45 50 3 27
Volta 65: 33 18 10 45 50 22 3
Volta 66: 33 10 18 45 50 22 3
Volta 67: 33 10 18 50 22 45
Volta 68: 33 10 18 22 45 50
Volta 69: 33 18 10 22 45
Volta 70: 33 18 22 10 45
Volta 71: 33 18 10 22
Volta 72: 33 18 22 10
Volta 73: 33 18 22
Volta 74: 33 18 22
Volta 75: 33 18
Volta 76: 18 33

Ranqueamento Final:
1: Ciclista 33 - 7050.78 segundos
2: Ciclista 22 - 7050.54 segundos
3: Ciclista 18 - 7000.42 segundos
4: Ciclista 10 - 6975.18 segundos
5: Ciclista 45 - 6751.02 segundos
6: Ciclista 50 - 6526.14 segundos
7: Ciclista 3 - 6525.06 segundos
8: Ciclista 27 - 6225.66 segundos
9: Ciclista 2 - 6075.06 segundos
10: Ciclista 13 - 5925.30 segundos
11: Ciclista 39 - 5775.90 segundos
12: Ciclista 43 - 5551.02 segundos
13: Ciclista 29 - 5400.66 segundos
14: Ciclista 1 - 5325.06 segundos
15: Ciclista 8 - 5100.18 segundos
16: Ciclista 36 - 4875.90 segundos
17: Ciclista 48 - 4651.14 segundos
18: Ciclista 21 - 4575.54 segundos
19: Ciclista 34 - 4350.78 segundos
20: Ciclista 40 - 4125.90 segundos
21: Ciclista 25 - 3975.54 segundos
22: Ciclista 35 - 3825.78 segundos
23: Ciclista 14 - 3675.30 segundos
24: Ciclista 19 - 3450.42 segundos
25: Ciclista 44 - 3226.02 segundos
26: Ciclista 16 - 3075.42 segundos
27: Ciclista 26 - 2850.66 segundos
28: Ciclista 32 - 2625.78 segundos
29: Ciclista 41 - 2401.02 segundos
30: Ciclista 15 - 2250.30 segundos
31: Ciclista 42 - 2026.02 segundos
32: Ciclista 46 - 1801.14 segundos
33: Ciclista 20 - 1650.42 segundos
34: Ciclista 7 - 1425.18 segundos
35: Ciclista 5 - 1200.06 segundos
36: Ciclista 12 - 975.30 segundos
37: Ciclista 30 - 750.66 segundos
38: Ciclista 38 - 525.90 segundos
39: Ciclista 47 - 301.14 segundos

Ciclista 4 quebrou na volta 12 - 1125.00 segundos
Ciclista 6 quebrou na volta 12 - 1425.12 segundos
Ciclista 9 quebrou na volta 36 - 3675.12 segundos
Ciclista 11 quebrou na volta 30 - 3075.24 segundos
Ciclista 17 quebrou na volta 12 - 1200.36 segundos
Ciclista 23 quebrou na volta 36 - 3675.48 segundos
Ciclista 24 quebrou na volta 6 - 675.48 segundos
Ciclista 28 quebrou na volta 30 - 3075.60 segundos
Ciclista 31 quebrou na volta 12 - 1275.72 segundos
Ciclista 37 quebrou na volta 48 - 4800.84 segundos
Ciclista 49 quebrou na volta 24 - 2326.08 segundos
