Volta 1: 2 3 4 5 1 8 6 7 10 9 15 12 11 14 13 17 18 19 20 16 22 21 25 23 24 26 30 28 27 29 33 35 34 31 32 40 36 39 38 37 41 45 42 44 43 47 49 48 46 50 51 52 53 54 55 57 58 56 60 59 62 61 63 65 64 67 68 70 69 66 75 73 74 71 72 80 76 77 78 79 83 82 84 81 85 90 89 87 88 86 94 92 93 95 91 98 99 97 96 100
Volta 2: 3 1 4 5 8 9 6 10 13 12 20 16 17 18 19 21 24 28 27 26 30 34 32 31 35 37 39 40 45 43 42 41 46 50 48 49 47 53 52 54 51 55 57 56 59 60 62 64 63 61 65 67 70 69 66 73 75 71 80 79 78 85 82 83 81 87 92 94 93 95 91 98 97 96 100 99 2 7 15 11 14 22 25 23 29 33 38 36 44 58 68 72 74 77 76 84 86 90 89 88
Volta 3: 4 1 9 10 8 6 12 18 16 17 24 30 27 31 37 40 45 42 48 53 51 54 60 56 57 63 62 66 69 71 78 79 85 81 82 87 94 92 95 93 99 98 97 100 5 3 2 13 11 15 14 19 20 22 25 23 21 26 28 29 34 35 33 32 38 39 36 41 43 44 47 46 50 49 52 55 59 58 64 61 65 67 70 73 75 80 77 76 84 83 86 89 90 91 96 7 68 74 72
Volta 4: 4 6 8 12 17 16 24 30 27 31 42 57 60 62 66 71 79 82 81 85 87 95 93 92 98 99 5 1 2 9 10 11 14 15 19 18 20 21 22 25 29 28 26 35 38 36 39 37 40 45 41 44 43 47 49 50 46 48 53 54 51 52 55 56 59 64 61 63 67 70 69 73 75 78 80 77 76 83 90 86 94 91 100 97 3 13 23 32 34 33 58 65 68 74 84 89 96 7 72
Volta 5: 4 8 12 17 24 27 31 60 62 66 71 79 85 81 87 92 95 93 1 5 9 6 10 11 14 15 16 19 18 25 22 29 28 30 26 35 42 44 43 41 45 47 50 48 46 54 55 53 59 56 57 61 64 63 67 70 78 76 77 82 86 94 97 99 98 100 2 3 13 20 23 21 34 32 33 39 38 36 40 37 49 51 52 58 65 68 69 75 73 80 84 83 89 90 91 96 7 74
Volta 6: 4 12 17 24 27 60 62 66 81 92 95 8 11 14 16 19 25 22 30 29 31 35 44 43 42 45 46 48 54 56 57 59 63 64 61 70 67 76 85 82 86 93 94 99 5 2 10 6 15 13 18 20 23 21 28 26 33 38 37 36 39 50 49 47 55 53 51 52 65 69 68 73 77 78 80 83 90 91 98 100 97 96 3 32 40 58 74 84 89 7
Volta 7: 4 12 17 27 62 66 81 92 8 14 11 19 16 24 22 29 31 43 46 48 54 60 59 56 64 70 82 85 93 94 95 99 6 10 15 13 18 25 26 30 35 37 45 44 42 50 49 47 51 53 55 57 61 63 68 67 69 80 76 77 78 83 86 90 91 97 98 3 5 2 20 23 21 28 33 32 38 40 39 36 52 65 74 73 84 89 96 100 58
Volta 8: 4 62 92 12 17 19 24 29 27 31 43 48 54 60 66 70 85 81 95 93 94 6 10 8 11 13 14 15 18 16 22 25 26 37 45 44 42 46 50 49 53 56 59 57 64 63 68 67 76 80 82 86 90 91 98 99 3 5 23 21 30 33 35 40 38 36 39 47 52 55 51 65 61 69 74 73 78 77 84 83 89 96 97 100 2 20 28 32 58
Volta 9: 62 92 4 17 24 27 31 54 60 66 81 93 95 6 13 14 11 15 12 16 18 19 25 29 44 43 50 48 46 53 56 57 63 64 70 68 76 80 85 86 90 91 94 99 98 8 10 21 23 22 30 26 35 33 39 37 36 40 45 42 47 49 55 51 59 69 67 74 78 77 83 82 100 97 3 5 2 20 28 38 52 61 65 73 84 89 96 32
Volta 10: 92 4 17 24 27 60 62 66 95 14 11 13 18 31 43 48 54 56 57 63 68 80 81 90 86 93 91 94 99 98 8 10 6 12 15 19 16 25 21 23 26 30 29 33 39 36 37 44 45 42 49 50 47 46 53 59 64 70 67 69 74 78 76 82 85 100 97 5 22 28 35 40 38 51 52 55 61 65 73 77 83 84 89 96 2 3 20 32
Volta 11: 92 27 62 95 4 18 17 24 31 43 48 56 60 63 66 81 86 94 93 91 98 6 8 13 15 14 12 11 19 23 21 26 33 39 42 44 50 46 54 53 57 64 70 69 68 74 80 78 76 85 90 99 10 16 25 30 28 29 37 38 36 40 45 47 49 55 52 59 61 65 67 73 77 82 83 84 97 100 96 3 5 2 20 22 35 51 89
Volta 12: 92 27 62 95 4 18 43 60 63 66 81 86 98 8 12 14 15 31 33 44 46 48 57 64 69 68 80 78 85 90 93 94 6 11 19 21 23 25 28 30 26 29 42 45 49 47 50 55 53 54 59 67 70 74 73 76 82 84 99 96 100 5 3 10 22 35 40 37 38 51 61 77 89 97 2 20
Volta 13: 27 62 92 95 18 43 63 66 81 98 4 12 15 33 44 46 48 60 64 68 80 85 86 90 94 93 8 6 14 11 19 23 25 28 30 29 31 45 42 47 49 55 53 54 57 59 69 67 73 74 78 76 100 96 99 5 3 22 21 26 35 37 38 40 50 61 70 77 84 82 2 10 51 89 97
Volta 14: 62 18 27 63 66 81 95 92 4 12 33 43 46 60 80 85 93 94 98 6 14 11 15 19 25 23 29 31 44 42 48 47 49 53 55 57 59 64 67 69 68 73 78 86 90 3 5 8 21 30 26 28 38 40 45 50 54 70 74 76 77 84 99 100 96 2 10 22 35 37 61 82 89 97 51
Volta 15: 18 27 62 66 92 95 12 43 60 63 80 85 81 93 98 4 6 15 25 23 29 33 44 42 46 48 53 57 64 69 68 67 73 90 94 5 3 8 11 14 19 21 28 26 31 40 45 50 47 49 55 59 76 77 78 84 86 100 96 22 30 35 38 54 61 70 74 82 89 99 97 2 10 37
Volta 16: 18 92 95 27 43 62 63 66 80 85 81 93 4 15 12 23 25 29 44 42 46 48 60 64 68 69 67 94 98 5 6 11 14 19 21 28 31 33 40 49 50 47 53 55 59 57 73 78 77 76 90 86 96 3 8 26 30 35 38 45 54 61 70 74 84 89 99 97 100 2 10 22 37 82
Volta 17: 18 92 43 62 66 80 81 95 93 4 12 15 27 42 60 64 63 67 85 94 98 5 23 21 25 29 33 44 50 49 46 47 48 53 55 59 57 68 69 73 78 86 90 96 3 8 6 14 11 19 26 28 30 35 31 38 40 45 54 70 77 76 84 89 97 100 99 10 22 37 61 74 2
Volta 18: 18 62 66 81 92 95 4 42 43 60 63 64 67 85 94 93 98 15 12 25 27 44 47 46 50 48 49 53 55 57 69 90 96 5 3 6 14 19 23 21 28 30 33 38 54 59 68 70 73 77 78 89 86 10 8 11 22 26 31 40 37 45 61 74 76 84 99 100 2
Volta 19: 18 62 66 92 95 4 43 67 81 85 94 93 98 12 15 25 27 44 42 46 48 53 55 60 57 63 64 69 90 96 3 5 6 14 19 23 21 30 38 49 50 47 54 59 68 73 77 78 89 86 10 8 28 26 33 40 37 45 70 74 76 84 99 11 22 31 61 100
Volta 20: 18 92 43 62 67 66 93 95 98 4 12 25 42 60 64 69 85 81 94 5 14 15 19 27 30 44 46 48 50 49 53 55 59 57 63 78 86 90 96 3 10 6 8 21 23 26 33 37 40 38 47 54 70 68 73 77 76 84 89 99 11 22 28 31 45 61 74 100
Volta 21: 18 43 67 92 95 93 98 4 42 60 64 62 69 66 81 85 94 15 12 25 27 44 50 46 48 49 55 53 57 59 78 86 90 96 5 3 14 19 30 26 33 40 38 47 54 63 68 73 77 84 89 99 6 8 10 21 23 28 37 61 70 74 76 11 22 31 45
Volta 22: 18 43 67 95 93 92 98 4 60 64 66 69 81 85 94 15 25 27 42 48 49 46 55 59 57 62 96 3 12 14 19 26 30 40 38 44 50 47 54 53 63 68 77 78 86 90 99 5 8 6 21 23 28 33 37 74 73 76 84 89 10 22 31 61 70 11 45
Volta 23: 43 67 92 98 18 60 64 81 85 95 93 4 15 25 27 42 49 48 59 62 66 69 94 96 12 19 30 26 38 40 44 50 46 54 55 53 57 77 78 86 90 99 5 3 6 14 28 47 63 68 73 74 76 84 8 23 22 21 31 33 37 61 70 89 10 11
Volta 24: 67 43 60 64 85 93 95 98 4 18 27 62 69 66 81 94 96 12 15 19 26 40 38 42 50 48 49 53 55 59 57 99 3 5 6 14 28 44 46 54 63 68 77 78 84 86 90 8 21 37 61 70 74 73 76 89 10 23 22 33 31 11
Volta 25: 67 43 64 85 95 98 18 27 60 62 69 81 93 94 96 4 15 12 26 42 49 48 50 53 59 66 99 3 14 19 38 40 44 46 55 54 57 68 77 78 90 5 6 28 37 63 61 70 73 74 76 84 89 86 8 21 22 23 31 10 33
Volta 26: 67 43 64 95 27 69 85 93 94 98 4 15 18 42 49 60 62 66 81 99 96 12 14 19 26 38 40 44 50 48 53 55 54 57 59 77 90 5 3 6 46 63 68 74 78 84 86 89 8 22 21 28 31 37 61 70 73 76 10 23 33
Volta 27: 67 43 64 93 95 94 98 4 15 18 27 62 69 81 85 96 19 26 38 40 44 42 49 50 48 53 55 57 60 59 66 77 90 99 3 12 14 46 54 63 68 74 78 89 5 8 6 21 28 31 37 61 70 73 76 84 86 23 22 10
Volta 28: 67 43 64 95 4 18 27 62 69 93 94 98 96 15 19 40 42 49 59 60 66 81 85 99 3 14 26 38 44 50 48 46 53 55 54 57 68 74 77 90 89 5 8 6 12 21 28 31 61 63 70 76 78 84 86 23 37 73 10 22
Volta 29: 67 43 64 95 18 27 94 93 96 98 4 15 40 42 49 60 59 62 69 85 81 99 3 19 26 38 50 48 54 53 57 66 68 74 90 5 6 14 12 21 28 44 46 55 61 63 78 77 84 89 86 8 23 31 37 70 73 76 10
Volta 30: 43 67 64 95 18 27 98 4 42 49 60 62 69 85 94 93 99 3 40 38 48 53 54 59 66 81 5 6 14 12 19 21 26 44 55 61 68 74 77 78 84 86 90 8 23 28 31 37 46 63 70 76 89 10 73
Volta 31: 43 67 64 95 4 18 27 42 60 69 94 93 98 3 38 49 54 53 59 62 85 81 99 5 6 14 19 26 40 44 48 55 66 68 74 77 78 86 8 12 23 21 28 31 37 46 61 63 84 89 90 70 76 10
Volta 32: 43 64 67 95 18 42 98 4 27 38 49 54 53 60 59 62 69 85 94 93 99 3 5 6 14 19 26 40 44 48 68 66 81 86 8 12 23 28 31 46 55 61 63 74 78 77 90 21 37 70 76 84 89 10
Volta 33: 67 43 64 95 18 98 4 27 38 42 49 53 54 62 85 94 99 5 3 6 14 19 26 40 44 48 60 59 69 81 93 12 28 55 63 68 66 74 78 77 86 8 21 23 31 37 46 61 70 76 90 89 84
Volta 34: 67 43 64 95 98 4 18 38 42 49 54 85 94 99 3 6 14 19 27 26 40 44 53 60 59 62 69 93 5 12 48 55 63 66 68 77 78 81 86 8 23 21 28 31 37 61 70 74 76 90 89 46 84
Volta 35: 67 64 95 43 4 38 42 49 94 99 98 3 6 14 18 27 40 44 54 60 59 62 69 85 93 5 19 26 53 55 63 66 68 78 12 23 37 48 61 70 74 77 76 81 86 89 90 8 21 28 31 46
Volta 36: 67 64 43 4 42 94 98 99 3 18 27 38 44 54 62 69 85 93 6 14 19 26 40 53 59 60 66 12 23 37 55 63 61 70 68 74 77 78 86 90 21 28 31 46 48 76 81 89 8
Volta 37: 64 67 42 43 98 4 3 38 54 62 69 85 94 93 99 14 19 18 27 40 44 53 59 60 66 6 12 23 26 37 55 63 61 70 68 74 77 90 86 21 31 48 46 78 81 89 28 76
Volta 38: 67 64 43 98 3 4 42 85 93 99 14 18 19 27 38 40 44 54 59 62 69 94 6 23 37 55 53 60 63 61 70 66 90 12 21 26 31 46 68 74 78 77 81 86 28 48 76 89
Volta 39: 67 64 98 3 4 42 43 85 18 38 40 44 54 59 62 93 94 99 6 14 19 23 27 37 53 60 61 66 69 12 26 46 55 63 68 70 77 81 86 90 21 28 31 48 74 78 76
Volta 40: 67 64 98 4 43 42 85 3 18 38 44 54 62 93 6 14 19 23 27 40 37 53 60 59 66 69 94 99 26 46 55 61 70 77 90 12 21 28 48 63 68 78 81 86 31 74 76
Volta 41: 67 4 42 43 64 85 98 18 38 3 6 14 19 23 27 40 44 54 53 59 62 66 69 93 99 26 37 55 60 61 77 90 94 12 28 48 46 63 70 68 81 86 21 31 74 78
Volta 42: 42 64 85 98 4 18 38 43 3 14 19 23 27 44 59 62 6 40 37 55 53 60 61 66 69 90 94 93 99 12 28 26 48 70 77 81 21 31 46 63 68 86 74
Volta 43: 42 64 4 18 43 85 98 3 14 19 23 27 38 44 62 6 37 40 53 59 60 61 66 90 93 99 26 28 55 69 77 81 94 12 21 31 46 48 63 68 70 86
Volta 44: 42 64 4 85 98 14 18 23 43 44 3 19 27 37 38 53 62 61 90 99 6 26 40 55 59 60 66 69 77 81 93 21 28 31 48 86 94 12 46 63 70 68
Volta 45: 42 4 64 85 98 14 18 23 27 38 43 44 53 62 90 99 3 6 19 40 37 55 59 60 61 66 93 26 28 69 77 81 86 94 12 21 31 48 46 63 70
Volta 46: 42 64 85 98 4 14 18 38 43 90 99 3 19 23 27 37 44 53 60 62 61 93 6 28 26 40 55 59 66 81 86 94 21 31 48 46 63 69 77 12 70
Volta 47: 42 64 85 98 4 14 18 43 90 99 3 19 23 27 38 44 60 62 93 6 26 28 37 40 55 53 59 61 81 94 31 48 46 63 66 77 86 12 21 69
Volta 48: 85 14 18 42 64 98 4 90 99 19 23 38 44 43 60 62 3 6 27 37 40 53 59 61 94 93 28 26 31 46 66 86 12 21 63 69 77
Volta 49: 18 42 64 85 98 4 14 99 23 38 44 43 60 62 90 3 6 19 27 37 40 61 94 93 28 31 46 53 59 66 12 21 26 69 86 63
Volta 50: 85 14 18 42 64 99 98 4 38 44 60 62 6 19 23 37 43 90 93 3 28 27 31 40 53 59 61 94 12 26 46 66 69 86 21 63
Volta 51: 18 42 64 85 99 4 14 38 44 62 98 43 60 90 6 19 23 27 28 37 40 53 93 3 12 26 31 46 59 61 66 69 86 94 21
Volta 52: 18 85 99 4 14 38 42 62 64 44 98 6 19 23 27 37 43 60 90 93 3 28 26 31 40 46 53 61 69 86 94 12 59 66 21
Volta 53: 18 42 64 85 99 4 14 38 44 62 6 19 27 43 60 90 93 98 23 26 28 31 37 40 53 3 46 59 61 69 66 86 94 12
Volta 54: 18 64 99 4 14 38 42 44 62 85 19 27 60 90 93 6 23 26 28 37 43 98 3 31 40 46 53 61 69 86 94 12 66
Volta 55: 18 64 14 44 42 62 85 99 4 19 27 38 60 90 93 23 37 43 6 28 26 31 46 53 86 94 98 3 40 61 69 12
Volta 56: 18 64 42 62 85 99 4 14 19 38 44 90 23 27 37 60 93 6 26 31 43 46 53 86 98 3 28 40 61 69 94 12
Volta 57: 18 42 64 99 4 14 19 44 62 85 90 38 37 60 93 6 23 27 26 31 43 53 98 28 40 46 61 86 3 69 94
Volta 58: 18 42 64 4 44 62 85 90 99 14 19 37 38 6 23 27 31 43 53 60 93 98 26 28 40 46 86 3 61 69 94
Volta 59: 18 64 4 42 62 90 99 14 38 37 44 85 19 23 43 60 93 6 27 26 31 40 46 53 86 98 3 28 61 69
Volta 60: 18 64 4 90 99 37 38 42 44 62 85 14 19 23 43 93 6 27 40 46 98 3 26 31 53 61 69 86 28
Volta 61: 18 64 90 4 38 37 44 42 62 85 99 14 43 93 19 23 27 46 3 6 26 31 40 53 61 86 98 69
Volta 62: 18 64 90 38 44 62 99 4 37 42 85 14 23 27 43 46 93 3 19 26 31 53 61 98 6 40 69 86
Volta 63: 18 64 38 44 62 90 37 42 85 99 4 14 93 23 26 27 31 43 46 53 3 6 19 40 61 69 98
Volta 64: 18 64 38 44 90 37 62 85 4 14 42 93 99 23 27 31 43 53 3 6 19 26 40 46 61 69 98
Volta 65: 18 38 64 90 37 44 62 4 14 42 85 93 23 27 99 26 31 43 46 53 61 69 3 6 19 40
Volta 66: 18 38 64 44 62 90 4 37 85 93 14 23 42 99 27 31 43 46 53 61 69 3 6 19 26 40
Volta 67: 18 64 38 62 90 4 37 44 93 14 23 42 85 99 31 46 53 61 69 3 6 19 27 26 43
Volta 68: 18 64 38 62 90 4 44 93 14 23 37 42 99 46 53 61 69 85 3 19 27 31 43 6 26
Volta 69: 64 18 38 62 4 44 90 93 23 37 42 14 46 53 61 69 85 99 27 31 43 3 6 19
Volta 70: 64 18 38 4 62 90 93 37 44 14 23 42 46 53 61 69 85 27 31 43 99 19 3 6
Volta 71: 64 18 38 4 62 93 37 44 90 14 23 42 53 69 85 27 31 43 46 61 99 3 19
Volta 72: 18 64 4 38 62 93 90 14 23 37 44 42 85 43 53 61 69 99 27 31 19 3
Volta 73: 18 64 4 38 62 93 14 23 37 44 42 90 53 69 85 43 61 99 19 27 31
Volta 74: 18 64 4 62 38 93 14 23 37 44 42 53 85 90 43 61 69 99 19 27 31
Volta 75: 18 64 4 38 62 93 14 23 44 37 53 85 90 43 42 99 19 61 69 27
Volta 76: 18 64 4 62 14 23 38 44 93 37 43 42 53 85 90 99 61 69 19 27
Volta 77: 18 64 4 23 44 62 93 14 38 37 43 42 53 85 90 99 61 69 19
Volta 78: 18 64 4 23 38 44 62 93 37 42 43 85 90 99 53 61 69 19
Volta 79: 18 64 4 23 44 62 93 38 43 42 85 90 37 53 61 99 69
Volta 80: 18 64 4 44 62 23 38 43 90 93 37 42 53 61 85 99 69
Volta 81: 18 64 4 44 62 93 23 38 37 42 43 53 90 99 61 85
Volta 82: 64 18 4 23 38 44 42 53 62 90 93 99 37 43 61 85
Volta 83: 64 18 4 23 38 42 44 53 62 90 93 99 43 61 37
Volta 84: 64 18 4 23 38 44 42 62 90 99 43 53 61 93 37
Volta 85: 64 4 18 23 38 42 44 62 90 43 53 93 99 61
Volta 86: 64 4 18 38 42 90 23 43 44 62 99 53 61 93
Volta 87: 4 64 18 38 90 23 42 44 62 99 43 53 61
Volta 88: 4 64 18 38 90 42 44 62 99 23 43 53 61
Volta 89: 4 64 18 38 42 90 43 44 62 99 23 53
Volta 90: 4 64 18 38 90 43 42 62 99 23 53
Volta 91: 4 18 64 38 42 43 90 99 23 62
Volta 92: 4 64 18 43 90 99 23 38 42 62
Volta 93: 4 64 18 43 23 38 42 90 99
Volta 94: 4 64 18 23 38 43 42 90 99
Volta 95: 4 64 18 23 38 43 42 90
Volta 96: 64 4 18 43 42 23 38 90
Volta 97: 64 4 18 23 42 43 38
Volta 98: 64 4 18 42 43 23 38
Volta 99: 64 18 4 42 23 43
Volta 100: 64 18 4 42 23 43
Volta 101: 64 4 18 42 23
Volta 102: 64 18 42 23
Volta 103: 64 18 42
Volta 104: 64 18 42
Volta 105: 18 64
Volta 106: 64 18

Ranqueamento Final:
1: Ciclista 18 - 10125.42 segundos
2: Ciclista 64 - 10051.50 segundos
3: Ciclista 42 - 10051.02 segundos
4: Ciclista 23 - 9975.54 segundos
5: Ciclista 43 - 9826.02 segundos
6: Ciclista 38 - 9600.90 segundos
7: Ciclista 90 - 9377.10 segundos
8: Ciclista 99 - 9152.34 segundos
9: Ciclista 62 - 9001.50 segundos
10: Ciclista 53 - 8851.26 segundos
11: Ciclista 61 - 8701.50 segundos
12: Ciclista 93 - 8477.22 segundos
13: Ciclista 37 - 8325.90 segundos
14: Ciclista 85 - 8101.98 segundos
15: Ciclista 69 - 7951.62 segundos
16: Ciclista 19 - 7875.42 segundos
17: Ciclista 27 - 7650.66 segundos
18: Ciclista 31 - 7500.78 segundos
19: Ciclista 3 - 7350.06 segundos
20: Ciclista 6 - 7125.18 segundos
21: Ciclista 26 - 6900.66 segundos
22: Ciclista 40 - 6675.90 segundos
23: Ciclista 98 - 6452.34 segundos
24: Ciclista 86 - 6302.10 segundos
25: Ciclista 28 - 6150.66 segundos
26: Ciclista 94 - 6002.22 segundos
27: Ciclista 12 - 5775.30 segundos
28: Ciclista 66 - 5551.62 segundos
29: Ciclista 21 - 5400.54 segundos
30: Ciclista 63 - 5176.50 segundos
31: Ciclista 77 - 4951.86 segundos
32: Ciclista 70 - 4801.62 segundos
33: Ciclista 68 - 4576.62 segundos
34: Ciclista 74 - 4426.74 segundos
35: Ciclista 76 - 4201.86 segundos
36: Ciclista 89 - 3977.10 segundos
37: Ciclista 8 - 3825.18 segundos
38: Ciclista 84 - 3601.98 segundos
39: Ciclista 10 - 3450.18 segundos
40: Ciclista 73 - 3226.74 segundos
41: Ciclista 22 - 3075.54 segundos
42: Ciclista 33 - 2850.78 segundos
43: Ciclista 11 - 2700.30 segundos
44: Ciclista 45 - 2476.02 segundos
45: Ciclista 100 - 2177.34 segundos
46: Ciclista 2 - 2025.06 segundos
47: Ciclista 82 - 1801.98 segundos
48: Ciclista 51 - 1651.26 segundos
49: Ciclista 20 - 1425.42 segundos
50: Ciclista 32 - 1200.78 segundos
51: Ciclista 58 - 976.38 segundos
52: Ciclista 7 - 825.18 segundos
53: Ciclista 72 - 601.74 segundos
54: Ciclista 88 - 302.10 segundos

Ciclista 1 quebrou na volta 6 - 600.00 segundos
Ciclista 4 quebrou na volta 102 - 9675.00 segundos
Ciclista 5 quebrou na volta 36 - 3600.00 segundos
Ciclista 9 quebrou na volta 6 - 675.12 segundos
Ciclista 13 quebrou na volta 12 - 1275.24 segundos
Ciclista 14 quebrou na volta 78 - 7575.24 segundos
Ciclista 15 quebrou na volta 30 - 2925.24 segundos
Ciclista 16 quebrou na volta 12 - 1275.36 segundos
Ciclista 17 quebrou na volta 12 - 1125.36 segundos
Ciclista 24 quebrou na volta 12 - 1125.48 segundos
Ciclista 25 quebrou na volta 24 - 2400.48 segundos
Ciclista 29 quebrou na volta 18 - 1800.60 segundos
Ciclista 30 quebrou na volta 24 - 2400.60 segundos
Ciclista 34 quebrou na volta 6 - 750.72 segundos
Ciclista 35 quebrou na volta 18 - 1950.72 segundos
Ciclista 36 quebrou na volta 12 - 1275.84 segundos
Ciclista 39 quebrou na volta 12 - 1200.84 segundos
Ciclista 41 quebrou na volta 6 - 600.96 segundos
Ciclista 44 quebrou na volta 90 - 8775.96 segundos
Ciclista 46 quebrou na volta 72 - 7201.08 segundos
Ciclista 47 quebrou na volta 24 - 2551.08 segundos
Ciclista 48 quebrou na volta 48 - 4951.08 segundos
Ciclista 49 quebrou na volta 36 - 3526.08 segundos
Ciclista 50 quebrou na volta 30 - 3001.08 segundos
Ciclista 52 quebrou na volta 12 - 1351.20 segundos
Ciclista 54 quebrou na volta 42 - 4126.20 segundos
Ciclista 55 quebrou na volta 48 - 4801.20 segundos
Ciclista 56 quebrou na volta 12 - 1126.32 segundos
Ciclista 57 quebrou na volta 30 - 3001.32 segundos
Ciclista 59 quebrou na volta 54 - 5476.32 segundos
Ciclista 60 quebrou na volta 60 - 5926.32 segundos
Ciclista 65 quebrou na volta 12 - 1351.44 segundos
Ciclista 67 quebrou na volta 42 - 3826.56 segundos
Ciclista 71 quebrou na volta 6 - 526.68 segundos
Ciclista 75 quebrou na volta 6 - 751.68 segundos
Ciclista 78 quebrou na volta 42 - 4351.80 segundos
Ciclista 79 quebrou na volta 6 - 601.80 segundos
Ciclista 80 quebrou na volta 18 - 1726.80 segundos
Ciclista 81 quebrou na volta 48 - 4876.92 segundos
Ciclista 83 quebrou na volta 12 - 1351.92 segundos
Ciclista 87 quebrou na volta 6 - 527.04 segundos
Ciclista 91 quebrou na volta 12 - 1202.16 segundos
Ciclista 92 quebrou na volta 24 - 2252.16 segundos
Ciclista 95 quebrou na volta 36 - 3302.16 segundos
Ciclista 96 quebrou na volta 30 - 2927.28 segundos
Ciclista 97 quebrou na volta 18 - 1877.28 segundos
