Volta 1: 3 4 1 2 5 9 10 6 8 7 14 13 15 12 11 19 16 20 18 17 24 23 21 22 25 26 30 29 27 28 32 34 31 33 35 37 38 39 40 36 43 42 45 44 41 50 47 48 49 46
Volta 2: 2 5 3 4 10 9 7 8 14 11 13 15 20 19 17 16 25 24 21 23 22 26 30 29 28 33 34 32 31 35 39 38 41 42 49 46 47 50 1 6 12 18 27 37 40 36 45 44 43 48
Volta 3: 2 5 10 7 8 14 19 17 20 21 22 23 28 26 30 34 31 39 42 46 49 50 4 3 1 6 9 12 15 11 13 16 18 24 25 29 27 32 35 33 36 40 37 38 43 41 45 44 47
Volta 4: 2 5 10 7 14 20 17 21 22 30 31 39 46 49 50 3 4 9 8 6 15 13 11 19 16 24 23 25 26 28 29 34 35 33 32 38 40 37 42 44 45 41 43 1 12 18 27 36 47
Volta 5: 5 2 10 14 22 21 30 31 39 49 46 4 3 7 8 9 11 13 19 20 17 23 25 29 28 35 34 32 33 37 40 41 42 45 50 1 6 15 12 16 18 24 27 26 38 36 43 44
Volta 6: 2 5 22 30 31 39 46 3 4 10 7 14 13 11 17 29 28 32 34 40 41 42 49 50 6 8 9 12 15 16 19 23 25 24 26 27 35 33 37 36 38 43 45 44 1 18
Volta 7: 2 31 46 3 5 4 10 11 13 17 22 30 29 32 34 39 49 50 9 7 15 14 19 16 25 23 28 27 33 35 40 44 41 43 42 45 1 8 6 12 24 26 36 37 38
Volta 8: 2 3 5 4 13 30 29 32 31 39 46 50 49 7 10 14 11 17 25 22 28 34 35 33 40 44 42 45 43 1 6 9 8 15 12 19 16 23 24 27 26 37 36 38 41
Volta 9: 2 4 5 3 29 30 32 31 39 49 46 10 7 13 17 22 25 34 35 40 44 42 43 50 9 14 15 11 16 19 23 27 26 28 33 37 38 45 1 6 8 12 24 36
Volta 10: 5 2 4 3 29 46 7 10 13 22 30 34 32 31 39 40 44 43 42 49 50 9 14 11 17 23 25 26 27 33 35 38 45 1 8 15 12 16 19 24 28 36 37 6
Volta 11: 3 2 4 5 46 7 13 22 29 34 31 32 39 40 42 43 49 10 9 14 17 23 25 27 30 35 45 44 50 1 8 11 15 16 19 24 26 33 38 37 12 28 36
Volta 12: 2 4 5 22 29 40 43 42 49 10 7 14 13 23 30 27 35 31 34 32 39 45 44 50 1 9 19 17 24 26 33 38 8 12 16 28 36 37
Volta 13: 5 4 2 22 40 43 49 10 23 29 27 34 32 42 44 45 50 9 7 13 14 17 30 26 31 35 33 38 39 1 8 12 16 19 24 28 36
Volta 14: 4 5 2 22 40 49 23 29 32 44 43 42 10 7 17 27 35 34 31 39 45 50 1 8 9 13 14 19 16 24 30 26 33 38 36 12 28
Volta 15: 5 4 2 22 23 29 40 44 42 49 10 17 27 31 32 34 35 39 43 50 9 7 13 14 16 19 26 33 38 36 45 1 8 12 24 30
Volta 16: 2 22 5 4 29 40 44 49 17 23 31 32 35 34 39 43 42 50 10 7 13 19 16 27 33 38 45 1 8 9 12 14 24 26 30 36
Volta 17: 2 4 5 22 40 44 17 23 29 32 31 39 42 49 50 7 10 13 16 19 27 33 35 34 43 45 1 9 8 12 24 26 38 14 30
Volta 18: 4 2 22 40 5 23 29 39 50 10 7 13 16 17 19 34 32 31 35 33 42 43 49 24 27 26 38 45 1 8 9 12 30 14
Volta 19: 4 22 40 2 5 13 17 16 19 23 29 34 35 39 43 42 50 7 10 24 27 26 33 31 32 38 45 49 1 9 12 8 30
Volta 20: 4 22 40 5 2 19 23 29 35 34 39 50 7 10 13 16 17 24 33 32 31 42 43 45 49 1 9 26 27 38 8 12 30
Volta 21: 22 40 2 4 5 19 39 50 7 10 13 17 23 29 33 35 32 34 42 49 1 16 24 27 26 31 43 45 9 12 38 8
Volta 22: 4 2 22 40 5 39 7 13 19 23 29 35 33 49 50 10 17 16 24 27 26 34 32 31 42 43 45 1 12 9 8 38
Volta 23: 2 4 22 5 40 39 13 19 33 50 10 7 16 17 23 26 29 34 35 32 31 45 43 42 49 1 12 24 27 8 9
Volta 24: 4 2 5 22 40 19 33 39 50 13 17 16 29 34 35 31 32 42 45 49 1 10 24 23 26 27 43 8 9 12
Volta 25: 4 5 2 22 40 39 13 16 19 29 33 34 42 49 50 1 10 17 23 27 26 31 32 35 43 45 9 24 8
Volta 26: 4 5 2 40 16 19 22 29 33 34 39 50 49 10 13 17 35 32 43 42 45 1 23 24 27 26 31 9 8
Volta 27: 4 5 2 40 19 29 39 49 50 13 17 16 22 33 35 34 32 43 42 1 10 23 24 27 31 45 9 26
Volta 28: 4 5 40 2 19 39 50 13 16 22 29 35 32 34 33 42 49 10 17 24 27 31 43 45 1 9 23 26
Volta 29: 4 40 2 5 19 39 50 13 22 35 32 42 49 16 29 33 34 45 43 1 10 9 17 24 23 27 31
Volta 30: 4 39 40 50 5 2 13 22 32 35 42 49 16 29 34 33 1 9 10 17 24 27 31 43 23
Volta 31: 4 2 35 40 39 42 50 49 5 13 16 22 29 32 34 10 17 24 27 33 31 43 1 9
Volta 32: 4 35 39 40 42 50 49 2 5 22 29 34 32 10 13 16 17 1 24 27 31 33 43 9
Volta 33: 4 35 40 39 50 2 34 42 49 5 10 13 16 22 29 32 1 17 27 33 31 43 24
Volta 34: 4 35 39 2 34 40 42 50 5 10 16 22 29 32 49 1 13 17 27 33 24 31 43
Volta 35: 4 39 2 35 40 50 10 16 29 34 42 1 5 13 17 22 27 32 33 49 24 31
Volta 36: 4 39 35 2 10 29 40 42 50 5 16 17 27 33 34 32 1 13 22 24 31 49
Volta 37: 4 35 39 2 10 42 5 16 17 27 29 33 32 40 50 1 13 22 31 34 24
Volta 38: 4 35 39 10 42 2 16 17 29 33 32 40 50 5 1 22 27 34 31 13 24
Volta 39: 4 35 39 42 2 10 17 16 29 32 33 40 1 27 31 50 5 13 22 34
Volta 40: 39 4 35 42 2 10 17 29 32 40 1 16 27 31 33 50 5 22 34 13
Volta 41: 39 4 35 42 10 17 32 40 2 16 29 31 50 1 22 27 33 34 5
Volta 42: 39 35 42 4 17 32 40 2 10 29 22 27 31 34 33 50 1 5
Volta 43: 39 4 17 32 35 42 10 40 2 22 29 33 34 31 50 1 27
Volta 44: 39 4 35 42 17 32 40 2 10 22 34 33 31 50 1 27 29
Volta 45: 39 4 35 42 17 32 40 2 10 31 50 22 33 34 1 27
Volta 46: 39 35 42 4 17 2 32 40 50 10 34 31 33 22 1 27
Volta 47: 39 4 35 42 17 32 40 50 2 10 33 31 34 22 1
Volta 48: 39 4 35 42 32 50 2 10 34 31 33 40 22 1
Volta 49: 39 4 35 32 42 50 2 34 10 31 33 40 22
Volta 50: 39 4 35 42 50 32 34 2 10 33 31 40 22
Volta 51: 39 4 32 34 35 42 50 10 33 31 40 2
Volta 52: 39 4 32 34 35 42 50 10 31 2 33 40
Volta 53: 39 4 32 42 34 31 35 50 10 2 33
Volta 54: 39 4 32 42 35 34 50 10 31 2 33
Volta 55: 39 4 32 34 35 42 50 10 31 2
Volta 56: 39 4 35 34 32 42 50 10 31 2
Volta 57: 39 4 34 42 35 32 50 10 31
Volta 58: 39 4 34 35 32 42 10 50 31
Volta 59: 39 4 32 34 35 42 10 50
Volta 60: 39 4 42 10 35 32 34 50
Volta 61: 39 4 10 32 34 42 35
Volta 62: 39 4 10 32 34 35 42
Volta 63: 39 4 10 32 34 35
Volta 64: 39 4 10 32 34 35
Volta 65: 39 4 10 32 34
Volta 66: 4 10 32 34
Volta 67: 4 10 32
Volta 68: 4 10 32
Volta 69: 4 10
Volta 70: 10 4

Ranqueamento Final:
1: Ciclista 4 - 6825.06 segundos
2: Ciclista 10 - 6750.18 segundos
3: Ciclista 32 - 6675.78 segundos
4: Ciclista 34 - 6450.78 segundos
5: Ciclista 35 - 6300.78 segundos
6: Ciclista 42 - 6076.02 segundos
7: Ciclista 50 - 5851.14 segundos
8: Ciclista 31 - 5775.78 segundos
9: Ciclista 2 - 5625.06 segundos
10: Ciclista 33 - 5400.78 segundos
11: Ciclista 40 - 5175.90 segundos
12: Ciclista 22 - 5025.54 segundos
13: Ciclista 1 - 4875.06 segundos
14: Ciclista 27 - 4725.66 segundos
15: Ciclista 29 - 4425.66 segundos
16: Ciclista 5 - 4275.06 segundos
17: Ciclista 13 - 4125.30 segundos
18: Ciclista 24 - 3975.54 segundos
19: Ciclista 49 - 3676.14 segundos
20: Ciclista 43 - 3526.02 segundos
21: Ciclista 9 - 3375.18 segundos
22: Ciclista 23 - 3150.54 segundos
23: Ciclista 26 - 2925.66 segundos
24: Ciclista 8 - 2775.18 segundos
25: Ciclista 12 - 2550.30 segundos
26: Ciclista 38 - 2400.90 segundos
27: Ciclista 30 - 2175.66 segundos
28: Ciclista 14 - 2025.30 segundos
29: Ciclista 36 - 1725.90 segundos
30: Ciclista 28 - 1575.66 segundos
31: Ciclista 37 - 1350.90 segundos
32: Ciclista 6 - 1200.18 segundos
33: Ciclista 41 - 901.02 segundos
34: Ciclista 18 - 750.42 segundos
35: Ciclista 47 - 526.14 segundos
36: Ciclista 48 - 301.14 segundos

Ciclista 3 quebrou na volta 12 - 1125.00 segundos
Ciclista 7 quebrou na volta 24 - 2475.12 segundos
Ciclista 11 quebrou na volta 12 - 1275.24 segundos
Ciclista 15 quebrou na volta 12 - 1275.24 segundos
Ciclista 16 quebrou na volta 42 - 4200.36 segundos
Ciclista 17 quebrou na volta 48 - 4650.36 segundos
Ciclista 19 quebrou na volta 30 - 2850.36 segundos
Ciclista 20 quebrou na volta 6 - 600.36 segundos
Ciclista 21 quebrou na volta 6 - 525.48 segundos
Ciclista 25 quebrou na volta 12 - 1275.48 segundos
Ciclista 39 quebrou na volta 66 - 6075.84 segundos
Ciclista 44 quebrou na volta 18 - 1725.96 segundos
Ciclista 45 quebrou na volta 30 - 3000.96 segundos
Ciclista 46 quebrou na volta 12 - 1051.08 segundos
