Volta 1: 2 5 3 1 4 6 9 10 7 8 11 13 14 12 15 18 17 19 20 16 22 24 21 23 25 30 29 28 27 26 33 32 35 34 31 39 40 36 37 38 42 44 41 45 43 48 46 49 47 50 54 55 53 51 52 59 58 56 60 57 63 64 61 65 62 67 68 70 69 66 71 73 72 75 74 79 76 78 80 77 83 84 85 82 81 87 89 86 88 90 95 91 92 93 94 100 98 99 96 97
Volta 2: 3 4 6 7 10 9 13 12 19 20 18 23 24 25 22 27 26 28 30 29 31 32 34 37 40 39 36 42 43 45 44 49 47 50 48 53 54 52 51 55 59 60 57 56 65 63 64 61 62 68 66 69 67 73 72 71 74 75 76 78 77 80 79 83 85 81 82 87 90 88 89 86 92 91 93 97 100 98 99 96 2 1 5 8 11 14 15 16 17 21 33 35 38 41 46 58 70 84 95 94
Volta 3: 3 6 7 10 13 19 23 22 24 25 26 28 31 34 37 39 36 40 42 43 49 50 53 52 59 60 57 62 65 61 64 67 66 73 72 71 75 74 76 79 78 80 83 82 87 90 86 88 91 93 92 97 1 4 8 9 12 11 14 15 20 16 18 21 27 29 30 32 35 38 45 41 44 46 47 48 54 51 55 56 58 63 70 68 69 77 84 81 85 89 95 99 100 96 98 5 2 17 33
Volta 4: 7 13 19 23 24 25 22 26 28 31 34 37 36 40 43 49 50 53 52 60 59 57 65 64 62 61 67 66 73 71 75 79 80 76 78 82 88 90 86 91 92 93 3 4 1 9 6 8 10 14 15 12 20 27 29 30 32 39 42 44 41 45 48 47 51 55 56 58 63 69 68 70 74 72 85 81 83 87 89 95 100 97 99 96 2 11 17 16 18 21 35 33 38 46 54 77 84 98 5
Volta 5: 7 13 22 25 28 26 31 36 40 43 50 53 57 59 60 61 62 64 67 73 78 82 88 92 91 3 1 6 10 14 15 19 23 24 27 34 37 45 41 49 52 58 56 65 69 66 68 70 74 71 72 75 80 76 79 83 81 86 89 87 90 95 93 96 4 9 8 12 11 17 20 18 16 29 30 35 32 39 38 42 44 48 46 47 54 51 55 63 77 84 85 98 99 100 97 2 21 33
Volta 6: 7 13 25 22 28 40 43 50 59 57 60 62 64 67 73 82 88 3 6 19 23 24 27 26 34 31 36 41 45 49 52 53 58 56 65 61 69 71 74 75 72 76 78 79 81 83 89 87 90 95 93 92 1 4 8 10 15 14 11 18 20 30 29 32 35 38 39 37 42 44 47 48 55 51 54 63 68 70 66 80 77 84 85 86 97 99 96 100 9 12 17 16 21 33 46 98 2
Volta 7: 7 22 28 43 59 60 57 62 73 82 6 13 19 23 25 26 27 31 34 40 41 45 49 50 53 56 65 64 67 71 75 79 76 81 87 90 88 93 95 92 1 4 3 8 11 14 20 18 24 30 32 35 36 48 52 55 54 58 61 63 68 69 70 72 74 80 77 78 83 85 84 86 89 99 97 10 9 12 15 17 16 21 29 37 39 38 44 42 46 47 51 66 96 100 98 33
Volta 8: 22 60 57 59 73 82 7 6 19 25 27 28 31 43 45 49 53 56 62 67 75 79 76 90 88 87 92 95 93 4 3 8 13 14 11 18 24 23 26 30 35 32 34 40 36 41 50 48 55 52 54 58 65 61 64 69 72 71 77 78 81 83 86 89 1 9 10 15 12 17 20 21 29 38 37 39 44 42 47 51 63 68 70 66 74 80 85 84 99 97 100 96 98 16 33 46
Volta 9: 57 7 22 27 28 45 49 53 59 60 56 62 67 73 76 82 87 90 88 95 93 4 3 6 13 11 18 19 25 23 30 32 31 34 36 41 43 50 48 52 55 54 65 64 71 75 78 79 81 89 92 1 8 10 9 14 20 21 24 26 29 35 38 40 42 47 51 58 63 61 70 69 72 74 77 80 84 83 86 100 99 97 98 96 15 12 17 16 33 37 39 44 66 68 85
Volta 10: 7 28 49 57 59 56 60 73 76 82 88 87 90 95 93 4 6 13 19 18 23 22 25 27 30 32 31 36 45 41 50 48 53 55 62 67 71 75 79 89 92 1 3 8 9 10 14 11 24 21 26 34 35 40 43 42 47 54 52 58 64 63 65 69 72 74 80 78 77 84 81 83 86 96 98 100 97 12 15 17 20 29 33 38 37 39 44 51 61 66 70 85 99 16 68
Volta 11: 7 28 49 57 56 59 73 76 87 90 95 93 4 25 22 23 27 36 45 48 55 53 60 67 82 88 1 3 9 10 6 11 14 13 18 19 21 26 30 32 31 35 40 42 43 41 50 54 65 63 62 64 75 72 74 71 80 78 77 79 83 81 89 92 98 8 15 20 24 33 34 37 38 39 44 47 51 52 58 69 85 84 86 99 96 97 100 12 17 16 29 61 66 70
Volta 12: 7 56 73 93 4 22 25 23 28 27 45 48 53 59 60 57 67 76 82 88 87 90 95 6 9 14 13 18 21 30 31 32 35 36 40 43 50 54 55 65 75 71 78 79 77 81 83 89 92 98 1 3 8 10 15 11 19 26 34 33 39 44 41 42 47 52 51 58 64 63 62 69 72 84 86 99 12 17 20 24 29 38 61 70 85 97 96 16 66
Volta 13: 7 56 93 4 23 22 28 48 53 57 59 67 73 76 82 87 90 95 9 13 18 21 25 30 27 35 40 36 45 54 55 60 75 71 77 83 88 92 98 1 3 10 6 14 15 19 26 31 33 32 41 43 50 52 51 65 62 64 63 72 79 78 84 81 89 86 8 11 20 24 34 39 38 44 42 47 58 61 70 69 99 96 12 17 16 29 85 97
Volta 14: 7 22 23 53 57 56 59 76 82 90 87 95 93 4 9 13 18 25 21 28 27 35 36 40 45 48 54 55 60 67 73 75 77 83 88 92 98 3 6 15 14 26 30 31 32 33 41 50 65 63 64 62 71 72 79 81 89 1 8 10 11 20 19 24 34 38 43 44 42 51 52 58 61 69 78 84 86 99 12 16 17 29 39 47 70 85 97 96
Volta 15: 7 22 23 53 59 56 57 76 82 87 90 95 93 4 13 18 25 21 27 35 40 45 48 54 55 60 67 75 73 83 88 92 98 3 9 15 14 28 26 30 32 36 65 64 62 71 72 77 81 89 1 10 6 20 19 24 33 34 31 38 43 44 41 42 50 51 52 63 61 79 78 86 99 8 12 11 39 58 69 85 84 16 17 29 47 70 97
Volta 16: 22 23 57 76 95 7 13 18 27 45 54 53 60 56 59 67 75 82 83 90 87 88 93 92 4 9 14 15 21 25 28 35 32 40 48 55 65 62 64 73 71 81 89 98 1 3 10 6 20 26 30 31 33 34 36 43 41 50 52 72 78 79 77 99 8 11 19 24 38 39 44 42 51 61 63 69 85 84 86 12 16 58 70 97 17 29 47
Volta 17: 23 95 7 13 22 27 45 59 56 60 57 67 76 83 82 90 88 87 93 4 14 15 18 21 25 28 35 40 48 53 55 54 64 73 75 81 89 92 98 3 1 9 20 30 26 33 32 31 36 43 41 50 65 62 72 71 78 79 77 99 6 10 8 11 19 24 34 38 44 51 52 63 61 69 85 84 86 12 16 39 42 58 70 97 17 29
Volta 18: 23 95 22 27 45 60 57 56 67 83 87 93 4 7 13 14 18 25 28 35 40 48 54 55 53 59 64 75 73 81 82 90 88 92 98 3 9 15 20 21 26 33 32 31 41 43 50 62 65 72 71 89 99 1 10 6 11 24 34 36 38 52 61 63 69 77 79 78 8 12 16 19 39 44 42 51 58 70 85 86 97 17 29
Volta 19: 23 95 27 45 56 67 83 87 93 7 13 18 22 28 40 53 60 57 64 75 82 90 88 92 98 4 3 9 15 14 25 21 26 32 35 43 41 48 54 55 59 73 81 89 1 10 6 11 20 24 31 33 36 50 62 65 61 69 72 71 77 79 99 8 12 19 34 38 39 52 58 63 70 78 16 44 42 51 85 86 97 17
Volta 20: 95 23 45 56 67 83 87 93 7 13 22 27 40 57 64 75 82 90 88 92 98 3 14 15 18 25 21 28 26 35 32 43 41 48 53 60 73 81 89 4 10 9 20 31 33 50 54 55 59 62 61 69 72 79 99 1 6 12 11 24 34 38 36 52 58 65 63 70 71 77 78 8 19 16 39 44 85 86 17 42 51 97
Volta 21: 23 56 83 87 93 95 27 40 45 57 64 67 75 82 88 92 98 3 7 13 15 18 22 28 26 35 43 53 60 81 90 89 4 10 9 14 25 21 33 32 41 48 50 54 55 59 62 69 72 73 79 6 12 11 20 24 34 31 52 58 63 61 70 71 77 99 1 19 16 36 38 39 44 65 78 85 8 17 42 51 86
Volta 22: 23 87 95 27 40 45 57 56 64 67 83 93 98 13 15 18 22 26 28 43 60 75 82 81 89 88 90 92 3 4 7 9 10 14 25 21 32 33 35 41 50 48 53 54 62 69 73 72 12 11 31 52 55 59 58 61 70 79 77 99 6 20 24 34 39 38 44 63 65 71 85 1 8 16 19 36 42 78 86 17 51
Volta 23: 23 87 40 45 57 83 95 93 98 15 22 27 28 26 43 56 60 64 67 75 81 89 88 90 92 3 4 7 14 13 18 25 21 32 41 50 53 62 72 73 82 9 10 12 11 35 33 48 54 52 55 59 58 61 69 70 79 20 24 31 34 39 44 63 65 71 77 85 99 6 16 38 36 42 78 1 8 19 17 86
Volta 24: 23 40 57 87 95 98 15 27 26 45 56 60 64 67 83 90 89 92 93 4 3 7 14 13 18 21 25 22 28 32 43 41 62 75 73 81 88 10 9 12 33 35 50 48 53 55 52 54 59 58 61 69 70 72 79 82 11 20 24 34 31 65 77 16 38 39 44 42 71 78 85 99 1 8 19 17 36 86
Volta 25: 23 40 87 15 26 45 57 60 64 83 89 90 92 95 93 98 7 14 13 18 21 27 28 43 41 56 62 67 75 81 88 4 3 9 10 12 25 22 32 33 50 48 53 52 58 61 70 73 72 79 82 11 20 35 55 54 59 65 69 77 24 34 31 42 44 71 78 85 8 16 17 38 39 99 1 19 36
Volta 26: 23 26 40 45 60 57 64 83 87 93 92 98 7 15 14 13 18 21 27 28 56 67 75 81 90 88 89 95 3 4 9 25 22 32 43 41 50 48 52 61 62 70 72 73 82 10 12 33 35 54 53 59 58 65 79 77 11 20 24 31 34 42 55 69 71 78 85 8 16 39 38 44 99 1 19 17 36
Volta 27: 23 26 40 57 60 64 83 87 93 7 15 14 18 27 45 75 81 89 88 90 92 95 98 4 3 13 25 21 22 28 32 43 41 52 56 62 67 73 82 9 10 33 35 48 50 53 59 58 65 61 70 72 77 79 12 20 24 31 55 54 69 85 11 16 34 39 38 44 42 71 78 8 17 19 99 1
Volta 28: 23 26 40 60 64 93 14 15 27 45 57 75 83 81 90 87 95 92 3 4 7 13 18 25 22 21 28 43 41 52 56 62 67 82 88 89 98 9 10 32 35 48 50 58 61 65 70 72 73 79 77 12 24 31 33 53 55 59 85 11 20 16 34 38 39 44 42 54 69 71 17 19 78 99 1 8
Volta 29: 23 40 60 93 14 26 27 57 64 75 83 87 90 4 7 15 13 18 21 25 22 43 45 62 81 89 88 95 92 98 3 10 9 28 32 41 50 48 52 58 56 65 67 72 73 82 12 24 35 33 31 53 59 61 70 77 79 85 11 20 34 39 38 42 44 55 69 71 16 17 19 54 78 1 99
Volta 30: 23 93 27 26 40 57 60 64 75 83 87 90 13 14 18 22 21 45 43 81 89 95 92 3 4 7 9 25 28 32 52 56 58 62 65 67 72 73 82 88 98 10 24 35 33 31 48 61 70 77 79 11 12 55 53 59 69 71 85 20 17 34 39 38 42 44 19 16 54 78 1 99
Volta 31: 23 26 40 57 64 87 90 93 14 18 21 27 43 60 75 83 81 89 92 3 4 9 7 13 22 32 45 52 58 65 62 67 72 82 88 95 98 10 25 28 48 56 70 73 79 77 12 11 24 33 31 35 53 55 59 61 69 20 34 38 39 42 44 71 85 19 16 17 54 78 1
Volta 32: 40 87 90 93 14 23 21 27 26 60 57 64 75 81 83 89 7 9 13 18 43 45 52 67 72 82 88 95 92 4 3 10 25 22 28 32 58 56 62 65 73 77 98 12 24 35 31 33 48 55 53 59 61 70 79 11 20 42 44 69 71 16 17 34 39 38 85 19 54 78 1
Volta 33: 40 87 93 14 23 27 26 57 64 75 83 81 90 89 7 9 21 45 52 60 67 82 88 92 4 3 10 13 18 25 22 32 43 56 62 73 72 77 95 98 12 28 33 53 58 61 65 70 79 11 20 24 31 35 48 55 59 69 16 17 39 38 42 44 71 85 19 34 54 78
Volta 34: 40 93 14 64 81 90 87 7 21 23 27 26 45 60 57 67 75 83 89 88 92 4 9 13 18 25 43 52 62 72 82 95 98 3 10 12 22 28 32 33 53 56 58 61 65 73 77 79 20 24 31 35 48 70 69 11 17 38 39 44 42 55 59 71 85 16 19 34 54 78
Volta 35: 40 64 81 87 90 93 7 14 26 27 57 75 89 92 4 13 25 21 23 45 60 67 83 82 88 95 10 9 12 18 22 28 32 43 52 56 61 65 62 73 72 79 77 98 3 24 35 31 33 53 58 69 11 20 17 39 42 48 55 59 70 71 85 16 34 38 44 19 54
Volta 36: 40 64 81 87 14 27 57 75 89 90 93 92 4 7 23 26 45 67 83 82 95 10 13 12 21 25 28 32 43 56 60 62 61 72 73 88 98 18 22 33 31 35 52 53 58 65 69 77 79 3 11 20 24 39 42 48 55 59 71 85 16 17 34 38 70 19 44 54
Volta 37: 40 64 81 14 75 89 90 87 93 7 27 57 67 83 95 92 4 10 13 21 23 25 28 26 32 45 43 62 72 82 88 98 12 18 22 35 33 53 52 60 56 58 65 61 69 73 79 77 20 31 39 48 55 59 71 85 3 11 17 24 34 42 70 16 19 38 44
Volta 38: 40 81 64 75 87 93 14 27 57 89 90 92 4 7 23 25 26 28 43 62 67 83 82 88 95 10 13 12 21 32 45 52 53 56 60 58 61 65 69 72 73 98 18 22 35 33 55 71 77 79 85 3 11 17 20 34 31 39 42 48 59 70 16 24 38 44 19
Volta 39: 81 40 75 93 14 27 64 90 89 87 92 4 7 25 43 57 67 83 82 88 95 10 13 21 23 26 28 32 45 52 56 60 65 62 61 72 98 12 18 22 33 35 53 58 69 73 71 79 85 17 31 34 39 48 55 59 77 3 11 20 24 38 44 42 70 16
Volta 40: 40 81 93 27 75 89 87 92 4 14 25 57 64 82 83 88 90 95 7 13 23 21 26 28 32 43 45 52 56 60 65 62 67 72 98 10 12 22 35 53 61 79 18 31 34 33 39 48 55 59 58 69 73 71 77 85 11 20 17 24 38 42 3 16 44 70
Volta 41: 81 93 27 40 75 87 89 14 25 57 83 82 90 88 92 4 7 13 21 23 26 28 43 45 56 60 65 62 64 95 10 12 22 32 35 53 52 61 67 72 79 98 33 39 48 58 69 71 73 85 11 18 17 20 24 31 34 38 42 55 59 77 3 44 16
Volta 42: 81 40 89 93 14 27 75 82 90 88 87 92 4 13 25 23 21 45 43 57 64 83 95 10 12 28 26 32 52 53 56 60 61 62 67 72 79 98 35 39 48 69 73 71 20 17 18 31 34 38 42 55 58 77 85 3 11 24 59 44 16
Volta 43: 81 89 93 27 40 75 87 4 14 13 21 23 25 45 57 83 82 88 90 95 92 10 12 26 28 43 53 60 56 62 64 67 72 79 98 32 52 61 69 71 73 18 20 31 35 34 39 48 55 58 77 85 3 11 17 24 38 42 59 44
Volta 44: 81 89 93 27 40 4 14 13 23 25 57 75 83 82 88 87 92 95 21 26 43 45 64 67 72 79 90 98 10 12 28 32 53 60 56 61 62 69 71 20 35 31 39 55 52 73 85 3 11 18 24 34 42 48 58 77 17 38 59 44
Volta 45: 81 27 40 89 93 4 13 14 75 83 88 87 92 95 23 25 21 26 45 43 57 64 67 72 82 90 98 28 32 53 60 56 71 79 10 12 31 39 52 61 62 69 73 3 11 18 20 24 34 35 55 58 77 85 17 38 42 48 59
Volta 46: 81 89 93 4 14 13 27 40 75 87 88 92 95 23 21 45 57 64 72 82 83 98 25 28 26 32 43 56 67 71 79 90 10 12 31 52 53 60 61 62 69 73 3 11 18 20 35 39 55 77 85 24 34 42 58 17 38 48 59
Volta 47: 81 89 4 13 27 40 75 87 93 95 14 21 45 64 72 83 88 92 98 23 26 28 43 56 57 67 79 82 90 10 12 25 32 53 60 62 69 73 71 18 31 39 55 52 61 77 3 11 20 24 35 34 42 58 85 17 48 38
Volta 48: 81 89 4 27 40 87 93 95 14 13 21 45 64 75 83 88 92 98 23 28 57 56 72 79 82 90 10 26 32 43 53 60 67 71 12 25 52 61 62 69 73 77 3 11 20 18 35 34 42 55 24 58 85 17 48 38
Volta 49: 81 89 4 14 27 40 45 64 75 83 87 88 93 95 92 98 13 23 21 28 72 79 82 90 10 26 32 43 53 56 57 60 12 62 61 67 69 71 77 3 11 18 25 35 34 55 52 73 20 24 42 85 48 58 17
Volta 50: 89 4 81 14 27 40 75 83 87 88 92 98 13 23 21 28 45 64 72 82 90 95 93 10 32 43 56 57 79 26 53 60 62 69 71 3 12 11 25 52 55 61 67 73 77 20 18 24 34 35 42 85 48 58 17
Volta 51: 89 4 81 75 87 88 98 14 13 21 23 27 28 40 45 64 72 83 90 95 92 93 32 56 82 10 26 43 53 57 69 71 79 3 12 25 60 61 62 67 77 11 20 18 34 35 52 55 73 24 42 48 58 85
Volta 52: 81 89 4 87 88 98 13 14 23 27 64 75 72 83 90 92 95 93 21 28 32 40 45 56 82 10 43 57 69 71 12 26 53 60 61 62 67 79 3 11 18 20 25 34 55 52 73 77 24 35 42 48 85 58
Volta 53: 4 81 88 89 87 23 75 72 83 90 93 98 14 13 21 27 28 40 64 82 95 92 32 45 56 57 71 10 12 43 53 60 62 61 69 67 3 11 20 25 26 52 55 77 79 18 24 35 34 73 85 42 48
Volta 54: 4 81 88 23 72 75 83 89 87 90 93 98 14 13 28 27 64 82 92 95 21 32 40 45 56 57 71 10 12 43 69 67 3 11 25 26 53 60 61 20 34 55 52 73 79 77 85 18 24 35 48 42
Volta 55: 88 4 75 81 90 89 98 23 27 28 64 72 83 87 92 93 95 13 14 21 32 57 71 82 12 40 45 56 69 3 10 11 25 43 53 60 61 67 20 26 52 73 77 85 24 35 34 48 55 79 18
Volta 56: 88 4 75 81 90 98 27 28 64 72 83 87 89 92 13 14 21 23 82 95 93 12 32 40 45 57 56 69 71 3 10 11 25 67 20 43 53 52 60 61 73 26 34 35 55 79 77 85 18 24 48
Volta 57: 75 90 88 98 4 72 81 83 87 92 13 21 23 28 27 64 82 89 93 12 14 32 40 56 57 71 95 10 11 25 45 69 67 3 20 53 60 61 73 26 34 43 52 55 77 79 85 18 24 35
Volta 58: 75 88 90 81 92 98 4 23 27 28 64 72 83 82 89 87 14 13 12 21 40 56 71 95 93 10 11 32 45 57 69 67 3 25 53 60 61 73 20 34 43 55 77 79 24 26 52 85 18 35
Volta 59: 75 88 90 92 98 4 23 27 64 72 81 83 87 14 12 21 28 40 71 82 89 95 93 10 11 13 45 56 57 67 25 32 53 60 61 69 3 20 34 43 55 73 79 24 52 77 85 18 26
Volta 60: 88 75 98 4 23 27 83 81 90 92 12 14 21 28 40 64 71 72 82 89 87 10 11 45 57 56 67 95 93 13 32 53 60 61 69 3 20 25 34 43 73 79 55 52 77 85 24 26 18
Volta 61: 88 75 4 81 83 90 92 98 23 27 28 40 64 71 72 82 87 11 14 12 21 45 57 67 89 95 93 10 13 32 56 60 61 69 25 43 53 79 3 20 34 73 77 24 26 52 55 85
Volta 62: 75 88 4 83 81 90 92 98 23 27 28 71 82 87 12 11 14 21 40 45 64 67 72 89 93 95 10 13 32 56 57 61 69 43 53 60 79 20 25 34 73 77 3 24 26 52 55 85
Volta 63: 75 88 4 81 90 23 28 83 87 92 98 14 12 21 27 40 45 64 67 71 82 89 93 10 11 13 61 72 95 32 57 56 60 69 79 25 34 43 53 73 3 20 26 77 24 52 55
Volta 64: 75 88 4 81 28 83 90 87 92 23 27 40 71 82 89 93 98 10 14 13 12 21 45 64 67 72 11 32 57 56 60 61 69 79 95 34 43 53 3 20 25 26 73 77 24 52 55
Volta 65: 88 4 75 81 23 28 27 40 71 82 83 89 90 87 93 92 98 13 21 45 64 72 10 12 14 32 56 57 60 61 69 67 79 11 43 95 3 25 26 34 53 73 77 20 24 52
Volta 66: 88 75 23 27 28 83 90 92 98 21 45 71 72 82 93 10 13 32 57 64 67 69 79 14 12 56 61 95 3 11 25 26 34 43 20 24 53 73 52
Volta 67: 88 75 23 27 28 83 45 71 90 93 92 98 10 13 21 64 69 72 82 14 12 32 56 57 61 67 79 95 11 25 26 34 43 3 20 24 53 73
Volta 68: 75 88 23 28 27 45 83 90 93 92 10 13 21 69 71 82 98 12 32 57 61 64 67 72 79 95 14 11 43 56 3 20 24 25 26 34 53 73
Volta 69: 88 75 28 23 27 45 83 93 10 13 21 69 71 82 90 92 98 32 57 61 67 72 79 95 14 12 11 56 64 3 26 34 43 53 20 25 24
Volta 70: 75 88 28 23 10 21 27 45 69 71 83 82 90 93 92 13 57 61 72 95 98 12 32 56 64 67 79 3 11 14 26 43 53 20 25 34 24
Volta 71: 75 88 28 10 21 23 27 45 82 83 90 61 69 71 92 95 93 98 13 32 57 64 67 72 79 11 12 14 43 53 56 3 20 25 26 34
Volta 72: 75 28 88 21 83 82 90 10 23 27 61 69 71 92 13 32 57 64 67 72 79 93 95 98 14 11 3 12 26 34 43 53 56 20 25
Volta 73: 75 88 28 21 82 90 10 23 27 69 71 83 13 32 57 61 67 72 92 95 93 11 64 79 98 3 14 34 43 53 56 12 20 26
Volta 74: 75 88 28 82 10 21 23 27 69 71 83 90 13 32 57 72 93 92 61 64 67 79 95 3 11 14 34 53 56 98 12 43 20 26
Volta 75: 75 88 28 82 21 23 27 69 71 83 90 10 13 32 57 61 72 79 93 95 92 14 11 34 64 67 98 3 12 43 53 56 20
Volta 76: 75 88 28 82 23 69 83 10 21 27 71 90 13 32 57 61 95 93 14 11 67 72 79 92 3 12 34 43 53 56 64 98 20
Volta 77: 75 88 28 23 69 82 83 21 27 71 90 10 13 95 93 14 11 32 57 61 67 72 92 3 12 34 43 64 79 53 56 98
Volta 78: 75 28 88 23 69 83 82 71 10 21 27 90 95 13 32 57 67 72 93 3 11 12 34 61 79 92 43 53 64 98
Volta 79: 75 28 88 23 69 82 83 10 21 27 71 90 95 13 32 57 67 72 3 11 34 61 93 92 12 53 64 79 43
Volta 80: 75 28 88 23 69 82 83 21 71 90 95 10 13 27 32 57 67 72 61 93 3 12 11 34 53 79 92 43 64
Volta 81: 75 28 88 23 69 82 83 95 10 13 21 27 32 67 72 71 90 57 61 34 92 93 3 12 11 53 79 43
Volta 82: 75 28 88 23 69 83 82 10 13 21 27 67 71 72 90 95 32 61 57 93 92 12 11 34 53 79 3 43
Volta 83: 75 28 23 69 88 82 10 21 27 71 83 90 95 13 32 67 72 57 61 93 92 12 34 53 3 11 79
Volta 84: 75 23 28 88 10 21 27 71 83 90 13 32 67 72 95 57 61 92 93 12 34 3 53 79 11
Volta 85: 75 28 88 23 10 21 27 71 32 67 83 90 95 13 57 72 12 34 61 92 93 3 53 79
Volta 86: 75 88 23 28 10 21 27 71 32 90 13 67 83 95 12 57 61 72 93 92 3 34 79 53
Volta 87: 75 88 28 10 21 23 71 27 32 13 67 83 90 95 57 72 92 93 12 34 61 3 79
Volta 88: 75 88 28 10 23 21 71 27 32 90 13 57 67 83 92 95 12 34 61 72 93 3 79
Volta 89: 75 28 88 10 21 71 23 27 13 32 57 67 83 90 92 61 72 95 93 12 34 3
Volta 90: 75 28 88 10 21 71 23 27 32 57 90 92 13 61 72 83 95 93 34 12 3
Volta 91: 75 21 28 88 10 71 23 27 32 57 13 61 72 83 90 93 92 95 34 12
Volta 92: 75 28 88 10 21 71 23 27 32 57 61 83 90 93 92 95 13 34 72 12
Volta 93: 28 75 21 71 88 10 23 27 32 57 61 83 95 92 13 34 72 90 93
Volta 94: 28 75 88 10 21 71 23 27 32 83 92 95 13 57 61 93 34 72 90
Volta 95: 75 21 28 71 88 10 23 27 83 92 95 32 57 61 93 13 34 72
Volta 96: 75 21 28 71 10 27 83 92 95 23 93 13 32 57 61 34 72
Volta 97: 75 71 21 28 10 95 27 83 92 93 23 32 57 13 61 34
Volta 98: 71 75 21 28 95 10 83 93 92 23 27 32 57 61 13 34
Volta 99: 75 71 21 28 95 10 83 92 93 27 23 32 57 61 13
Volta 100: 75 71 21 28 93 95 10 83 92 27 57 61 23 32 13
Volta 101: 75 71 28 21 93 95 10 92 27 83 23 32 57 61
Volta 102: 71 75 95 21 92 10 27 23 32 57 61
Volta 103: 71 75 21 92 95 10 23 27 32 57
Volta 104: 71 75 95 92 21 10 23 27 32 57
Volta 105: 71 75 92 95 21 10 23 27 32
Volta 106: 71 75 95 92 21 32 10 23 27
Volta 107: 71 75 95 92 21 32 23 10
Volta 108: 71 75 95 92 32 21 23 10
Volta 109: 71 75 95 92 23 21 32
Volta 110: 71 75 95 92 32 23 21
Volta 111: 71 75 95 92 32 23
Volta 112: 71 95 75 92 32 23
Volta 113: 71 95 75 92 32
Volta 114: 71 75 95 92 32
Volta 115: 71 75 95 92
Volta 116: 71 95 75 92
Volta 117: 71 75 95
Volta 118: 71 95 75
Volta 119: 71 95
Volta 120: 71 95

Ranqueamento Final:
1: Ciclista 95 - 2312.22 segundos
2: Ciclista 75 - 2281.74 segundos
3: Ciclista 71 - 2266.74 segundos
4: Ciclista 92 - 2252.22 segundos
5: Ciclista 32 - 2250.78 segundos
6: Ciclista 23 - 2220.54 segundos
7: Ciclista 21 - 2175.54 segundos
8: Ciclista 10 - 2145.18 segundos
9: Ciclista 27 - 2100.66 segundos
10: Ciclista 57 - 2056.38 segundos
11: Ciclista 61 - 2011.50 segundos
12: Ciclista 13 - 1995.30 segundos
13: Ciclista 34 - 1965.78 segundos
14: Ciclista 72 - 1906.74 segundos
15: Ciclista 90 - 1862.10 segundos
16: Ciclista 12 - 1830.30 segundos
17: Ciclista 3 - 1815.06 segundos
18: Ciclista 79 - 1771.86 segundos
19: Ciclista 53 - 1726.26 segundos
20: Ciclista 11 - 1695.30 segundos
21: Ciclista 43 - 1651.02 segundos
22: Ciclista 64 - 1606.50 segundos
23: Ciclista 98 - 1562.34 segundos
24: Ciclista 20 - 1545.42 segundos
25: Ciclista 26 - 1500.66 segundos
26: Ciclista 25 - 1455.54 segundos
27: Ciclista 24 - 1425.54 segundos
28: Ciclista 73 - 1366.74 segundos
29: Ciclista 52 - 1351.26 segundos
30: Ciclista 55 - 1321.26 segundos
31: Ciclista 85 - 1276.98 segundos
32: Ciclista 18 - 1245.42 segundos
33: Ciclista 35 - 1200.78 segundos
34: Ciclista 48 - 1156.14 segundos
35: Ciclista 42 - 1126.02 segundos
36: Ciclista 58 - 1081.38 segundos
37: Ciclista 17 - 1065.42 segundos
38: Ciclista 38 - 1020.90 segundos
39: Ciclista 59 - 961.38 segundos
40: Ciclista 44 - 946.02 segundos
41: Ciclista 16 - 900.42 segundos
42: Ciclista 70 - 841.62 segundos
43: Ciclista 19 - 810.42 segundos
44: Ciclista 54 - 766.26 segundos
45: Ciclista 78 - 721.86 segundos
46: Ciclista 1 - 705.06 segundos
47: Ciclista 99 - 662.34 segundos
48: Ciclista 8 - 615.18 segundos
49: Ciclista 36 - 570.90 segundos
50: Ciclista 86 - 527.10 segundos
51: Ciclista 51 - 496.26 segundos
52: Ciclista 97 - 452.34 segundos
53: Ciclista 29 - 420.66 segundos
54: Ciclista 47 - 376.14 segundos
55: Ciclista 96 - 317.34 segundos
56: Ciclista 66 - 286.62 segundos
57: Ciclista 68 - 241.62 segundos
58: Ciclista 46 - 196.14 segundos
59: Ciclista 2 - 165.06 segundos
60: Ciclista 5 - 120.06 segundos
61: Ciclista 94 - 62.22 segundos

Ciclista 4 quebrou na volta 66 - 1230.00 segundos
Ciclista 6 quebrou na volta 24 - 510.12 segundos
Ciclista 7 quebrou na volta 42 - 825.12 segundos
Ciclista 9 quebrou na volta 36 - 705.12 segundos
Ciclista 14 quebrou na volta 78 - 1545.24 segundos
Ciclista 15 quebrou na volta 30 - 570.24 segundos
Ciclista 22 quebrou na volta 42 - 825.48 segundos
Ciclista 28 quebrou na volta 102 - 1950.60 segundos
Ciclista 30 quebrou na volta 18 - 360.60 segundos
Ciclista 31 quebrou na volta 48 - 960.72 segundos
Ciclista 33 quebrou na volta 42 - 855.72 segundos
Ciclista 37 quebrou na volta 12 - 255.84 segundos
Ciclista 39 quebrou na volta 48 - 960.84 segundos
Ciclista 40 quebrou na volta 66 - 1260.84 segundos
Ciclista 41 quebrou na volta 30 - 600.96 segundos
Ciclista 45 quebrou na volta 72 - 1380.96 segundos
Ciclista 49 quebrou na volta 12 - 226.08 segundos
Ciclista 50 quebrou na volta 30 - 586.08 segundos
Ciclista 56 quebrou na volta 78 - 1561.32 segundos
Ciclista 60 quebrou na volta 66 - 1291.32 segundos
Ciclista 62 quebrou na volta 54 - 1081.44 segundos
Ciclista 63 quebrou na volta 24 - 496.44 segundos
Ciclista 65 quebrou na volta 42 - 811.44 segundos
Ciclista 67 quebrou na volta 90 - 1756.56 segundos
Ciclista 69 quebrou na volta 84 - 1591.56 segundos
Ciclista 74 quebrou na volta 12 - 256.68 segundos
Ciclista 76 quebrou na volta 18 - 346.80 segundos
Ciclista 77 quebrou na volta 66 - 1336.80 segundos
Ciclista 80 quebrou na volta 12 - 241.80 segundos
Ciclista 81 quebrou na volta 66 - 1246.92 segundos
Ciclista 82 quebrou na volta 84 - 1606.92 segundos
Ciclista 83 quebrou na volta 102 - 1996.92 segundos
Ciclista 84 quebrou na volta 18 - 376.92 segundos
Ciclista 87 quebrou na volta 66 - 1262.04 segundos
Ciclista 88 quebrou na volta 96 - 1832.04 segundos
Ciclista 89 quebrou na volta 66 - 1277.04 segundos
Ciclista 91 quebrou na volta 6 - 122.16 segundos
Ciclista 93 quebrou na volta 102 - 1967.16 segundos
Ciclista 100 quebrou na volta 12 - 257.28 segundos
