Volta 1: 2 1 5 4 3 6 10 8 9 7 15 13 12 11 14 16 17 20 19 18 22 24 23 25 21 30 26 27 29 28 35 31 33 34 32 38 37 36 40 39 44 42 43 45 41 50 49 48 46 47 53 55 52 54 51 60 59 56 57 58 64 65 63 61 62 69 68 67 70 66 75 73 74 72 71 79 77 80 78 76 84 81 82 83 85 89 86 90 87 88 92 93 95 91 94 96 97 98 100 99
Volta 2: 4 3 2 1 5 7 9 10 11 14 15 13 16 20 17 18 19 24 22 23 21 28 29 30 27 33 34 32 31 38 36 39 43 44 41 45 42 46 47 50 49 48 54 53 52 55 56 58 57 59 64 61 62 65 67 68 70 66 72 71 73 74 77 78 76 80 85 82 86 88 87 90 89 94 93 91 98 99 96 100 6 8 12 25 26 35 40 37 51 60 63 69 75 79 83 81 84 95 92 97
Volta 3: 5 4 1 2 9 14 13 18 16 19 17 22 24 28 27 30 29 32 34 31 36 39 42 43 47 46 55 54 57 58 56 59 64 61 67 66 70 74 73 72 76 88 90 87 89 91 93 99 100 3 7 8 6 10 11 15 12 20 25 21 23 33 37 38 40 41 44 45 49 48 50 51 52 53 60 63 62 65 69 68 71 79 80 78 77 85 82 81 84 83 86 92 94 96 98 26 35 75 95
Volta 4: 1 4 14 16 19 18 22 24 29 28 32 39 42 43 47 57 64 61 66 70 74 90 87 93 5 3 2 10 8 9 12 11 13 15 20 17 23 21 27 30 34 31 33 40 36 37 41 45 49 48 50 46 54 52 51 55 56 58 59 65 62 68 69 67 73 72 77 80 78 76 79 82 84 85 81 88 89 86 94 91 99 98 100 96 7 6 25 26 35 38 44 53 60 63 75 71 83 92 95
Volta 5: 4 14 18 24 22 39 42 57 66 70 87 93 5 1 2 9 13 17 19 16 20 23 21 28 29 27 34 32 36 43 41 45 50 47 49 55 52 54 58 56 61 64 69 68 67 74 73 72 78 80 76 84 86 88 89 90 91 99 98 100 3 6 8 7 10 15 11 12 25 30 26 35 31 33 37 38 40 44 48 46 51 53 60 59 62 65 71 77 79 81 83 82 85 92 94 96 63 75
Volta 6: 4 18 24 22 42 66 70 5 1 9 13 14 17 16 19 27 34 39 43 41 49 52 56 58 64 61 69 76 78 84 86 88 90 87 93 99 2 10 8 7 15 11 12 20 23 21 28 30 29 35 32 37 38 36 45 48 50 47 46 54 55 51 60 59 62 65 68 67 74 73 71 72 79 80 85 83 82 81 89 91 94 100 98 96 3 6 25 26 31 33 40 44 53 63 75 77 92
Volta 7: 4 24 42 14 13 19 16 18 22 27 34 39 41 49 56 58 69 66 70 76 88 87 86 90 93 2 5 1 8 9 12 15 11 17 20 23 21 30 28 29 32 37 36 43 45 47 48 50 51 52 55 54 59 60 64 62 61 67 68 74 73 71 80 78 79 83 84 89 91 99 98 96 100 7 10 26 31 35 40 38 44 46 53 63 65 72 75 77 85 82 81 94 3 6 25 33
Volta 8: 4 42 13 18 19 16 24 27 39 49 58 56 69 76 90 93 1 9 8 11 14 20 17 22 23 28 30 32 34 36 37 41 43 47 52 51 55 59 62 64 61 70 68 67 66 71 78 80 84 83 86 88 87 89 99 100 96 2 5 7 10 15 12 21 26 29 31 35 40 45 44 50 48 54 60 65 73 74 79 82 85 91 94 98 3 6 38 46 53 63 72 75 77 81 25 33
Volta 9: 4 19 24 27 42 49 76 90 93 1 8 9 14 11 13 17 16 20 18 23 28 34 32 36 39 37 43 47 52 51 55 56 58 62 64 61 69 68 66 78 84 83 87 88 89 99 100 96 2 12 15 22 30 31 35 40 41 45 48 54 60 59 67 70 71 79 80 82 86 91 94 3 5 10 7 21 29 26 38 44 50 46 53 63 65 74 75 72 73 77 85 98 6 25 81
Volta 10: 4 27 42 76 93 1 9 11 13 19 18 20 17 16 24 23 28 34 39 36 43 49 55 58 61 69 68 66 78 83 90 100 96 2 8 15 14 30 32 35 40 37 41 47 48 54 52 51 56 60 59 64 62 67 70 71 80 82 84 89 87 88 94 99 7 10 12 21 22 29 26 31 45 44 50 63 74 72 75 79 85 86 91 98 5 3 6 25 38 46 53 65 73 77 81
Volta 11: 4 27 42 76 93 1 9 13 11 17 19 20 24 23 36 49 58 61 69 68 90 100 96 14 18 16 30 28 32 34 37 40 39 41 43 47 48 54 55 52 56 59 64 70 66 71 78 82 84 83 89 2 10 8 7 12 15 21 22 26 31 35 45 44 51 60 63 62 67 75 72 79 80 85 86 88 87 91 94 99 3 5 6 29 38 50 46 53 65 74 77 98 25 73
Volta 12: 4 76 1 9 11 13 19 20 23 27 36 42 49 61 68 93 100 16 28 30 32 37 43 47 48 52 55 56 58 59 64 66 69 78 83 90 96 2 14 15 18 21 34 35 31 39 40 45 41 44 54 51 60 63 70 67 71 72 75 79 84 85 87 88 89 91 94 99 3 10 8 7 12 26 29 46 62 65 80 77 86 98 5 6 25 38 50 53 74 73
Volta 13: 4 76 9 11 13 19 20 23 36 42 61 68 93 1 16 28 27 30 37 48 49 52 58 56 59 69 78 83 90 96 100 14 15 18 21 32 31 34 39 40 44 41 43 45 47 51 55 63 64 66 72 71 75 79 85 87 88 89 94 91 3 2 8 10 7 12 29 26 35 54 60 62 70 67 80 84 86 98 99 5 6 25 46 50 53 65 74 77 38
Volta 14: 76 4 9 11 13 19 23 36 1 16 20 27 28 37 42 49 52 56 59 58 61 68 69 78 83 93 96 100 15 14 30 34 32 31 39 40 43 45 44 48 51 55 64 66 71 72 79 89 90 87 2 8 7 10 12 18 21 26 35 41 47 54 60 62 63 70 67 75 85 84 86 88 91 94 98 99 3 6 25 29 50 65 74 80 5 38 46 53 77
Volta 15: 4 13 19 23 76 9 11 16 20 27 36 42 49 56 58 68 69 83 93 100 1 14 30 28 37 39 44 43 48 52 55 59 61 72 71 78 89 87 90 96 2 7 8 10 15 12 21 26 32 34 31 40 41 45 47 51 54 60 64 66 70 75 79 84 85 86 91 99 6 18 25 29 35 62 63 67 74 80 88 94 98 3 38 50 53 65 5 46
Volta 16: 19 23 76 4 9 13 11 16 20 27 36 58 69 68 83 93 100 1 14 30 28 39 37 44 42 49 48 52 59 56 61 72 78 89 96 2 8 7 10 12 15 26 31 32 40 41 43 47 55 60 64 66 71 79 84 85 90 87 91 99 21 29 34 35 45 51 54 62 63 70 67 75 80 88 86 94 98 3 6 18 25 50 65 74 38 46 53 5
Volta 17: 19 23 76 4 16 27 58 68 83 1 9 11 14 13 20 30 28 39 36 44 48 49 56 61 69 72 78 93 96 100 2 7 26 32 31 37 41 43 42 55 52 59 60 64 66 71 79 84 89 90 91 10 8 15 12 21 29 34 40 45 47 54 51 63 70 67 75 80 85 87 86 99 3 6 18 25 35 62 65 74 88 94 98 38 46 50 53
Volta 18: 76 4 19 23 1 9 14 13 16 20 28 27 36 49 58 68 72 78 83 93 100 7 26 30 32 44 42 41 43 55 52 59 56 60 64 69 90 89 91 96 2 8 10 15 29 34 31 37 40 45 47 51 54 63 67 66 71 80 79 84 85 87 6 12 18 25 21 35 62 70 75 74 88 99 98 3 38 46 50 53 65 94
Volta 19: 76 4 19 23 9 16 20 27 36 49 58 68 78 83 93 100 1 7 13 14 28 30 26 42 44 41 52 60 64 69 72 90 96 10 15 29 31 32 34 37 43 45 54 51 55 59 56 66 71 80 79 84 87 89 91 2 6 8 21 35 40 47 62 63 67 74 85 88 99 12 18 25 38 46 65 70 75 98 3 50 53
Volta 20: 76 4 9 19 16 20 23 27 36 49 68 1 14 13 30 28 44 41 42 58 60 69 78 83 90 93 100 96 7 15 26 34 31 37 55 51 52 59 56 64 66 72 79 84 87 89 2 8 10 21 29 32 35 40 45 43 47 54 63 62 67 71 74 80 85 88 91 6 12 18 25 65 75 99 98 3 38 50 46 53 70
Volta 21: 76 4 9 16 20 23 36 49 68 1 13 19 28 30 27 41 42 44 78 83 90 93 100 7 14 26 34 31 37 55 52 56 58 60 64 69 72 79 96 2 10 15 32 45 43 47 54 51 59 63 66 71 74 84 85 89 87 6 8 21 25 29 35 40 62 65 67 75 80 88 91 99 98 12 18 38 3 50 46 53
Volta 22: 76 4 9 16 23 36 49 68 1 13 20 19 44 41 100 7 14 27 28 30 34 31 37 42 55 56 60 58 64 69 72 78 79 83 90 93 96 2 15 26 43 52 51 59 63 66 74 71 85 84 87 89 10 6 8 25 21 29 35 32 40 45 47 54 65 67 75 80 88 91 98 99 12 18 62 3 38 50 46 53
Volta 23: 76 4 23 49 9 13 19 16 20 36 68 100 1 14 30 27 28 31 37 44 42 41 60 58 64 72 78 79 83 90 93 96 7 26 34 43 52 55 56 69 71 74 84 85 89 87 2 6 8 10 15 40 45 47 51 54 59 63 66 75 80 91 18 25 21 29 32 35 65 62 67 88 98 99 3 12 38 46 50
Volta 24: 76 49 4 9 13 16 23 36 68 14 19 20 27 30 37 41 58 64 72 78 79 83 90 93 96 100 1 7 28 26 31 34 43 44 42 52 55 60 69 74 71 84 87 2 8 15 47 51 54 59 56 63 66 75 6 10 18 25 29 35 32 40 45 65 67 80 88 91 98 3 12 21 46 62 99 38 50
Volta 25: 76 49 4 13 16 36 9 14 19 20 23 27 37 41 58 68 83 90 93 100 1 7 30 28 26 31 43 42 44 52 60 64 71 74 72 78 79 84 87 96 34 51 54 55 56 59 66 69 2 8 6 15 18 35 32 40 45 47 63 67 75 80 88 91 98 10 12 25 29 46 62 65 99 3 21 38
Volta 26: 76 13 36 49 4 9 14 19 16 27 37 41 58 68 83 90 93 7 20 23 30 28 44 43 42 52 64 74 72 78 79 87 100 96 1 26 31 34 55 59 60 69 71 84 8 6 15 18 35 40 45 47 54 51 56 63 67 66 80 88 91 98 2 10 12 32 46 65 75 99 21 25 29 38 62 3
Volta 27: 76 13 36 49 4 9 14 16 37 41 58 68 19 20 23 30 27 44 43 42 52 72 83 90 93 1 7 28 26 31 55 60 59 64 69 71 74 78 79 87 100 96 8 6 15 18 35 34 51 56 66 67 80 84 88 91 2 10 32 40 45 47 54 63 99 98 12 21 25 38 46 65 75 29 62
Volta 28: 76 13 36 49 4 9 14 16 37 20 19 27 43 41 52 58 68 72 83 90 93 23 28 30 31 44 42 55 59 64 69 71 74 78 87 96 1 8 7 6 15 18 26 35 51 60 56 67 79 80 84 88 91 100 34 40 47 54 63 66 98 2 10 12 21 25 32 38 45 46 99 65 75 29 62
Volta 29: 76 13 9 14 16 36 37 49 4 20 27 43 52 58 68 90 19 23 30 28 31 44 42 41 69 72 74 71 78 83 87 93 7 15 55 56 59 60 64 79 84 91 96 100 1 6 8 18 26 34 35 40 47 54 51 67 80 88 2 10 12 21 32 45 63 66 99 98 25 38 46 75 29 65
Volta 30: 76 14 13 16 36 37 49 4 9 20 52 68 19 27 44 41 43 42 69 74 78 90 93 7 15 23 30 28 31 55 60 59 64 72 71 83 84 87 91 96 1 6 8 18 35 40 54 51 56 80 79 88 100 2 10 21 26 32 34 47 63 66 67 98 12 25 38 45 46 99 29 65
Volta 31: 76 13 14 36 37 4 9 20 16 49 52 68 27 43 41 74 78 93 7 19 23 28 30 31 42 44 55 59 69 72 71 83 90 87 91 96 6 15 18 40 54 60 56 64 79 80 84 88 100 1 8 10 26 34 35 32 47 51 66 67 98 2 12 25 21 38 45 63 99 29 46
Volta 32: 76 14 13 37 36 4 9 16 49 52 68 20 27 41 78 93 7 19 23 30 28 42 43 44 55 74 83 90 87 91 96 6 18 31 40 60 59 64 69 71 72 79 80 88 100 1 10 8 15 26 32 35 54 51 56 84 2 21 34 38 45 47 63 67 66 98 12 25 99 29 46
Volta 33: 76 14 36 4 9 13 16 37 52 68 20 27 49 78 23 42 41 44 43 74 90 87 93 96 7 19 18 28 30 55 59 64 69 71 72 79 80 83 91 100 1 10 6 8 15 26 31 32 40 54 51 60 88 21 34 35 38 47 56 66 67 84 98 2 12 25 45 63 99 29
Volta 34: 76 36 4 9 14 16 37 52 13 49 68 78 20 27 43 87 90 93 96 7 18 19 23 30 28 42 41 44 55 64 74 71 79 80 83 91 100 1 6 8 15 26 40 51 54 60 59 69 72 88 10 31 35 32 38 47 56 67 66 84 98 21 25 34 45 2 12 29 63 99
Volta 35: 76 4 9 16 36 13 14 37 52 68 78 20 49 90 96 7 19 23 27 28 44 42 41 43 55 64 74 71 79 80 83 87 93 91 100 1 8 6 15 18 30 26 54 59 72 88 10 35 38 40 51 60 66 69 21 34 31 32 45 47 56 67 84 98 2 12 25 29 63
Volta 36: 76 9 36 13 16 37 52 14 20 49 68 78 90 96 19 27 28 43 41 55 74 71 80 79 83 87 91 93 7 6 15 18 23 30 44 42 59 64 72 88 100 1 8 38 51 54 69 10 31 34 35 66 67 84 98 2 12 25 21 29 45 47 56 63
Volta 37: 76 9 13 36 52 14 16 37 49 68 78 90 20 27 28 43 41 55 74 80 87 96 7 6 19 30 64 71 72 79 83 91 93 100 1 8 15 18 23 38 42 44 54 51 59 69 88 10 31 35 67 66 84 98 2 12 21 25 29 34 45 47 56
Volta 38: 76 9 36 14 13 16 37 52 68 90 20 27 41 43 49 55 74 78 87 96 7 19 30 28 64 72 71 79 80 83 93 100 1 6 8 15 18 23 42 44 51 59 88 91 35 38 54 69 66 84 98 2 10 21 25 31 34 45 67 12 29 47 56
Volta 39: 76 9 13 14 37 36 90 16 27 43 49 52 55 68 74 78 96 7 20 19 30 41 64 72 71 80 87 100 6 15 23 28 42 51 59 79 83 88 93 91 1 8 18 44 54 69 84 98 2 10 31 35 34 38 66 67 25 21 29 45 12 47
Volta 40: 76 9 37 36 90 13 14 16 27 43 52 68 74 78 7 19 20 41 49 55 64 72 71 80 87 100 96 15 23 28 30 42 79 83 88 93 6 18 51 59 69 91 98 1 2 8 31 35 44 54 66 84 10 25 21 34 38 67 29 45 47 12
Volta 41: 76 9 37 36 13 14 27 68 74 90 7 19 16 20 43 55 52 64 72 71 78 80 96 15 23 30 28 42 41 49 79 83 88 87 93 100 6 51 59 69 91 98 1 2 18 44 54 84 8 10 25 21 35 31 66 67 34 38 45 47 29
Volta 42: 76 9 37 36 13 27 74 7 14 20 55 52 64 68 72 80 19 23 28 30 42 43 49 71 78 83 87 93 100 96 6 15 41 51 59 69 88 91 98 2 18 84 1 10 21 25 31 35 54 67 66 34 45 38 47 29
Volta 43: 76 9 13 27 36 37 7 14 52 55 64 68 74 72 20 19 23 30 42 49 71 80 78 83 87 93 6 28 43 41 59 88 91 100 96 98 2 15 18 51 69 1 31 54 67 66 84 10 21 25 35 34 45 38 47
Volta 44: 76 9 13 27 36 37 14 55 68 74 72 7 19 20 23 49 52 64 71 78 80 83 30 28 42 59 87 88 93 91 98 96 100 6 15 18 41 43 69 1 2 31 51 67 84 10 25 21 35 45 54 66 34 47 38
Volta 45: 76 9 13 14 27 36 37 68 7 19 23 49 52 55 64 71 72 74 78 80 20 30 42 59 83 87 88 93 96 6 28 43 91 100 98 15 18 31 41 51 69 1 2 10 25 21 35 45 54 66 67 84 34 47
Volta 46: 76 9 13 14 27 36 37 19 23 55 52 64 68 72 74 7 20 30 42 49 59 71 78 80 83 88 96 6 28 43 87 91 93 98 100 15 18 31 51 69 1 2 10 25 41 45 54 67 84 21 34 35 66 47
Volta 47: 76 9 13 14 36 37 19 23 27 55 52 64 68 72 7 30 42 49 59 74 83 88 96 6 20 28 43 71 80 78 87 93 98 100 69 91 2 1 10 15 18 31 41 45 54 51 84 25 21 35 34 66 67
Volta 48: 9 13 14 36 37 23 27 55 52 72 7 19 49 59 64 68 83 88 96 6 30 74 71 80 78 87 93 100 20 28 43 91 15 31 45 41 51 69 84 2 1 10 18 21 25 34 35 54 66 67
Volta 49: 37 36 9 14 13 27 52 72 19 23 55 59 64 68 88 96 6 7 49 83 93 100 20 30 28 43 74 71 80 78 87 91 15 31 41 1 2 10 18 25 21 35 34 45 54 51 66 69 84
Volta 50: 36 37 9 13 14 27 52 19 55 64 68 72 23 49 59 83 88 100 96 6 7 20 30 71 74 78 87 93 91 15 28 41 43 80 2 1 10 18 21 31 45 51 54 66 69 84 25 34 35
Volta 51: 37 36 52 9 14 13 19 27 64 68 23 49 55 59 72 96 7 6 20 71 78 83 88 91 93 100 30 43 74 80 87 2 10 15 18 21 28 31 45 41 54 51 69 84 1 34 66 25
Volta 52: 37 36 9 14 27 52 13 19 23 49 59 64 68 72 6 7 20 55 71 78 83 88 93 96 100 30 74 80 91 2 10 15 18 21 28 31 43 54 51 84 87 1 41 45 69 25 34 66
Volta 53: 37 36 14 27 52 9 13 19 49 59 64 68 72 6 20 23 55 71 78 88 96 7 74 83 93 91 100 2 10 15 18 21 30 51 80 87 28 31 45 43 41 54 69 84 1 25 34
Volta 54: 37 14 36 13 27 52 64 68 9 6 19 23 49 59 72 71 88 96 7 20 55 78 83 93 91 100 2 10 21 30 74 87 15 18 28 31 43 51 54 69 80 1 25 45 41 84
Volta 55: 37 13 14 27 36 52 68 9 19 23 49 59 64 72 71 96 7 6 20 88 93 2 30 55 78 83 87 91 100 10 15 18 21 69 74 80 1 28 31 45 43 54 51 25 41
Volta 56: 14 13 36 37 19 23 27 49 52 59 64 68 72 96 6 7 9 20 71 2 78 88 87 91 93 100 10 18 21 30 55 69 74 83 1 15 28 54 51 80 25 31 43 45 41
Volta 57: 14 13 19 23 27 37 36 49 52 59 64 96 7 9 6 20 68 72 2 71 88 93 100 18 30 55 69 78 83 87 91 1 10 15 21 28 74 80 31 43 54 51 25 45
Volta 58: 14 13 19 23 36 37 49 52 59 64 96 6 27 72 9 7 20 68 71 88 93 100 2 18 30 78 83 91 1 21 28 55 69 74 87 10 15 54 51 80 25 31 45 43
Volta 59: 13 14 19 23 49 52 59 6 27 36 37 64 96 9 7 20 68 72 71 88 2 18 30 83 93 100 21 28 55 69 78 87 91 1 10 15 51 54 74 80 25 45 31
Volta 60: 13 14 23 49 52 59 6 19 27 36 37 64 9 20 68 71 88 96 2 7 30 72 83 93 100 28 55 69 78 87 91 1 15 21 51 74 80 10 25 45 54 31
Volta 61: 13 49 14 23 36 52 59 6 19 27 37 64 71 88 96 9 7 20 30 68 72 2 28 55 83 87 93 100 1 15 21 51 69 74 78 91 10 25 54 80 45
Volta 62: 13 49 14 23 36 52 59 6 19 37 64 88 9 20 27 30 68 71 72 96 7 83 93 100 1 2 28 51 55 74 87 91 15 25 21 69 78 80 10 54 45
Volta 63: 13 49 52 59 14 19 23 36 64 88 9 6 20 30 27 37 68 71 96 7 72 83 93 1 2 55 51 87 91 100 15 28 74 78 80 10 21 25 54 69
Volta 64: 13 49 52 14 19 23 59 64 6 9 27 30 37 36 68 88 96 7 20 71 72 93 1 55 83 87 91 100 2 15 28 51 74 78 10 25 21 54 69 80
Volta 65: 49 52 14 13 19 59 6 9 23 27 30 36 37 64 68 88 96 7 72 71 20 55 83 87 91 93 1 2 15 28 51 74 78 100 10 21 25 54 69
Volta 66: 52 13 19 49 59 9 14 23 27 68 96 6 30 36 64 88 7 20 55 71 72 83 87 93 1 2 51 78 91 100 15 25 28 54 74 10 21 69
Volta 67: 52 13 19 49 59 9 14 23 96 6 30 27 36 68 20 64 71 72 83 88 87 1 2 7 51 55 78 93 91 15 28 74 100 10 25 54 21
Volta 68: 52 13 49 59 9 14 19 23 96 6 30 27 68 20 36 64 71 72 88 87 7 51 78 83 91 93 1 2 28 55 74 100 15 54 10 25 21
Volta 69: 52 13 49 9 23 59 6 14 19 68 96 20 30 27 64 72 71 87 7 36 83 88 91 2 1 51 74 78 93 15 28 55 54 100 25 10
Volta 70: 52 13 23 49 59 6 9 14 19 68 30 27 64 71 87 96 20 36 72 83 91 2 7 51 74 78 88 93 1 28 55 54 15 25 100 10
Volta 71: 52 13 49 6 14 23 59 9 19 27 30 68 71 87 96 20 64 72 91 7 36 74 83 88 93 2 1 51 55 78 25 28 54 15 100
Volta 72: 52 13 6 14 23 49 59 9 19 27 30 71 20 64 68 72 87 91 96 36 74 88 93 2 51 78 83 1 28 15 25 100
Volta 73: 52 13 14 59 9 6 19 23 27 30 49 20 64 68 71 72 87 91 96 36 51 74 83 88 93 2 1 28 78 25 15
Volta 74: 13 52 6 14 19 23 27 30 49 59 9 64 71 20 36 68 72 87 91 96 51 74 88 1 83 93 2 25 28 78 15
Volta 75: 52 6 14 13 23 49 59 9 19 30 27 64 71 20 36 68 72 87 91 51 74 88 96 1 83 93 28 78 2 25
Volta 76: 52 6 13 14 9 19 23 30 27 49 59 64 71 36 91 20 51 68 72 88 87 96 1 74 83 93 28 78 2 25
Volta 77: 6 14 52 9 13 19 23 27 64 30 49 59 71 91 20 36 68 87 88 51 74 72 96 1 28 78 83 93 2
Volta 78: 6 9 14 52 64 13 19 23 27 30 49 59 20 36 68 71 91 51 72 74 87 96 78 83 93 1 28 2
Volta 79: 9 6 14 52 13 19 23 30 59 64 20 27 36 49 68 71 51 74 72 87 91 96 78 83 1 28 93
Volta 80: 9 14 6 19 23 30 52 64 13 27 49 59 71 20 36 68 74 91 51 72 78 87 96 28 83 93 1
Volta 81: 14 6 9 19 52 64 13 23 30 49 20 27 36 59 68 74 71 51 72 87 91 96 78 83 93 28
Volta 82: 9 6 14 52 64 19 23 30 13 27 49 59 68 71 20 36 51 74 72 91 96 83 87 28 78 93
Volta 83: 6 9 14 52 19 30 64 23 27 59 13 36 49 51 68 72 74 71 96 20 91 78 83 87 28
Volta 84: 6 9 52 19 64 23 27 30 13 36 49 51 59 71 72 74 96 20 91 78 87 28 83
Volta 85: 9 6 52 19 23 30 27 64 13 36 49 51 59 71 72 96 20 74 91 78 87 28
Volta 86: 6 9 52 19 27 30 64 13 23 51 72 71 96 20 36 49 59 74 87 91 78 28
Volta 87: 9 6 52 19 30 64 13 27 71 72 20 23 36 49 51 59 74 96 87 91 78
Volta 88: 9 6 30 52 19 27 64 13 23 51 59 71 72 96 20 36 49 74 87 91 78
Volta 89: 6 9 52 19 27 30 13 59 64 71 20 23 36 51 74 72 96 49 87 91
Volta 90: 9 19 27 52 13 64 71 23 36 51 59 74 72 96 20 91 49 87
Volta 91: 9 27 52 19 64 13 51 59 71 72 20 23 36 74 91 96 49
Volta 92: 9 27 52 13 19 64 72 71 36 51 59 74 96 20 23 49 91
Volta 93: 9 27 52 19 64 72 71 13 36 51 59 74 96 23 49 20
Volta 94: 9 27 52 64 71 72 13 19 51 59 74 96 23 36 20 49
Volta 95: 9 27 52 13 19 51 59 64 72 71 96 74 23 36 20
Volta 96: 9 27 13 19 52 51 59 64 72 71 74 96 23 36 20
Volta 97: 9 27 52 64 71 72 13 19 51 59 96 23 36 74
Volta 98: 9 27 52 13 64 72 71 96 19 23 36 51 59 74
Volta 99: 9 27 52 13 64 71 72 96 19 23 36 51 59
Volta 100: 9 27 52 64 13 19 23 51 59 72 71 96 36
Volta 101: 9 27 52 64 13 23 51 96 19 59 71 72
Volta 102: 9 27 52 64 13 96 19 23 51 59 72 71
Volta 103: 9 27 13 52 64 19 23 51 59 72 96
Volta 104: 9 27 13 52 64 19 23 59 72 96 51
Volta 105: 9 27 52 64 13 19 23 96 59 72
Volta 106: 9 27 52 13 64 19 23 59 96 72
Volta 107: 9 27 52 64 13 19 23 59 96
Volta 108: 9 27 52 64 13 59 96 19 23
Volta 109: 9 27 52 64 13 59 96 19
Volta 110: 9 27 52 13 64 96 59 19
Volta 111: 9 27 13 52 96 59 64
Volta 112: 9 27 52 96 13 59 64
Volta 113: 9 27 52 96 13 59
Volta 114: 9 27 13 52 96 59
Volta 115: 9 27 52 96 13
Volta 116: 9 27 13 52 96
Volta 117: 9 27 13 52
Volta 118: 9 27 13 52
Volta 119: 9 27 13
Volta 120: 9 27 13

Ranqueamento Final:
1: Ciclista 13 - 23550.30 segundos
2: Ciclista 27 - 23400.66 segundos
3: Ciclista 9 - 23400.18 segundos
4: Ciclista 52 - 23101.26 segundos
5: Ciclista 96 - 22652.34 segundos
6: Ciclista 59 - 22351.38 segundos
7: Ciclista 64 - 22051.50 segundos
8: Ciclista 19 - 21750.42 segundos
9: Ciclista 23 - 21300.54 segundos
10: Ciclista 72 - 21001.74 segundos
11: Ciclista 51 - 20551.26 segundos
12: Ciclista 71 - 20101.74 segundos
13: Ciclista 36 - 19800.90 segundos
14: Ciclista 74 - 19351.74 segundos
15: Ciclista 20 - 19200.42 segundos
16: Ciclista 49 - 18751.14 segundos
17: Ciclista 91 - 18302.22 segundos
18: Ciclista 87 - 18002.10 segundos
19: Ciclista 78 - 17701.86 segundos
20: Ciclista 28 - 17400.66 segundos
21: Ciclista 83 - 16951.98 segundos
22: Ciclista 93 - 16502.22 segundos
23: Ciclista 1 - 16200.06 segundos
24: Ciclista 2 - 16050.06 segundos
25: Ciclista 25 - 15450.54 segundos
26: Ciclista 15 - 15150.30 segundos
27: Ciclista 100 - 14702.34 segundos
28: Ciclista 10 - 14550.18 segundos
29: Ciclista 21 - 14100.54 segundos
30: Ciclista 69 - 13501.62 segundos
31: Ciclista 80 - 13051.86 segundos
32: Ciclista 45 - 12901.02 segundos
33: Ciclista 31 - 12600.78 segundos
34: Ciclista 43 - 12001.02 segundos
35: Ciclista 41 - 11551.02 segundos
36: Ciclista 84 - 11101.98 segundos
37: Ciclista 66 - 10801.62 segundos
38: Ciclista 35 - 10350.78 segundos
39: Ciclista 67 - 10051.62 segundos
40: Ciclista 47 - 9901.14 segundos
41: Ciclista 38 - 9450.90 segundos
42: Ciclista 29 - 9150.66 segundos
43: Ciclista 12 - 8700.30 segundos
44: Ciclista 56 - 8101.38 segundos
45: Ciclista 63 - 7801.50 segundos
46: Ciclista 99 - 7352.34 segundos
47: Ciclista 46 - 7051.14 segundos
48: Ciclista 65 - 6751.50 segundos
49: Ciclista 62 - 6301.50 segundos
50: Ciclista 3 - 5850.06 segundos
51: Ciclista 50 - 5401.14 segundos
52: Ciclista 53 - 5101.26 segundos
53: Ciclista 70 - 4501.62 segundos
54: Ciclista 94 - 4052.22 segundos
55: Ciclista 5 - 3900.06 segundos
56: Ciclista 77 - 3301.86 segundos
57: Ciclista 73 - 2851.74 segundos
58: Ciclista 81 - 2401.98 segundos
59: Ciclista 33 - 2100.78 segundos
60: Ciclista 92 - 1502.22 segundos
61: Ciclista 95 - 1052.22 segundos
62: Ciclista 97 - 602.34 segundos

Ciclista 4 quebrou na volta 36 - 6600.00 segundos
Ciclista 6 quebrou na volta 90 - 17100.12 segundos
Ciclista 7 quebrou na volta 72 - 14250.12 segundos
Ciclista 8 quebrou na volta 42 - 8700.12 segundos
Ciclista 11 quebrou na volta 18 - 3600.24 segundos
Ciclista 14 quebrou na volta 84 - 16200.24 segundos
Ciclista 16 quebrou na volta 42 - 8100.36 segundos
Ciclista 17 quebrou na volta 12 - 2250.36 segundos
Ciclista 18 quebrou na volta 60 - 11850.36 segundos
Ciclista 22 quebrou na volta 12 - 2550.48 segundos
Ciclista 24 quebrou na volta 12 - 2250.48 segundos
Ciclista 26 quebrou na volta 36 - 7200.60 segundos
Ciclista 30 quebrou na volta 90 - 17400.60 segundos
Ciclista 32 quebrou na volta 36 - 7650.72 segundos
Ciclista 34 quebrou na volta 54 - 11100.72 segundos
Ciclista 37 quebrou na volta 66 - 12750.84 segundos
Ciclista 39 quebrou na volta 18 - 3450.84 segundos
Ciclista 40 quebrou na volta 36 - 7350.84 segundos
Ciclista 42 quebrou na volta 48 - 9300.96 segundos
Ciclista 44 quebrou na volta 42 - 8550.96 segundos
Ciclista 48 quebrou na volta 18 - 3601.08 segundos
Ciclista 54 quebrou na volta 72 - 14551.20 segundos
Ciclista 55 quebrou na volta 72 - 14551.20 segundos
Ciclista 57 quebrou na volta 6 - 1201.32 segundos
Ciclista 58 quebrou na volta 30 - 5851.32 segundos
Ciclista 60 quebrou na volta 36 - 7351.32 segundos
Ciclista 61 quebrou na volta 18 - 3451.44 segundos
Ciclista 68 quebrou na volta 84 - 16501.56 segundos
Ciclista 75 quebrou na volta 30 - 6451.68 segundos
Ciclista 76 quebrou na volta 48 - 8551.80 segundos
Ciclista 79 quebrou na volta 42 - 8251.80 segundos
Ciclista 82 quebrou na volta 12 - 2401.92 segundos
Ciclista 85 quebrou na volta 24 - 4801.92 segundos
Ciclista 86 quebrou na volta 18 - 3902.04 segundos
Ciclista 88 quebrou na volta 78 - 15452.04 segundos
Ciclista 89 quebrou na volta 24 - 4952.04 segundos
Ciclista 90 quebrou na volta 42 - 7952.04 segundos
Ciclista 98 quebrou na volta 48 - 9452.28 segundos
