Volta 1: 2 3 4 5 1 8 6 7 10 9 15 12 11 14 13 17 18 19 20 16 22 21 25 23 24 26 30 28 27 29 33 35 34 31 32 40 36 39 38 37 41 45 42 44 43 47 49 48 46 50 51 52 53 54 55 57 58 56 60 59 62 61 63 65 64 67 68 70 69 66 75 73 74 71 72 80 76 77 78 79 83 82 84 81 85 90 89 87 88 86 94 92 93 95 91 98 99 97 96 100
Volta 2: 3 1 4 2 9 6 7 10 14 13 20 16 17 18 19 25 24 27 26 29 30 34 32 33 35 36 38 37 45 44 43 41 46 50 48 49 47 53 52 54 51 55 57 56 58 59 62 64 63 61 65 67 69 66 68 73 72 71 77 80 79 82 83 84 81 86 92 94 93 95 91 98 97 96 100 99 5 8 15 11 12 22 21 23 28 31 40 39 42 60 70 75 74 78 76 85 90 89 88 87
Volta 3: 4 1 9 7 10 6 13 18 19 17 25 27 29 35 37 36 43 44 48 53 52 51 58 56 57 64 62 66 67 71 77 79 83 81 82 86 91 92 95 93 99 98 96 100 5 3 2 8 12 15 14 16 20 22 23 21 24 26 30 34 33 31 32 39 38 40 41 42 45 47 49 46 50 54 55 59 60 61 65 63 68 69 72 73 78 80 76 84 85 88 89 94 97 11 28 70 74 75 90
Volta 4: 4 7 6 18 19 25 29 27 37 44 58 57 64 66 71 77 79 82 81 83 86 92 91 93 98 99 2 1 10 9 15 12 13 16 17 22 24 23 30 26 33 32 35 31 38 40 36 41 42 45 43 50 46 47 48 49 53 51 52 54 56 62 61 67 69 72 73 78 80 84 88 95 94 100 97 96 3 5 8 14 11 20 21 28 34 39 55 59 60 65 63 68 70 75 74 76 85 90 89
Volta 5: 4 6 18 25 27 44 58 71 77 79 83 82 86 92 91 93 99 10 9 7 12 13 17 19 22 29 35 31 36 38 37 41 43 45 48 50 47 46 53 52 51 57 56 62 61 64 66 69 67 73 80 78 81 84 95 94 98 100 5 3 2 1 8 15 14 16 24 23 30 26 32 33 34 39 40 42 49 54 55 59 60 65 63 68 70 72 76 85 90 88 96 97 11 20 21 28 74 75
Volta 6: 4 27 58 71 77 82 91 92 93 99 9 7 6 13 18 22 25 29 35 36 38 37 41 43 44 48 50 52 53 51 61 64 66 69 79 80 83 81 84 86 95 3 1 10 15 19 16 17 24 23 26 30 31 32 33 40 45 49 46 56 60 57 59 62 65 63 67 73 78 76 88 94 96 97 100 5 8 14 11 20 21 34 39 42 55 54 68 70 74 72 75 85 90 28
Volta 7: 4 27 58 77 91 93 99 9 7 13 18 25 29 35 37 44 53 52 64 61 71 79 80 84 83 82 86 92 95 1 3 10 6 15 17 19 24 22 26 32 31 38 36 40 45 41 43 48 50 46 51 60 57 56 63 62 65 66 67 69 73 76 81 94 96 97 100 5 8 11 16 23 30 34 33 42 49 54 55 59 70 68 75 72 74 78 88 14 20 21 39 85 90
Volta 8: 77 99 4 7 9 18 29 27 35 37 53 52 58 64 71 79 82 86 91 95 93 6 13 17 19 25 24 22 26 36 38 41 44 45 43 48 46 51 60 57 56 65 61 66 73 80 84 83 81 92 94 100 97 1 3 10 8 15 11 16 23 32 33 34 31 40 42 50 49 55 59 63 62 69 67 70 68 72 75 76 96 5 20 21 30 39 54 74 78 85 90 88 14
Volta 9: 77 4 18 27 35 52 58 82 86 91 93 99 6 7 9 13 19 17 25 24 26 29 36 38 37 41 44 46 48 53 51 60 57 56 64 66 71 73 79 80 81 84 83 92 95 94 100 1 8 10 11 22 34 32 45 43 42 49 50 55 63 62 65 61 68 69 67 70 72 75 76 97 96 5 3 15 20 16 23 30 31 33 40 54 59 74 78 85 90 88 21 39
Volta 10: 77 18 35 52 82 86 91 93 99 4 7 9 13 17 19 25 24 26 29 27 38 41 44 46 48 53 60 58 56 64 66 73 71 79 81 84 95 94 100 10 8 6 11 32 34 36 37 43 45 42 49 50 55 51 57 62 63 68 67 70 69 72 75 80 83 92 97 96 3 1 15 16 20 23 22 30 33 40 54 61 65 74 78 76 88 5 21 31 39 59 85 90
Volta 11: 77 18 35 82 86 91 13 17 19 24 26 27 29 41 46 52 53 58 60 64 73 71 79 84 94 93 99 100 4 10 9 7 11 25 34 32 37 36 38 44 45 43 42 50 48 49 56 57 63 62 67 69 66 72 80 83 81 92 95 96 1 8 6 20 23 22 33 51 55 61 65 68 70 75 76 78 97 3 5 15 16 21 30 31 40 54 59 74 85 88 39
Volta 12: 77 86 13 17 18 24 27 35 41 46 53 52 60 64 73 82 84 94 91 93 100 4 9 11 19 29 26 32 36 38 43 50 56 58 57 63 62 67 66 69 71 72 79 81 83 96 99 6 10 8 25 34 37 44 42 49 65 70 68 75 80 76 78 97 3 5 15 20 23 30 33 31 55 51 54 59 61 88 16 39 40 85
Volta 13: 77 13 18 27 35 41 52 53 60 64 73 86 94 93 91 4 9 17 19 24 26 29 32 38 36 43 46 57 56 58 66 69 79 81 84 82 83 96 99 100 10 8 6 11 25 34 44 42 49 50 62 63 67 70 68 72 75 71 80 78 97 5 20 23 33 31 37 55 59 61 65 76 88 3 15 16 30 51 54 39 40
Volta 14: 77 13 18 27 41 52 60 86 93 94 17 24 29 26 35 32 36 38 43 46 53 64 73 84 83 91 99 96 100 4 9 10 6 11 19 44 50 58 57 56 63 62 66 68 67 69 75 71 72 79 81 82 5 8 20 23 25 31 34 37 42 49 59 65 61 70 80 76 78 88 97 3 15 16 33 51 54 55 30 39 40
Volta 15: 13 41 60 77 94 18 26 27 29 35 32 43 53 52 73 86 93 99 100 4 6 11 19 17 24 36 38 44 46 50 57 56 63 62 64 66 67 72 75 79 83 81 82 84 91 96 9 8 10 23 25 34 42 49 58 70 69 68 71 78 80 76 5 3 15 20 31 33 37 55 59 65 61 88 97 16 30 39 54 51
Volta 16: 41 60 94 13 18 29 26 35 52 73 77 93 100 99 4 6 17 24 27 32 38 44 43 50 46 53 57 62 64 63 67 75 72 79 83 81 82 86 91 96 8 9 10 11 19 25 34 36 42 49 56 58 69 66 68 71 84 15 20 23 31 37 65 61 70 76 78 80 88 97 5 3 33 51 54 55 59 16 30 39
Volta 17: 41 13 29 35 52 60 73 77 94 100 6 18 27 26 32 44 43 46 53 57 62 67 72 79 83 81 82 86 91 93 99 4 10 9 8 11 17 24 25 36 38 42 50 58 56 64 63 66 75 84 96 19 23 34 31 37 49 65 70 68 69 71 78 80 97 3 5 15 20 33 54 55 59 61 76 88 16 51 30
Volta 18: 13 35 41 60 73 77 94 6 18 29 27 44 53 57 62 67 72 79 81 82 83 86 93 100 4 8 9 17 24 26 32 36 38 42 43 50 46 63 75 84 91 96 99 10 23 25 34 31 49 58 56 64 68 70 69 71 5 15 19 37 59 61 65 78 76 80 97 3 20 16 33 55 54 88 30
Volta 19: 13 41 77 6 27 29 35 44 60 57 67 73 72 79 93 94 9 8 17 18 24 26 32 38 36 42 46 53 62 81 82 83 86 91 100 99 96 4 10 23 43 49 50 56 58 64 63 68 70 69 75 71 84 19 25 34 31 37 65 80 76 78 97 5 3 15 20 16 33 55 59 61 88 54
Volta 20: 13 35 44 41 60 72 73 79 77 94 6 18 17 24 27 29 38 42 57 62 67 81 82 83 86 93 91 100 4 8 10 9 26 32 36 50 46 49 53 58 64 63 75 84 96 99 25 23 31 34 37 43 56 65 69 68 70 71 78 80 76 3 5 15 20 19 88 97 16 33 55 54 59 61
Volta 21: 13 41 44 60 73 79 77 6 18 24 29 35 38 57 67 72 81 86 94 10 8 9 17 27 32 36 42 50 53 62 75 83 82 84 91 93 96 100 99 4 23 26 31 34 43 46 49 58 56 65 64 63 68 70 76 80 5 19 20 25 37 69 71 78 97 3 15 16 54 55 59 88 33
Volta 22: 13 41 44 60 73 79 18 24 35 38 57 67 72 77 81 86 6 9 10 17 27 29 36 42 62 75 82 84 83 91 93 94 4 8 31 32 34 43 50 49 46 53 56 58 63 64 65 70 96 100 99 5 20 23 26 37 69 68 76 80 97 15 19 16 25 71 78 3 33 54 55 59 88
Volta 23: 13 41 60 73 79 18 24 44 77 81 6 9 17 27 29 35 36 38 42 57 67 72 86 91 94 4 10 34 43 50 46 53 56 63 64 62 70 75 82 83 84 93 96 99 100 8 23 26 31 32 49 58 65 69 80 76 97 5 20 37 68 71 78 3 15 16 19 25 33 55 59 54
Volta 24: 13 60 73 18 44 41 79 77 81 9 6 17 24 35 38 42 57 91 10 27 34 36 43 46 53 64 62 70 67 72 75 84 83 82 86 94 100 4 8 23 31 32 50 49 56 58 63 65 93 96 97 99 5 20 26 37 69 76 78 80 15 19 25 33 55 68 71 3 16 59 54
Volta 25: 13 60 41 73 79 6 18 17 24 38 44 42 77 81 9 27 35 34 36 43 46 53 57 62 64 72 82 86 91 94 100 4 10 23 31 32 56 58 65 63 70 67 75 84 83 93 99 96 8 26 49 50 69 78 76 97 5 15 20 25 33 37 68 80 3 16 19 55 71 59
Volta 26: 13 41 60 73 79 18 24 38 42 44 81 6 9 17 27 34 46 53 57 62 64 72 77 82 86 91 94 4 10 35 32 36 43 58 63 65 70 75 83 93 100 8 23 26 31 50 56 69 67 76 84 99 97 96 5 15 20 37 49 68 80 78 3 16 25 33 55 71 19 59
Volta 27: 13 41 60 73 79 18 38 6 17 24 27 42 44 46 57 64 62 72 77 81 94 9 34 32 36 43 53 58 63 70 75 83 82 86 91 93 100 4 10 23 26 35 31 50 56 65 76 84 96 97 99 8 15 20 37 49 67 69 78 5 16 33 68 80 3 19 25 55 71
Volta 28: 13 60 79 41 73 18 24 27 38 62 81 94 6 9 17 36 43 44 42 46 53 57 64 70 72 77 82 86 93 91 100 4 10 34 35 32 56 58 65 63 75 76 83 96 97 20 23 26 31 37 50 67 78 84 99 5 8 15 16 33 49 69 68 80 3 19 25 55 71
Volta 29: 13 60 73 79 18 27 38 41 62 94 9 6 17 24 42 44 46 57 70 72 77 81 93 91 4 10 35 36 43 53 56 58 64 75 76 82 86 97 100 23 31 32 34 50 63 65 67 83 84 99 96 5 8 15 20 26 33 37 49 68 78 16 25 55 69 80 3 19
Volta 30: 13 60 79 18 27 38 41 62 73 94 17 24 44 42 57 72 77 81 93 91 4 6 9 10 35 43 46 58 70 75 76 82 86 23 34 31 50 53 56 65 63 64 67 83 84 96 100 99 5 8 15 20 26 33 37 68 16 49 69 80 3 19 25 55
Volta 31: 13 60 79 18 38 62 73 94 27 41 42 91 93 9 10 17 24 35 44 43 46 58 57 70 72 77 81 86 4 6 31 34 53 63 64 75 76 84 83 82 99 100 96 8 23 37 50 56 65 67 68 5 15 16 20 26 33 49 69 19 25 80 3
Volta 32: 13 60 18 38 62 73 79 94 27 41 93 9 10 17 24 35 44 42 43 57 58 81 91 4 6 46 53 64 70 72 75 76 77 84 82 83 86 100 23 34 31 50 63 65 99 96 8 15 16 20 26 37 49 56 69 67 68 5 19 33 3 25 80
Volta 33: 13 18 38 60 62 79 27 41 73 94 93 9 10 35 42 81 91 4 6 17 24 44 43 46 57 58 64 70 72 77 76 83 84 82 86 100 31 34 50 53 65 75 99 8 15 23 37 56 63 68 67 96 5 20 16 19 26 33 49 69 3 25
Volta 34: 13 18 38 62 41 60 73 79 94 27 35 42 81 93 91 4 9 10 6 17 24 44 43 58 57 70 72 77 82 84 86 34 31 50 46 53 64 65 76 83 99 100 8 15 37 56 67 68 75 96 5 20 19 16 23 33 49 63 69 3 26 25
Volta 35: 13 18 62 38 60 73 27 35 41 79 91 94 93 10 6 17 42 57 58 70 72 77 81 86 4 9 24 31 43 44 46 50 53 64 65 76 84 83 82 99 100 15 34 37 68 67 75 8 19 20 16 23 33 49 56 63 69 96 5 3 26
Volta 36: 13 18 38 60 62 35 41 79 94 17 27 58 72 81 86 9 6 10 24 42 44 46 50 53 57 70 77 84 82 100 4 15 34 31 37 43 64 65 68 76 83 99 8 16 20 19 23 33 49 56 67 69 75 96 3 5 63
Volta 37: 13 18 38 60 62 35 79 94 17 27 41 58 72 81 86 10 9 6 24 44 42 53 57 70 77 84 82 4 15 34 31 37 43 50 46 64 65 76 83 100 99 8 19 23 33 49 68 67 75 96 5 3 20 16 56 69
Volta 38: 13 18 38 60 62 79 94 17 27 35 41 58 72 86 9 6 24 44 42 53 57 81 82 10 15 31 34 37 46 50 65 64 70 77 83 84 99 100 4 19 43 49 67 68 75 76 3 5 8 16 23 33 56 69 96 20
Volta 39: 18 38 60 13 62 79 94 17 35 41 86 9 6 27 42 44 58 72 81 10 15 24 31 37 50 53 57 70 77 84 83 82 99 4 34 43 49 46 64 65 68 67 76 100 3 8 16 19 23 33 69 75 96 5 56
Volta 40: 18 60 13 38 79 35 62 86 94 6 9 17 27 44 41 42 58 81 10 15 24 31 50 53 57 70 72 82 83 34 37 43 46 49 65 64 67 68 77 76 84 100 99 4 19 16 23 33 69 75 96 3 8 56 5
Volta 41: 18 13 38 60 35 79 86 94 6 17 27 42 41 44 58 62 81 9 24 31 53 57 72 82 83 10 15 50 49 65 70 68 67 76 77 99 100 4 19 23 34 37 43 46 64 75 84 3 8 16 33 56 69 96
Volta 42: 18 38 13 35 60 79 86 94 6 27 44 41 42 58 62 81 9 17 24 53 72 83 10 31 50 65 70 77 82 37 43 64 67 68 76 84 100 99 8 16 19 23 33 34 56 69 75 96 3
Volta 43: 18 38 13 35 60 79 86 94 6 41 44 9 17 24 27 42 58 62 72 81 10 31 50 53 65 70 77 83 82 37 43 64 68 67 76 84 99 16 19 23 33 34 100 96 8 56 69 75
Volta 44: 18 13 35 38 86 94 41 44 60 79 9 6 17 24 27 42 62 72 10 31 53 58 65 70 77 81 83 37 43 50 64 67 84 82 99 33 68 76 96 8 16 19 23 34 56 69 75 100
Volta 45: 18 13 35 38 86 94 44 41 79 6 9 17 24 27 42 60 62 72 10 53 58 65 70 77 81 83 31 37 43 50 67 99 64 68 76 82 84 8 16 23 33 34 56 69 75 96 19
Volta 46: 13 18 35 38 86 94 44 79 6 9 17 27 41 42 60 62 72 10 24 53 65 70 83 31 43 50 58 67 77 81 99 37 64 68 84 16 23 34 33 69 76 82 96 8 19 56 75
Volta 47: 38 94 13 18 35 44 79 86 6 9 17 27 42 41 62 24 60 65 70 72 83 10 31 53 67 77 81 99 37 43 50 58 68 16 23 34 33 64 76 84 82 8 69 96 19 56
Volta 48: 13 18 35 38 44 86 94 17 27 79 6 9 24 42 41 60 62 72 83 10 53 65 67 70 77 81 99 31 37 43 50 58 16 23 34 64 82 84 8 33 69 76 96 56 19
Volta 49: 13 18 35 86 94 38 44 79 9 6 17 27 42 41 60 62 72 10 24 53 70 77 81 83 99 31 37 43 50 58 65 67 16 82 84 8 23 34 64 69 96 33 76 56
Volta 50: 35 13 18 38 44 79 86 94 6 17 42 60 72 9 10 24 27 41 62 70 81 99 37 43 53 65 77 83 16 31 50 58 67 8 23 34 64 69 84 82 33 76 96 56
Volta 51: 35 38 44 94 13 18 17 60 79 86 6 9 27 42 41 72 99 10 24 43 62 65 70 77 81 83 37 50 53 67 8 16 23 31 58 64 69 82 84 33 34 76 96
Volta 52: 35 38 44 94 13 17 18 60 79 86 6 42 41 72 99 9 10 24 27 43 62 70 77 83 81 37 53 65 67 16 23 31 50 58 69 82 8 34 33 64 84 96 76
Volta 53: 35 38 44 60 94 6 13 18 17 41 72 79 86 99 9 24 27 43 42 70 81 10 37 62 65 67 77 83 16 23 31 50 53 69 82 8 33 34 58 64 84 96
Volta 54: 35 38 44 60 17 18 86 94 99 6 24 42 41 70 72 79 9 10 37 43 62 67 77 83 81 16 53 65 82 23 34 31 33 50 58 64 69 8 84
Volta 55: 35 44 38 18 60 86 94 99 6 17 24 41 42 70 72 79 10 9 37 43 67 77 81 83 16 53 62 82 23 31 50 65 69 8 33 34 58 64
Volta 56: 35 44 38 60 99 18 24 41 70 79 86 94 10 6 17 43 42 67 72 77 81 83 9 37 16 31 50 53 65 62 82 8 23 33 34 58 69 64
Volta 57: 35 44 38 60 18 24 41 79 94 99 10 6 17 43 42 70 72 83 86 9 67 77 81 16 31 37 50 53 62 82 23 58 65 8 34 33 69
Volta 58: 35 44 38 60 41 79 94 17 18 24 42 43 72 86 99 6 9 10 70 77 81 83 31 37 53 67 16 23 50 62 65 82 8 34 33 58 69
Volta 59: 35 44 60 38 18 24 42 41 79 94 99 10 17 43 70 72 77 81 83 86 6 9 31 53 67 16 23 37 50 62 82 34 33 58 65 8
Volta 60: 35 44 38 60 18 42 41 99 17 24 70 72 79 81 86 94 10 9 6 31 43 53 77 83 23 37 50 62 67 16 58 82 34 33 8
Volta 61: 35 44 38 60 18 41 42 99 24 70 79 81 94 10 6 17 53 72 77 83 86 9 31 37 43 50 67 16 23 58 62 82 33 34
Volta 62: 44 35 38 60 18 42 24 41 79 94 99 6 17 53 70 72 81 86 10 9 31 37 43 50 77 83 16 62 67 82 23 34 33 58
Volta 63: 35 44 18 38 60 24 41 42 94 6 17 53 70 72 79 81 86 99 9 10 31 37 43 83 50 62 67 77 82 16 23 33 34
Volta 64: 35 44 18 38 60 41 94 6 24 42 53 86 99 10 9 17 31 70 72 79 81 83 37 43 77 82 16 23 33 50 62 67 34
Volta 65: 35 44 38 18 41 60 6 24 42 94 99 9 17 53 70 72 79 83 81 86 10 31 37 77 16 33 43 50 62 82 23 67
Volta 66: 35 44 38 41 60 18 94 9 6 17 24 42 53 79 81 83 86 99 10 37 70 72 77 16 31 43 82 23 62 67
Volta 67: 35 44 38 41 60 18 6 17 24 42 53 79 83 86 94 99 10 9 72 77 81 31 37 43 70 82 16 23 62
Volta 68: 35 44 41 60 38 6 18 42 79 83 99 9 17 24 53 72 81 86 94 10 37 43 70 77 82 31 16 23 62
Volta 69: 35 44 41 60 18 38 42 99 9 6 53 72 79 83 86 94 10 17 24 70 77 81 31 37 43 82 16 23
Volta 70: 35 44 41 60 18 38 99 6 42 79 94 10 9 17 24 53 70 72 83 86 37 43 77 81 82 31 16 23
Volta 71: 35 44 18 41 60 99 6 38 42 9 24 53 70 72 79 83 86 94 10 17 37 43 77 81 82 31 16
Volta 72: 35 44 41 18 42 99 6 9 53 70 72 83 17 24 37 43 77 79 82 10 31 81 16
Volta 73: 35 44 18 41 42 99 6 53 70 72 83 9 17 24 37 77 82 10 31 43 79 81
Volta 74: 35 42 44 41 6 18 53 70 72 99 9 17 24 37 77 83 10 43 79 81 82 31
Volta 75: 35 42 41 44 18 72 99 9 6 17 53 70 77 83 24 37 43 79 82 10 81
Volta 76: 35 44 42 41 72 99 9 6 18 17 70 83 24 37 43 53 79 77 10 81 82
Volta 77: 35 42 44 41 72 17 83 99 6 9 18 24 53 70 77 79 10 37 43 81
Volta 78: 35 44 42 72 83 99 9 17 53 70 79 6 18 24 37 43 77 81 10
Volta 79: 35 44 42 72 83 9 53 79 99 18 17 43 70 77 6 24 37 81
Volta 80: 35 44 42 72 83 9 53 99 17 43 79 77 18 24 37 70 81 6
Volta 81: 35 44 42 72 83 9 17 53 79 77 99 18 43 70 81 24 37
Volta 82: 35 44 42 72 83 17 53 79 99 9 18 77 81 37 43 70 24
Volta 83: 35 44 42 72 83 99 9 18 17 53 79 43 70 77 81 37
Volta 84: 35 44 42 72 83 99 17 18 53 9 70 79 81 37 43 77
Volta 85: 35 44 72 83 42 53 99 9 17 18 70 79 37 43 81
Volta 86: 35 44 72 83 42 9 17 18 53 79 99 43 70 81 37
Volta 87: 35 44 83 72 42 9 53 99 17 18 43 70 79 81
Volta 88: 35 44 83 72 42 9 99 18 53 79 17 43 70 81
Volta 89: 35 44 72 83 9 42 99 53 17 18 70 79 43
Volta 90: 44 83 72 9 42 99 18 53 70 79 17 43
Volta 91: 44 72 83 42 99 9 18 53 79 70 17
Volta 92: 44 72 83 9 42 99 18 79 53 70 17
Volta 93: 44 83 72 9 42 99 18 79 53 70
Volta 94: 44 83 72 42 99 9 18 79 53 70
Volta 95: 44 83 72 99 9 18 42 79 53
Volta 96: 44 83 72 99 18 9 42 53 79
Volta 97: 44 83 72 99 9 18 42 53
Volta 98: 44 83 72 9 18 42 99 53
Volta 99: 44 83 72 18 9 42 99
Volta 100: 44 83 72 9 18 99 42
Volta 101: 44 83 72 18 99 9
Volta 102: 44 83 72 99 9 18
Volta 103: 44 83 72 9 99
Volta 104: 83 44 72 9 99
Volta 105: 44 72 83 9
Volta 106: 44 72 83 9
Volta 107: 44 72 83
Volta 108: 44 72 83
Volta 109: 44 72
Volta 110: 44 72

Ranqueamento Final:
1: Ciclista 72 - 10501.74 segundos
2: Ciclista 44 - 10501.02 segundos
3: Ciclista 83 - 10500.30 segundos
4: Ciclista 9 - 10500.18 segundos
5: Ciclista 99 - 10277.34 segundos
6: Ciclista 18 - 10050.42 segundos
7: Ciclista 42 - 9901.02 segundos
8: Ciclista 53 - 9751.26 segundos
9: Ciclista 79 - 9526.86 segundos
10: Ciclista 70 - 9376.62 segundos
11: Ciclista 17 - 9225.42 segundos
12: Ciclista 43 - 9001.02 segundos
13: Ciclista 81 - 8776.98 segundos
14: Ciclista 37 - 8625.90 segundos
15: Ciclista 77 - 8401.86 segundos
16: Ciclista 24 - 8250.54 segundos
17: Ciclista 6 - 8025.18 segundos
18: Ciclista 10 - 7800.18 segundos
19: Ciclista 82 - 7576.98 segundos
20: Ciclista 31 - 7425.78 segundos
21: Ciclista 16 - 7350.42 segundos
22: Ciclista 23 - 7125.54 segundos
23: Ciclista 62 - 6901.50 segundos
24: Ciclista 67 - 6751.62 segundos
25: Ciclista 34 - 6525.78 segundos
26: Ciclista 58 - 6301.38 segundos
27: Ciclista 8 - 6225.18 segundos
28: Ciclista 69 - 5926.62 segundos
29: Ciclista 64 - 5776.50 segundos
30: Ciclista 84 - 5627.34 segundos
31: Ciclista 76 - 5401.86 segundos
32: Ciclista 56 - 5251.38 segundos
33: Ciclista 19 - 5100.42 segundos
34: Ciclista 75 - 4801.74 segundos
35: Ciclista 100 - 4577.34 segundos
36: Ciclista 3 - 4425.06 segundos
37: Ciclista 5 - 4275.06 segundos
38: Ciclista 20 - 4050.42 segundos
39: Ciclista 63 - 3826.50 segundos
40: Ciclista 25 - 3750.54 segundos
41: Ciclista 80 - 3526.86 segundos
42: Ciclista 55 - 3301.26 segundos
43: Ciclista 71 - 3076.74 segundos
44: Ciclista 59 - 3001.38 segundos
45: Ciclista 54 - 2776.26 segundos
46: Ciclista 88 - 2477.10 segundos
47: Ciclista 61 - 2251.50 segundos
48: Ciclista 30 - 2100.66 segundos
49: Ciclista 39 - 1875.90 segundos
50: Ciclista 40 - 1650.90 segundos
51: Ciclista 85 - 1426.98 segundos
52: Ciclista 90 - 1202.10 segundos
53: Ciclista 14 - 1050.30 segundos
54: Ciclista 28 - 825.66 segundos
55: Ciclista 89 - 527.10 segundos
56: Ciclista 87 - 302.10 segundos

Ciclista 1 quebrou na volta 12 - 1275.00 segundos
Ciclista 2 quebrou na volta 6 - 675.00 segundos
Ciclista 4 quebrou na volta 42 - 4275.00 segundos
Ciclista 7 quebrou na volta 12 - 1200.12 segundos
Ciclista 11 quebrou na volta 18 - 1875.24 segundos
Ciclista 12 quebrou na volta 6 - 600.24 segundos
Ciclista 13 quebrou na volta 54 - 5175.24 segundos
Ciclista 15 quebrou na volta 42 - 4275.24 segundos
Ciclista 21 quebrou na volta 12 - 1425.48 segundos
Ciclista 22 quebrou na volta 12 - 1275.48 segundos
Ciclista 26 quebrou na volta 36 - 3825.60 segundos
Ciclista 27 quebrou na volta 54 - 5250.60 segundos
Ciclista 29 quebrou na volta 24 - 2400.60 segundos
Ciclista 32 quebrou na volta 30 - 3075.72 segundos
Ciclista 33 quebrou na volta 66 - 6600.72 segundos
Ciclista 35 quebrou na volta 90 - 8550.72 segundos
Ciclista 36 quebrou na volta 30 - 3075.84 segundos
Ciclista 38 quebrou na volta 72 - 7050.84 segundos
Ciclista 41 quebrou na volta 78 - 7500.96 segundos
Ciclista 45 quebrou na volta 12 - 1200.96 segundos
Ciclista 46 quebrou na volta 42 - 4276.08 segundos
Ciclista 47 quebrou na volta 6 - 601.08 segundos
Ciclista 48 quebrou na volta 12 - 1201.08 segundos
Ciclista 49 quebrou na volta 42 - 4276.08 segundos
Ciclista 50 quebrou na volta 66 - 6601.08 segundos
Ciclista 51 quebrou na volta 18 - 2026.20 segundos
Ciclista 52 quebrou na volta 18 - 1726.20 segundos
Ciclista 57 quebrou na volta 42 - 4126.32 segundos
Ciclista 60 quebrou na volta 72 - 6901.32 segundos
Ciclista 65 quebrou na volta 60 - 6076.44 segundos
Ciclista 66 quebrou na volta 18 - 1801.56 segundos
Ciclista 68 quebrou na volta 48 - 4801.56 segundos
Ciclista 73 quebrou na volta 36 - 3376.68 segundos
Ciclista 74 quebrou na volta 12 - 1351.68 segundos
Ciclista 78 quebrou na volta 30 - 3226.80 segundos
Ciclista 86 quebrou na volta 72 - 7127.04 segundos
Ciclista 91 quebrou na volta 36 - 3527.16 segundos
Ciclista 92 quebrou na volta 12 - 1277.16 segundos
Ciclista 93 quebrou na volta 36 - 3527.16 segundos
Ciclista 94 quebrou na volta 72 - 7127.16 segundos
Ciclista 95 quebrou na volta 12 - 1202.16 segundos
Ciclista 96 quebrou na volta 54 - 5627.28 segundos
Ciclista 97 quebrou na volta 30 - 3002.28 segundos
Ciclista 98 quebrou na volta 6 - 677.28 segundos
