Volta 1: 2 1 5 4 3 6 10 8 9 7 15 13 12 11 14 16 17 20 19 18 22 24 23 25 21 30 26 27 29 28 35 31 33 34 32 38 37 36 40 39 44 42 43 45 41 50 49 48 46 47 53 55 52 54 51 60 59 56 57 58 64 65 63 61 62 69 68 67 70 66 75 73 74 72 71 79 77 80 78 76 84 81 82 83 85 89 86 90 87 88 92 93 95 91 94 96 97 98 100 99
Volta 2: 4 3 2 1 5 6 7 10 11 14 15 13 16 20 17 18 19 24 22 25 23 29 30 27 26 35 33 34 32 38 37 39 43 44 41 45 42 46 47 50 49 48 54 53 52 55 58 57 59 60 64 63 62 65 67 68 69 66 75 72 73 74 77 78 76 80 85 84 86 88 87 90 89 93 92 91 98 99 96 97 8 9 12 21 28 31 40 36 51 56 61 70 71 79 83 81 82 95 94 100
Volta 3: 5 4 3 2 10 14 13 18 16 19 17 25 22 26 27 30 29 35 32 33 39 37 44 43 50 49 53 52 57 58 59 60 64 65 66 69 68 75 74 72 77 88 86 90 89 91 93 97 96 1 8 7 9 6 15 11 12 20 21 24 23 28 31 34 38 36 45 41 42 46 47 48 51 55 54 56 62 61 63 67 70 73 71 76 80 79 78 84 81 83 85 82 87 92 94 98 99 40 95
Volta 4: 5 4 10 13 18 16 17 22 25 30 26 29 32 33 39 44 43 49 53 59 58 64 65 66 68 69 72 74 77 90 89 91 93 2 3 1 7 6 8 11 15 12 14 20 19 24 23 21 27 28 31 35 34 37 38 42 50 46 47 52 55 54 57 56 60 62 61 63 70 73 75 71 76 80 78 83 84 85 87 86 88 92 94 97 98 96 9 40 36 45 41 48 51 67 79 81 82 99 95
Volta 5: 5 10 32 49 59 58 68 74 77 91 93 4 7 13 12 14 19 18 16 17 24 25 23 22 21 26 27 29 30 33 35 34 38 39 37 43 44 42 47 54 53 57 65 64 61 69 66 71 72 76 80 83 89 88 90 86 97 96 3 2 1 6 8 11 15 20 28 31 40 36 41 45 50 46 48 51 52 55 56 60 62 63 70 67 73 75 79 78 84 85 82 87 94 92 98 99 9 81
Volta 6: 10 49 58 68 93 91 5 4 14 13 18 17 16 19 24 25 22 26 29 34 33 35 32 39 37 43 47 54 57 59 61 64 69 66 72 76 89 86 90 97 96 1 2 8 7 6 12 11 15 20 23 21 28 27 30 36 38 45 44 41 42 46 50 52 51 55 56 63 65 62 67 71 75 73 80 78 79 83 85 87 88 94 92 99 3 9 31 40 48 60 70 98
Volta 7: 49 5 4 10 13 14 16 19 25 24 26 34 35 33 32 39 43 47 57 58 61 64 66 68 72 76 91 93 97 96 7 8 6 17 18 21 23 22 30 29 28 37 38 42 41 45 44 46 51 54 59 56 63 62 65 69 75 71 73 78 80 85 88 86 89 90 87 92 94 99 2 3 1 9 11 15 12 20 27 31 36 40 48 50 52 55 60 70 67 79 83
Volta 8: 4 10 13 14 19 26 33 34 32 39 49 47 61 64 68 72 76 93 91 97 5 8 7 16 18 17 24 25 29 30 28 35 38 45 43 54 58 57 65 63 66 71 80 78 90 89 86 94 99 96 1 2 3 6 11 15 20 23 21 22 27 40 36 37 44 41 42 46 48 50 51 55 59 56 62 67 69 73 75 79 85 87 88 92 9 12 31 52 60 70 83
Volta 9: 4 10 13 14 26 32 47 61 68 72 76 93 91 97 5 7 18 16 17 19 24 29 33 35 34 39 38 45 49 54 58 63 64 66 78 86 89 90 96 99 8 11 20 23 22 21 25 30 28 27 36 37 42 43 41 50 46 55 57 59 65 67 71 73 80 85 88 87 92 94 3 1 2 9 6 15 12 40 44 48 51 52 56 62 69 70 75 79 31 60
Volta 10: 4 13 26 32 47 61 68 76 91 97 10 7 14 17 16 33 34 35 39 38 45 49 54 63 64 72 89 86 93 99 5 8 19 18 23 25 24 22 28 29 30 27 36 43 42 46 50 55 57 58 59 65 66 67 73 71 80 78 85 90 88 94 92 96 2 1 9 6 11 15 20 21 37 41 48 56 75 79 87 3 12 40 44 52 51 60 62 70 69 31
Volta 11: 13 26 32 68 76 97 4 10 14 17 16 33 34 38 45 49 47 54 61 72 89 93 91 7 19 24 23 30 28 29 35 36 39 43 50 58 65 64 63 66 80 78 88 90 86 94 99 96 5 1 6 8 11 15 18 20 25 21 22 27 37 42 48 46 55 59 57 56 67 71 73 85 92 3 2 9 12 41 44 52 51 70 69 75 79 87 40 60 62
Volta 12: 13 32 76 4 10 16 26 34 33 45 47 49 54 68 72 91 97 14 17 23 29 30 35 39 38 43 50 58 63 64 61 78 86 89 90 93 94 99 96 1 5 8 6 7 15 11 18 19 25 24 22 21 28 36 42 55 56 57 65 66 67 71 73 80 85 92 2 3 9 20 37 41 44 46 48 51 59 69 75 12 40 52 60 70 79 87 62
Volta 13: 13 76 10 26 34 33 32 47 54 68 91 4 16 17 23 29 30 35 38 39 45 43 50 49 63 61 72 78 86 93 97 99 5 1 7 14 11 15 19 25 24 21 22 36 42 56 58 57 65 64 66 67 73 85 90 89 94 96 2 9 8 6 20 18 28 37 46 48 55 59 69 71 75 80 92 3 41 44 51 60 70 79 87 12 40 52
Volta 14: 76 13 26 34 32 33 54 91 4 10 17 16 23 30 35 38 45 49 50 47 63 61 68 78 86 93 99 19 21 24 29 39 43 42 56 58 57 65 64 72 90 89 94 97 96 1 5 6 7 8 11 14 15 18 25 22 28 36 37 55 69 66 67 75 71 73 80 85 92 2 9 20 44 48 46 51 59 60 87 3 12 40 41 70 79 52
Volta 15: 76 13 33 34 91 4 10 16 23 26 32 38 45 50 47 54 63 61 68 78 93 17 19 21 29 30 35 39 43 42 49 56 57 65 72 89 86 96 99 97 5 1 7 14 15 11 18 24 22 25 28 36 55 58 64 66 71 75 90 94 2 9 8 6 20 37 44 46 48 51 60 67 69 73 80 85 92 3 12 40 41 59 70 79 87
Volta 16: 76 13 34 4 10 23 26 33 38 45 54 61 91 93 16 17 29 30 35 32 47 49 50 56 63 65 68 72 78 86 99 97 5 1 7 14 19 21 25 28 39 36 43 42 58 57 64 71 89 90 96 2 9 6 15 11 20 18 22 24 37 44 48 51 55 66 67 69 75 73 80 85 92 94 3 8 12 40 46 60 59 70 79 87 41
Volta 17: 76 13 34 4 10 26 45 93 17 23 29 33 38 50 49 54 56 61 65 63 68 72 78 91 97 1 7 16 21 30 35 32 39 43 42 47 58 57 64 71 89 90 86 99 96 5 9 6 15 11 14 19 20 25 24 22 28 36 44 51 69 66 73 85 94 92 2 3 8 18 40 37 46 48 55 60 59 67 75 79 80 87 12 70
Volta 18: 76 4 10 26 34 45 93 23 29 33 38 50 49 54 63 61 68 78 91 1 7 16 17 21 32 47 56 64 65 72 71 89 86 97 96 99 5 9 14 11 15 20 24 22 30 28 39 43 44 51 58 57 73 85 90 94 2 19 18 25 37 40 46 55 69 66 79 80 87 92 3 8 12 48 59 60 70 67 75
Volta 19: 76 4 10 34 45 93 23 26 38 49 50 54 1 7 16 29 33 32 47 56 65 63 61 64 68 72 71 78 89 91 97 99 5 9 11 14 15 17 20 21 24 39 44 43 58 57 73 90 86 94 96 2 19 25 22 28 30 37 40 46 51 69 80 85 87 3 8 12 18 55 59 60 67 66 79 92 48 70
Volta 20: 76 10 34 45 93 4 23 26 49 1 29 33 32 38 50 47 54 56 61 63 68 72 78 89 99 97 5 9 7 14 15 20 16 17 39 44 43 58 64 65 73 71 91 94 96 11 19 22 21 24 25 28 46 57 69 90 86 3 2 12 18 30 37 40 55 51 59 60 66 79 80 85 87 92 8 48 70 67
Volta 21: 34 45 76 93 4 10 23 26 49 1 32 38 47 50 54 56 63 68 78 5 7 9 20 16 29 33 43 58 65 61 64 71 73 72 89 91 99 96 97 14 15 11 17 19 24 25 21 22 28 39 44 57 90 86 94 3 2 12 30 40 46 51 60 66 69 79 80 87 92 8 18 37 48 55 59 85 70
Volta 22: 76 93 4 10 34 45 49 23 26 50 54 68 78 1 7 16 29 33 32 38 43 47 56 58 64 63 65 61 71 72 99 97 5 9 14 20 17 19 22 24 21 28 39 44 73 89 86 91 96 2 11 15 25 30 40 46 51 57 60 66 69 79 80 87 90 94 92 3 12 37 55 59 85 8 18 48 70
Volta 23: 34 45 76 93 4 10 26 49 54 68 1 7 23 33 32 38 50 64 63 65 61 71 72 78 99 5 9 20 16 17 24 29 28 39 44 43 47 58 56 73 89 91 96 97 2 14 11 19 25 21 22 30 51 69 80 86 94 15 37 40 46 60 57 66 79 87 90 92 3 8 12 55 59 85 18 48
Volta 24: 76 93 4 10 45 49 68 7 26 33 38 50 54 65 64 61 71 72 78 99 1 9 16 17 23 24 29 32 44 43 47 56 58 63 73 89 91 97 2 14 19 20 22 30 39 51 80 86 94 15 21 25 40 46 57 60 69 66 79 87 8 12 59 90 92 3 18 48 55 85
Volta 25: 76 4 10 45 49 68 93 7 26 33 38 50 54 64 61 78 1 9 16 23 24 29 32 44 47 56 63 65 73 71 72 91 99 2 14 17 20 22 30 43 58 86 89 97 15 19 25 21 40 39 46 51 57 66 69 79 80 94 12 60 87 92 3 8 55 59 90 18 48
Volta 26: 49 76 93 4 7 10 33 45 54 64 68 78 1 9 23 26 32 38 44 47 50 65 61 73 71 72 91 99 2 16 22 24 30 29 43 58 56 63 89 86 97 14 20 17 19 21 46 51 57 66 69 79 94 12 15 25 40 39 60 80 87 8 55 59 90 92 3 18 48
Volta 27: 49 76 4 7 10 64 68 78 93 9 23 26 32 33 38 44 45 50 47 54 61 73 1 2 24 29 43 56 58 63 65 71 72 89 91 99 14 17 20 16 19 22 30 46 51 66 79 86 94 97 15 12 21 40 39 60 57 69 80 87 25 92 3 8 18 55 59 90
Volta 28: 49 4 10 7 64 68 76 93 9 26 33 44 45 50 47 54 61 73 78 2 23 24 29 32 38 43 58 56 65 63 71 89 99 1 14 16 19 30 51 66 72 79 86 91 94 97 17 20 22 40 46 60 69 80 87 15 12 21 25 39 57 92 3 8 18 55 90 59
Volta 29: 49 4 7 76 9 10 45 50 61 64 68 73 78 93 2 23 26 32 33 44 47 54 56 65 63 89 99 1 16 24 29 38 43 51 58 66 72 71 91 94 97 14 19 17 20 30 40 46 69 79 86 87 12 15 21 22 60 57 80 92 3 8 18 25 39 90 55
Volta 30: 49 7 4 10 9 61 68 73 76 93 2 26 45 50 47 65 64 78 89 99 16 24 23 29 32 33 38 44 43 54 58 56 63 71 94 1 14 20 17 30 40 51 69 66 72 79 91 97 12 15 19 22 46 57 87 92 3 8 18 21 39 60 80 25 55 90
Volta 31: 49 7 61 68 76 93 4 9 10 26 45 50 65 73 78 89 99 2 23 29 32 33 38 44 43 47 54 58 56 64 71 1 14 20 16 17 24 40 51 63 69 66 72 79 94 91 97 12 19 22 30 46 57 87 92 15 18 39 80 3 8 21 25 55 60
Volta 32: 49 7 61 68 93 26 45 50 73 76 78 89 99 2 4 10 9 29 65 71 1 14 17 20 16 24 23 33 32 38 40 44 43 47 51 54 56 58 64 63 72 94 91 97 12 19 30 46 57 69 66 79 92 15 22 80 87 3 8 18 25 39 55 60 21
Volta 33: 49 7 61 68 93 26 45 50 73 89 99 4 10 9 29 65 71 76 78 2 1 14 17 16 23 33 32 38 40 43 44 47 54 51 72 91 12 20 24 30 46 56 58 63 64 66 69 79 92 94 97 15 19 22 57 87 18 25 55 60 80 3 8 39
Volta 34: 7 49 61 26 50 68 89 93 9 10 29 45 65 73 71 76 78 99 4 2 14 17 16 33 38 40 51 54 91 1 12 20 23 24 30 32 44 43 46 47 56 58 63 64 69 66 72 79 94 97 19 22 57 87 92 15 18 55 60 80 25 39 3 8
Volta 35: 61 7 26 49 50 89 93 10 45 68 71 73 76 99 4 9 17 16 29 33 38 65 78 1 2 14 20 24 23 30 40 43 47 54 51 63 66 69 72 79 94 91 97 12 19 32 44 46 56 58 64 87 92 15 22 57 60 80 18 25 39 55 3
Volta 36: 61 7 49 89 93 10 26 45 50 68 71 99 4 9 16 38 73 78 76 2 1 17 23 24 29 30 33 40 43 47 51 54 65 69 97 12 20 32 44 46 58 63 64 72 79 87 94 91 92 15 19 57 56 60 80 18 55 25 39 3
Volta 37: 61 7 10 26 49 50 68 71 89 93 4 9 16 38 45 73 78 76 99 2 17 24 29 30 33 43 47 51 1 12 20 23 40 46 54 65 69 72 79 92 91 94 97 32 44 60 58 64 63 80 87 15 19 18 55 56 57 25 39
Volta 38: 61 7 26 49 50 68 71 89 93 4 10 9 45 99 2 17 16 33 38 47 51 73 78 76 12 20 24 23 30 29 40 43 46 72 92 91 1 54 58 60 65 69 79 80 87 94 97 19 18 32 44 55 57 56 63 64 15 25 39
Volta 39: 61 7 26 49 71 93 10 45 50 68 89 4 9 16 17 33 38 51 78 76 99 2 20 24 30 29 40 43 47 46 73 72 92 91 1 12 23 54 69 80 94 97 19 32 44 55 56 58 60 65 63 79 87 15 18 25 57 64
Volta 40: 7 61 49 26 50 68 71 89 93 4 10 9 16 38 45 51 78 99 2 17 24 29 30 33 40 43 46 47 73 72 76 92 1 12 20 23 69 91 97 44 55 54 58 63 65 80 79 87 94 18 19 25 32 60 57 56 64 15
Volta 41: 7 61 26 49 68 71 89 4 9 16 38 45 50 78 93 10 17 24 29 33 47 51 72 73 76 99 2 20 23 30 40 43 46 69 91 92 97 1 12 44 55 54 63 65 80 79 87 94 19 25 32 58 60 57 18 56 64
Volta 42: 7 26 61 89 16 45 50 68 71 78 93 4 9 10 24 33 38 47 72 73 76 99 2 17 20 23 29 30 40 43 46 51 92 1 54 55 69 80 79 94 97 32 44 58 60 65 63 87 19 18 25 57 56 64
Volta 43: 7 26 61 89 16 50 68 78 4 9 38 45 71 73 72 76 93 99 10 20 24 29 30 33 43 47 51 92 2 1 17 23 40 46 69 80 94 32 44 55 54 60 65 79 87 97 19 18 25 57 56 58 63
Volta 44: 7 61 26 68 78 89 4 16 38 50 73 72 71 76 93 99 10 9 20 24 29 30 33 43 45 47 51 92 1 17 40 69 80 94 2 23 32 44 46 54 55 60 65 87 18 58 56 63 79 97 19 25 57
Volta 45: 7 61 26 68 89 4 16 38 50 71 72 73 78 76 93 99 10 9 20 29 30 51 1 24 33 45 43 47 94 92 2 17 23 40 44 54 60 65 69 80 32 46 55 58 79 87 97 18 19 25 56 63
Volta 46: 7 61 26 4 16 50 68 73 78 89 93 9 20 30 38 71 72 76 99 10 24 29 33 43 45 47 51 92 94 1 2 17 23 54 60 80 32 40 44 46 55 58 65 69 79 87 97 19 18 56 63 25
Volta 47: 7 61 26 16 50 68 73 78 89 4 9 30 38 71 72 76 93 99 20 24 29 47 51 2 1 10 17 23 33 43 45 60 80 94 92 32 44 46 55 54 65 69 79 87 97 19 40 56 58 63 18
Volta 48: 7 61 26 68 78 4 9 16 38 50 73 72 89 93 99 20 24 30 51 71 76 2 23 29 33 43 45 47 80 94 1 10 17 32 46 54 60 87 92 97 40 44 55 56 58 65 63 69 79 19 18
Volta 49: 7 61 26 68 78 4 9 16 50 72 73 89 93 99 20 24 30 38 51 71 76 2 29 45 47 80 94 10 17 23 33 32 43 60 92 97 1 46 54 58 56 65 79 87 19 40 44 55 63 69
Volta 50: 7 61 78 9 16 26 50 68 72 89 93 4 24 38 51 73 71 76 99 20 30 94 2 17 23 29 33 43 45 47 60 80 92 1 10 32 46 54 56 65 79 87 97 19 40 44 55 58 63 69
Volta 51: 7 61 16 26 50 68 72 78 89 9 24 38 71 73 76 93 99 4 20 30 51 2 17 23 47 60 80 94 10 29 33 32 45 43 46 54 56 65 79 87 92 97 1 19 40 44 63 55 58
Volta 52: 7 61 68 72 89 9 16 24 26 50 73 78 76 93 99 4 30 38 51 71 20 17 23 47 60 2 10 29 43 45 56 80 79 94 97 1 33 32 46 54 65 87 92 19 40 44 55 63 58
Volta 53: 7 61 72 89 16 26 50 68 76 78 99 4 9 24 30 38 71 73 93 20 17 47 51 60 2 23 80 79 94 10 29 32 33 43 45 46 56 65 87 92 97 1 19 40 44 54 63 55
Volta 54: 7 61 72 89 16 50 78 4 24 26 38 68 73 76 93 99 9 20 17 30 51 60 71 23 47 80 94 2 10 29 33 45 56 79 87 97 1 19 32 40 43 46 65 92 44 55 54 63
Volta 55: 7 61 89 50 72 78 16 26 38 68 76 99 4 17 24 51 60 71 73 93 9 20 30 47 94 10 23 29 45 56 80 79 87 2 19 33 43 46 65 92 97 1 32 40 44 54 55
Volta 56: 7 61 89 50 72 78 16 26 68 17 38 51 60 76 93 99 4 9 20 24 30 47 73 71 10 23 29 45 56 80 87 94 2 33 43 46 79 92 1 19 32 40 54 65 97 44 55
Volta 57: 61 7 50 72 78 89 16 26 17 38 60 68 76 93 99 4 20 24 30 47 51 73 71 9 23 29 45 56 80 94 2 10 33 43 46 79 87 92 1 19 32 65 97 40 44 54
Volta 58: 61 7 78 89 50 72 16 17 26 38 68 76 93 99 47 51 60 71 73 4 9 20 23 24 30 29 56 94 45 43 80 79 87 2 1 10 19 32 33 46 65 92 97 54 40 44
Volta 59: 7 61 72 78 89 17 26 38 50 68 76 93 99 16 47 51 60 73 71 4 20 24 30 94 9 23 29 56 79 80 87 2 1 10 45 43 46 92 19 32 33 54 65 97 40
Volta 60: 61 7 72 78 89 17 26 50 68 76 93 99 16 38 73 71 24 30 47 60 94 4 9 20 23 56 2 10 45 46 79 87 1 19 33 32 43 65 92 40 54 97
Volta 61: 61 7 72 78 26 50 68 89 99 17 16 38 76 93 30 47 71 73 4 9 23 24 56 60 94 10 20 45 46 79 87 2 1 19 32 33 65 43 54 92 40
Volta 62: 7 61 72 26 78 89 99 17 16 38 50 68 76 93 30 47 73 71 4 23 60 56 94 9 20 24 45 46 87 2 1 10 32 33 65 79 19 43 54 92 40
Volta 63: 7 61 72 78 89 99 26 38 76 93 16 17 30 50 47 68 73 23 56 71 94 4 9 20 46 60 24 32 45 65 87 2 1 10 19 33 54 79 43 92
Volta 64: 7 61 72 89 99 38 78 93 17 16 26 50 68 73 76 30 47 71 4 9 20 23 46 60 56 94 24 45 65 10 19 33 32 79 87 1 2 43 54 92
Volta 65: 7 61 72 89 38 78 99 16 17 26 50 68 76 93 30 47 73 9 20 23 46 60 71 4 56 65 94 10 19 24 33 32 45 87 2 1 43 54 79
Volta 66: 7 61 72 89 38 78 99 16 17 26 50 76 93 47 68 30 46 60 73 71 9 20 23 56 65 94 4 10 19 24 32 33 45 2 1 43 54 87 79
Volta 67: 7 61 72 89 99 38 50 78 93 16 17 26 68 76 30 47 46 73 71 9 23 56 60 94 4 10 20 19 24 33 32 45 65 1 2 54 87 43
Volta 68: 7 61 72 89 50 78 93 99 17 16 38 68 76 26 47 46 71 9 23 30 60 56 73 94 4 10 19 20 24 45 65 33 32 54 87 1 2 43
Volta 69: 7 61 72 50 78 89 17 16 38 68 76 93 99 46 71 23 30 26 47 60 73 94 9 10 20 19 24 56 65 4 33 45 54 1 32 87 2
Volta 70: 7 61 72 78 16 17 50 68 76 89 38 71 93 99 26 30 46 47 94 10 9 20 19 23 24 60 56 65 73 4 33 32 45 54 87 1 2
Volta 71: 7 61 72 78 16 50 89 17 68 76 93 99 26 30 38 46 71 10 20 19 47 60 73 94 9 24 23 56 65 4 33 45 54 87 32 1
Volta 72: 7 61 72 78 16 17 50 76 89 93 99 30 26 38 46 68 71 10 47 60 94 9 20 19 24 23 56 65 73 4 54 87 33 32 1
Volta 73: 7 61 72 78 16 50 89 17 26 30 46 68 76 93 99 10 38 60 71 94 9 19 20 47 56 65 73 23 24 4 33 32 54 87
Volta 74: 7 61 72 78 16 50 89 17 26 93 99 10 30 38 46 68 71 76 94 9 19 47 60 65 20 24 56 73 4 23 33 54 87 32
Volta 75: 7 61 72 78 89 16 50 17 26 30 38 68 76 94 93 99 10 19 47 46 60 71 9 20 24 65 73 4 23 33 54 56 87
Volta 76: 7 61 72 78 89 16 50 30 26 38 68 76 94 93 99 10 17 19 46 47 71 9 20 24 60 65 73 23 33 54 56 4 87
Volta 77: 7 61 72 78 89 16 50 26 30 76 93 99 10 19 17 38 46 47 68 94 9 24 60 65 73 71 20 54 23 33 56 4
Volta 78: 7 61 72 89 16 78 30 50 99 17 26 38 46 47 68 76 93 10 19 24 60 73 71 94 9 20 54 65 23 33 56 4
Volta 79: 7 61 89 16 72 78 30 50 99 26 46 47 93 10 17 19 24 38 68 76 94 9 20 60 65 71 73 33 54 56 23
Volta 80: 7 61 72 89 16 30 78 26 47 50 99 19 17 24 38 46 68 76 93 10 20 60 73 71 94 9 54 65 23 33 56
Volta 81: 7 61 89 16 72 78 30 26 50 47 17 46 93 99 10 19 24 38 60 68 73 76 94 9 20 65 71 23 33 54
Volta 82: 7 61 72 89 16 78 26 30 47 50 93 99 10 19 17 24 38 46 68 76 60 65 73 94 9 20 54 71 23 33
Volta 83: 7 61 72 16 78 89 30 47 93 99 10 19 24 26 50 76 17 38 46 60 65 68 73 94 20 71 9 23 54
Volta 84: 7 61 72 16 78 89 30 47 24 26 50 76 93 99 10 19 38 46 65 68 73 20 17 60 71 94 23 54 9
Volta 85: 7 61 72 16 78 30 47 89 24 26 50 76 93 99 10 38 46 65 73 19 17 60 68 94 20 54 71 23
Volta 86: 7 61 72 78 16 30 89 24 47 93 10 26 46 50 65 73 76 99 17 19 38 60 94 20 68 54 71 23
Volta 87: 7 61 72 78 16 30 89 24 47 93 10 50 76 17 19 26 46 60 65 73 94 99 20 38 68 54 71
Volta 88: 7 61 72 16 78 89 30 47 93 24 10 17 19 26 50 46 65 73 76 99 38 60 68 94 20 54 71
Volta 89: 7 61 72 16 78 89 30 93 24 47 17 26 46 50 65 73 76 99 10 19 38 60 68 94 20 54
Volta 90: 7 61 72 16 89 30 78 47 93 24 65 99 10 17 19 26 38 46 60 68 73 94 20 54
Volta 91: 7 61 16 72 89 78 30 47 93 24 99 10 17 26 46 60 65 94 19 20 38 68 73
Volta 92: 7 61 89 16 72 30 78 93 24 47 99 10 17 26 46 60 94 19 38 65 68 73 20
Volta 93: 7 61 89 16 72 30 93 47 78 10 17 24 26 46 60 99 65 94 19 38 68 73
Volta 94: 7 89 16 61 72 93 30 47 78 10 17 46 60 24 26 99 19 38 65 73 94 68
Volta 95: 7 16 61 89 93 47 72 78 30 46 60 10 17 26 99 24 65 94 19 38 73
Volta 96: 7 89 16 61 93 72 30 47 46 60 78 10 17 26 24 94 99 19 38 65 73
Volta 97: 7 89 16 93 61 47 46 72 78 17 30 60 10 26 94 99 19 24 65 38
Volta 98: 7 16 89 93 47 61 72 78 17 30 46 60 26 94 10 24 65 99 19 38
Volta 99: 7 89 93 16 47 61 72 78 17 60 30 26 46 94 10 65 99 19 24
Volta 100: 7 89 93 16 61 72 47 60 78 17 26 46 94 10 30 65 24 99 19
Volta 101: 7 89 93 16 72 47 60 61 78 17 26 94 10 30 46 65 99 24
Volta 102: 7 89 93 16 72 26 60 61 78 10 17 30 46 65 94 99 24
Volta 103: 7 89 93 16 60 72 78 17 26 46 61 65 94 10 30 99
Volta 104: 7 89 93 16 60 72 78 17 26 61 65 94 30 46 10 99
Volta 105: 7 89 93 16 60 72 78 17 26 30 46 61 65 94 10
Volta 106: 7 89 93 16 17 26 60 72 78 61 65 30 46 94 10
Volta 107: 7 89 93 16 60 72 17 26 61 65 78 30 94 46
Volta 108: 7 89 93 16 60 72 17 26 65 61 78 94 30 46
Volta 109: 7 93 89 16 72 17 26 60 65 78 61 30 94
Volta 110: 7 93 89 72 17 16 26 65 78 60 61 30 94
Volta 111: 7 93 89 72 17 16 26 61 65 78 30 60
Volta 112: 7 93 89 16 26 72 17 61 65 78 30 60
Volta 113: 7 89 93 16 26 61 65 72 17 30 78
Volta 114: 7 89 93 16 26 65 61 72 17 78 30
Volta 115: 7 89 93 16 26 61 72 17 65 78
Volta 116: 7 89 93 16 61 72 17 26 65 78
Volta 117: 7 89 93 16 61 72 17 26 65
Volta 118: 7 89 93 61 72 16 17 26 65
Volta 119: 7 89 61 72 93 16 17 26
Volta 120: 7 89 61 93 16 72 26
Volta 121: 7 89 61 16 72 93
Volta 122: 7 89 16 61 72 93
Volta 123: 7 89 61 16 72
Volta 124: 7 89 16 61 72
Volta 125: 7 89 16 61
Volta 126: 7 89 16 61
Volta 127: 7 16 89
Volta 128: 7 89 16
Volta 129: 7 89
Volta 130: 7 89

Ranqueamento Final:
1: Ciclista 89 - 25052.10 segundos
2: Ciclista 16 - 24750.42 segundos
3: Ciclista 61 - 24301.50 segundos
4: Ciclista 7 - 24150.18 segundos
5: Ciclista 72 - 24001.74 segundos
6: Ciclista 93 - 23552.22 segundos
7: Ciclista 26 - 23550.66 segundos
8: Ciclista 65 - 23101.50 segundos
9: Ciclista 78 - 22951.86 segundos
10: Ciclista 30 - 22500.66 segundos
11: Ciclista 60 - 22201.38 segundos
12: Ciclista 94 - 21902.22 segundos
13: Ciclista 46 - 21451.14 segundos
14: Ciclista 10 - 21150.18 segundos
15: Ciclista 99 - 20702.34 segundos
16: Ciclista 24 - 20400.54 segundos
17: Ciclista 19 - 20100.42 segundos
18: Ciclista 38 - 19650.90 segundos
19: Ciclista 73 - 19201.74 segundos
20: Ciclista 68 - 18901.62 segundos
21: Ciclista 20 - 18450.42 segundos
22: Ciclista 54 - 18151.26 segundos
23: Ciclista 71 - 17701.74 segundos
24: Ciclista 23 - 17550.54 segundos
25: Ciclista 9 - 17100.18 segundos
26: Ciclista 33 - 16650.78 segundos
27: Ciclista 56 - 16201.38 segundos
28: Ciclista 4 - 15900.06 segundos
29: Ciclista 87 - 15452.10 segundos
30: Ciclista 32 - 15150.78 segundos
31: Ciclista 1 - 14850.06 segundos
32: Ciclista 2 - 14400.06 segundos
33: Ciclista 43 - 13951.02 segundos
34: Ciclista 79 - 13651.86 segundos
35: Ciclista 92 - 13202.22 segundos
36: Ciclista 40 - 12900.90 segundos
37: Ciclista 97 - 12452.34 segundos
38: Ciclista 44 - 12151.02 segundos
39: Ciclista 55 - 11701.26 segundos
40: Ciclista 63 - 11251.50 segundos
41: Ciclista 58 - 10951.38 segundos
42: Ciclista 69 - 10351.62 segundos
43: Ciclista 18 - 10200.42 segundos
44: Ciclista 25 - 9750.54 segundos
45: Ciclista 57 - 9301.38 segundos
46: Ciclista 64 - 8851.50 segundos
47: Ciclista 15 - 8550.30 segundos
48: Ciclista 39 - 8250.90 segundos
49: Ciclista 3 - 7950.06 segundos
50: Ciclista 8 - 7500.18 segundos
51: Ciclista 21 - 7050.54 segundos
52: Ciclista 90 - 6602.10 segundos
53: Ciclista 59 - 6301.38 segundos
54: Ciclista 48 - 5851.14 segundos
55: Ciclista 85 - 5401.98 segundos
56: Ciclista 70 - 4951.62 segundos
57: Ciclista 67 - 4501.62 segundos
58: Ciclista 75 - 4051.74 segundos
59: Ciclista 41 - 3751.02 segundos
60: Ciclista 52 - 3451.26 segundos
61: Ciclista 62 - 3001.50 segundos
62: Ciclista 31 - 2550.78 segundos
63: Ciclista 83 - 1951.98 segundos
64: Ciclista 98 - 1502.34 segundos
65: Ciclista 95 - 1202.22 segundos
66: Ciclista 100 - 602.34 segundos

Ciclista 5 quebrou na volta 24 - 4800.00 segundos
Ciclista 6 quebrou na volta 18 - 3750.12 segundos
Ciclista 11 quebrou na volta 24 - 4950.24 segundos
Ciclista 12 quebrou na volta 42 - 8550.24 segundos
Ciclista 13 quebrou na volta 18 - 3150.24 segundos
Ciclista 14 quebrou na volta 36 - 7200.24 segundos
Ciclista 17 quebrou na volta 120 - 23550.36 segundos
Ciclista 22 quebrou na volta 36 - 7500.48 segundos
Ciclista 27 quebrou na volta 12 - 2550.60 segundos
Ciclista 28 quebrou na volta 24 - 4800.60 segundos
Ciclista 29 quebrou na volta 60 - 12000.60 segundos
Ciclista 34 quebrou na volta 24 - 4350.72 segundos
Ciclista 35 quebrou na volta 18 - 3600.72 segundos
Ciclista 36 quebrou na volta 18 - 3750.84 segundos
Ciclista 37 quebrou na volta 24 - 5250.84 segundos
Ciclista 42 quebrou na volta 18 - 3600.96 segundos
Ciclista 45 quebrou na volta 72 - 14550.96 segundos
Ciclista 47 quebrou na volta 102 - 19801.08 segundos
Ciclista 49 quebrou na volta 42 - 7951.08 segundos
Ciclista 50 quebrou na volta 90 - 17851.08 segundos
Ciclista 51 quebrou na volta 60 - 11851.20 segundos
Ciclista 53 quebrou na volta 6 - 1201.20 segundos
Ciclista 66 quebrou na volta 36 - 7201.56 segundos
Ciclista 74 quebrou na volta 6 - 1051.68 segundos
Ciclista 76 quebrou na volta 90 - 17701.80 segundos
Ciclista 77 quebrou na volta 6 - 1201.80 segundos
Ciclista 80 quebrou na volta 60 - 12001.80 segundos
Ciclista 81 quebrou na volta 6 - 1501.92 segundos
Ciclista 82 quebrou na volta 6 - 1351.92 segundos
Ciclista 84 quebrou na volta 6 - 1501.92 segundos
Ciclista 86 quebrou na volta 30 - 6152.04 segundos
Ciclista 88 quebrou na volta 12 - 2402.04 segundos
Ciclista 91 quebrou na volta 42 - 8402.16 segundos
Ciclista 96 quebrou na volta 24 - 4802.28 segundos
