Volta 1: 2 3 4 5 1 8 6 7 10 9 15 12 11 14 13 17 18 19 20 16 22 21 25 23 24 26 30 28 27 29 33 35 34 31 32 40 36 39 38 37 41 45 42 44 43 47 49 48 46 50 51 52 53 54 55 57 58 56 60 59 62 61 63 65 64 67 68 70 69 66 75 73 74 71 72 80 76 77 78 79 83 82 84 81 85 90 89 87 88 86 94 92 93 95 91 98 99 97 96 100
Volta 2: 3 1 4 5 8 9 7 10 14 13 20 16 17 18 19 22 24 28 27 26 29 34 32 31 35 38 37 40 45 44 43 41 46 50 48 49 47 53 52 54 51 55 57 58 59 60 62 64 63 61 65 67 69 66 68 73 72 74 77 80 79 85 83 84 81 88 92 94 93 95 91 98 97 96 100 99 2 6 15 11 12 25 21 23 30 33 36 39 42 56 70 71 75 78 76 82 86 90 89 87
Volta 3: 3 4 9 7 10 8 13 20 19 17 22 28 27 32 37 38 45 44 48 52 51 54 60 58 59 63 65 68 67 73 80 79 83 81 84 88 91 92 95 93 99 98 97 100 1 5 2 12 14 15 18 16 23 24 25 21 29 26 30 34 35 33 31 40 39 36 41 42 43 47 50 49 46 55 53 56 57 62 61 64 66 69 72 74 76 78 77 82 85 86 90 89 94 96 6 11 70 75 71
Volta 4: 4 7 8 20 19 22 28 27 32 44 58 60 63 67 73 80 79 83 81 84 88 91 93 95 99 98 1 5 2 3 10 9 14 13 15 12 16 17 25 24 21 23 29 26 33 34 39 36 37 38 40 43 42 45 46 47 48 49 50 52 53 51 54 59 56 57 65 64 68 66 72 74 77 82 85 89 86 92 94 100 97 96 11 18 30 35 31 41 55 62 61 69 70 71 76 78 90 6 75
Volta 5: 4 7 19 22 32 44 58 73 80 79 81 88 95 93 91 99 5 10 9 8 12 13 15 14 20 17 21 23 25 27 26 29 28 34 33 38 36 43 42 45 50 49 47 48 46 51 54 53 56 60 57 63 64 65 67 68 66 74 72 82 83 84 86 92 100 96 98 1 2 3 11 16 18 24 30 31 35 40 37 39 41 52 55 59 61 62 69 71 78 76 77 85 90 89 94 97 6 70
Volta 6: 4 22 44 58 73 79 88 95 5 10 8 7 14 15 19 20 21 25 27 26 28 33 32 38 42 46 47 50 54 53 60 65 64 63 67 68 66 74 80 83 84 81 91 93 92 99 3 1 9 12 11 13 17 18 16 24 23 30 29 34 35 37 36 40 39 43 45 48 49 55 52 51 59 56 62 61 72 77 78 85 89 86 100 98 2 31 41 69 71 90 94 97 6 70
Volta 7: 4 44 58 79 88 5 10 15 14 19 22 21 26 27 32 38 42 53 54 60 64 63 67 74 73 80 84 91 92 95 93 99 3 7 8 9 11 12 13 16 17 20 18 25 24 23 29 30 28 35 33 34 36 45 47 46 49 50 55 51 56 62 65 66 68 77 83 81 89 86 98 2 1 31 39 40 37 41 43 48 52 59 61 69 71 72 78 85 90 94 97 100 6
Volta 8: 44 58 88 4 22 27 26 32 54 64 73 74 79 84 95 99 5 3 9 7 8 10 11 15 13 14 20 19 17 25 23 24 21 30 28 35 33 36 38 45 42 46 47 50 53 51 56 60 65 63 62 67 80 81 89 92 91 93 98 2 1 12 18 16 29 34 37 40 41 43 49 55 52 59 61 68 66 71 77 78 83 85 86 90 97 100 6 31 39 48 69 72 94
Volta 9: 44 58 88 4 22 54 64 74 84 95 5 3 10 9 8 14 13 19 20 25 23 24 27 26 28 35 32 36 38 42 45 50 53 60 63 67 73 79 81 89 93 91 92 99 98 1 2 7 15 12 11 17 18 16 21 29 30 33 40 37 43 49 46 47 51 59 56 62 65 61 68 71 77 80 85 83 86 100 6 31 34 39 41 48 52 55 69 66 72 78 90 97
Volta 10: 58 88 22 44 74 84 95 5 3 4 14 13 20 23 24 25 26 27 35 32 42 54 53 60 63 64 73 79 89 91 93 99 1 2 9 10 8 11 15 12 17 19 18 21 28 40 37 38 36 45 47 50 46 51 56 59 61 65 67 68 71 80 83 81 92 98 100 7 6 16 30 29 34 31 33 39 43 49 48 62 69 66 72 78 77 85 86 90 97 41 52 55
Volta 11: 58 44 74 84 88 95 4 3 5 22 25 23 27 26 32 35 54 53 60 64 63 73 79 91 93 99 8 10 14 12 11 13 15 17 18 20 19 24 28 36 38 42 45 47 50 51 59 61 67 71 83 81 89 92 98 100 1 2 7 9 16 21 30 33 39 40 37 49 46 56 65 62 68 78 80 77 86 90 6 29 34 31 43 48 52 66 69 72 85 97 41
Volta 12: 58 74 84 5 25 22 26 32 44 53 54 60 64 63 73 79 88 95 93 91 99 3 8 10 13 11 15 14 20 24 27 35 38 45 51 59 67 71 83 81 89 92 100 1 2 9 12 19 17 21 28 36 39 40 37 42 47 50 49 46 56 61 68 78 80 6 7 16 30 29 31 33 34 43 52 65 62 69 66 72 77 85 90 86 97 41 48
Volta 13: 58 74 84 5 25 32 44 54 60 63 64 73 79 88 95 93 99 3 10 11 15 13 22 24 27 26 35 38 53 51 59 71 83 81 91 92 8 9 12 14 19 20 17 28 37 40 39 36 45 42 50 46 47 61 67 68 78 80 89 100 1 2 7 21 30 33 49 52 56 62 65 66 69 72 86 90 97 6 16 29 34 31 43 41 77 85
Volta 14: 5 44 54 58 60 73 74 79 84 88 93 95 99 3 13 11 22 24 25 26 35 32 38 64 63 83 81 91 8 10 15 14 17 20 27 40 36 45 46 53 51 59 67 71 78 89 92 100 1 2 7 9 12 19 30 28 37 39 42 50 49 47 52 56 65 61 62 68 66 72 80 86 97 6 21 29 31 33 34 41 43 69 77 85 90 16
Volta 15: 44 60 58 74 84 95 99 3 5 11 25 24 32 35 54 64 63 73 79 81 88 93 91 8 10 14 13 15 17 20 22 27 26 40 38 46 53 51 59 67 71 83 92 100 1 2 7 9 12 19 28 37 36 39 45 50 47 56 61 68 72 80 78 89 97 30 33 42 43 41 49 52 65 62 66 69 77 85 90 86 6 21 29 34 31
Volta 16: 44 60 58 95 99 5 3 11 25 35 54 64 74 73 79 84 88 93 91 8 14 13 17 20 22 24 26 32 40 38 46 53 51 59 63 71 83 81 92 100 2 7 10 9 12 15 28 27 36 45 50 56 61 68 67 80 78 89 97 1 19 30 39 37 42 47 52 62 65 66 72 85 86 90 6 21 29 31 34 33 41 43 49 69 77
Volta 17: 44 60 95 99 3 11 25 35 54 58 74 73 79 88 5 8 20 17 24 32 46 51 53 59 64 84 93 91 92 100 7 15 12 14 13 22 27 28 26 38 40 36 45 50 63 68 67 71 80 81 83 89 2 1 9 10 19 30 39 42 47 52 56 65 61 66 72 78 86 90 97 6 21 29 33 31 37 43 49 62 69 85 34 41
Volta 18: 44 60 95 3 11 25 35 54 58 73 74 99 5 20 17 32 46 51 59 64 84 88 92 91 93 100 8 7 15 13 12 24 22 26 28 38 36 40 50 53 63 67 71 83 81 1 2 9 14 27 39 45 42 56 61 68 66 80 78 86 89 90 97 6 19 21 31 43 49 47 52 62 69 72 85 29 34 33 41
Volta 19: 95 3 25 44 58 60 74 99 5 11 20 32 35 46 54 51 59 64 73 88 93 91 100 7 8 17 22 24 28 38 40 36 53 67 71 84 92 2 9 12 15 13 26 27 39 45 50 56 61 63 68 80 78 83 81 89 86 1 6 14 19 31 43 42 47 52 62 69 66 72 85 90 97 21 29 34 33 49
Volta 20: 95 25 44 60 5 3 11 32 46 51 59 58 64 73 74 93 91 100 99 7 20 17 22 28 35 40 36 38 53 54 67 71 84 88 92 2 8 12 13 15 24 26 27 45 50 56 63 68 78 81 83 89 86 6 9 14 31 39 43 42 47 61 62 66 69 80 85 97 1 19 21 34 33 49 52 72 90 29
Volta 21: 60 95 5 3 11 25 32 44 46 51 58 64 73 74 91 93 100 17 20 22 35 38 53 54 59 67 84 99 7 28 27 40 36 50 68 71 78 83 88 86 92 2 8 14 15 12 13 24 26 39 42 43 45 56 63 61 62 69 81 85 89 97 6 9 19 21 31 34 33 47 49 52 66 80 90 1 72
Volta 22: 95 11 32 44 46 51 60 64 74 91 5 3 22 25 53 58 59 73 84 93 99 100 7 17 20 35 38 36 40 54 67 71 78 83 86 92 2 8 14 12 13 15 26 27 28 39 42 45 50 56 62 61 68 69 81 85 88 97 9 24 31 34 43 47 49 63 66 80 89 6 19 21 33 52 72 90 1
Volta 23: 95 11 32 44 91 3 25 46 51 58 60 64 74 73 93 5 7 17 20 22 35 38 40 53 54 59 71 78 84 86 99 100 14 15 12 26 27 28 36 42 50 61 62 67 69 68 83 85 88 92 97 2 8 9 13 31 34 39 43 45 49 47 56 63 80 81 6 19 24 52 66 89 90 21 33 72
Volta 24: 11 32 95 25 44 60 58 64 74 91 3 20 17 35 40 46 53 51 59 73 84 86 99 100 5 14 12 22 27 38 36 50 54 62 69 68 71 78 83 85 88 92 97 2 8 15 13 26 28 31 39 45 42 49 47 56 61 67 80 81 9 19 24 34 52 66 89 90 6 21 72 33
Volta 25: 11 32 95 25 44 60 74 91 3 35 46 51 59 58 64 73 84 86 99 100 5 12 20 17 36 40 50 54 53 62 68 78 85 83 88 97 13 14 15 22 27 28 26 38 39 45 42 56 61 69 67 71 80 81 92 2 8 19 31 34 49 47 52 66 89 90 9 6 24 72 21
Volta 26: 95 11 25 32 60 74 91 3 44 59 64 84 86 99 17 35 36 40 46 54 51 58 62 68 73 83 88 100 97 5 12 13 14 15 20 22 28 27 26 38 42 45 50 53 69 67 71 78 85 81 92 2 31 34 39 49 47 52 56 61 80 90 9 8 19 24 66 72 89 6 21
Volta 27: 95 11 25 32 60 74 3 44 59 64 84 86 91 17 35 36 40 54 58 62 68 83 97 99 5 14 13 12 15 20 22 27 38 50 46 53 51 69 67 71 73 78 85 81 88 100 28 26 31 34 39 45 42 47 49 52 56 80 90 92 2 8 19 24 61 66 72 89 6 9
Volta 28: 95 11 32 74 3 25 44 60 59 64 84 91 35 36 40 54 68 86 97 99 13 12 17 22 27 50 51 58 62 67 73 78 85 83 88 5 15 14 20 28 26 34 38 39 45 47 46 53 52 56 69 71 80 81 90 92 100 2 24 31 42 49 61 9 8 6 19 66 72 89
Volta 29: 95 11 32 25 44 64 74 3 35 40 36 54 60 59 68 84 86 91 99 13 17 22 51 58 62 85 83 97 5 12 15 20 27 26 39 38 47 50 53 52 56 69 67 71 73 78 80 81 88 92 2 14 24 28 34 31 42 45 49 46 61 90 100 9 19 72 8 6 66
Volta 30: 11 32 95 25 44 64 74 3 35 40 54 60 84 86 91 99 13 22 36 58 59 62 68 85 83 97 5 15 12 20 17 39 38 50 51 53 69 67 71 73 78 88 92 2 14 27 26 28 31 42 46 47 49 52 56 80 81 90 9 24 45 61 8 6 19 72 66
Volta 31: 11 25 32 95 35 44 54 64 74 84 91 3 22 40 36 59 58 60 68 83 86 97 99 5 15 13 20 39 51 53 62 67 69 78 85 92 12 17 27 26 31 38 42 50 52 56 71 73 81 88 90 2 9 14 24 28 45 49 46 47 61 80 8 6 19 72
Volta 32: 11 25 32 35 44 54 74 84 91 95 3 40 59 64 83 86 99 5 15 13 20 22 36 39 51 53 60 58 62 68 69 85 92 97 12 17 27 26 38 42 50 52 56 67 71 78 81 90 88 9 14 28 31 47 61 73 80 2 8 6 19 24 45 49 46 72
Volta 33: 25 11 32 54 91 95 35 44 59 64 74 84 83 86 5 3 13 22 36 40 53 62 68 85 99 12 15 20 38 39 42 51 58 60 67 69 71 78 81 90 92 97 9 14 17 26 28 27 31 50 52 56 73 80 88 2 6 19 24 46 49 47 61 8 45
Volta 34: 25 11 32 54 91 95 35 59 64 74 83 84 3 13 22 40 44 53 85 86 99 5 12 20 36 39 42 51 60 58 62 69 68 78 81 90 97 9 15 17 26 27 38 52 56 67 71 73 80 88 92 14 19 28 31 50 49 47 61 2 6 24 46 8 45
Volta 35: 25 32 54 91 95 11 35 59 74 84 83 3 13 22 40 64 85 86 5 20 39 36 44 53 58 62 68 69 78 99 12 27 42 52 51 60 67 73 71 81 90 88 92 97 9 14 15 17 19 26 28 38 49 50 47 56 61 80 6 24 31 46 2 8
Volta 36: 25 54 95 11 32 59 83 3 35 40 64 74 84 85 13 20 22 44 58 69 5 12 36 39 42 53 51 60 62 67 68 78 90 97 99 9 15 17 26 27 38 47 52 56 73 71 80 81 88 92 6 14 19 24 28 50 46 61 8 31
Volta 37: 25 54 95 59 3 11 32 35 40 64 74 83 84 20 22 58 85 5 13 36 44 53 60 62 68 69 67 78 90 99 15 12 17 38 39 42 47 51 56 71 73 88 92 97 9 6 14 19 27 26 28 52 61 80 81 24 46 50 8
Volta 38: 95 25 54 3 11 32 35 59 74 83 84 22 40 58 64 85 5 20 36 44 60 69 68 78 90 12 15 13 39 47 53 62 67 71 99 97 6 9 14 17 19 26 27 28 38 42 52 51 56 61 73 88 92 24 50 80 81 8 46
Volta 39: 25 95 11 35 54 59 83 3 32 74 84 5 20 22 40 36 44 60 58 64 69 85 90 15 39 47 53 62 68 71 78 6 9 13 12 17 27 38 42 51 52 61 67 73 88 92 99 97 14 19 24 26 28 56 80 81 50 8
Volta 40: 25 95 11 35 54 59 83 32 74 3 40 44 58 64 85 84 90 5 20 22 39 36 53 60 62 68 69 78 9 15 13 17 27 38 42 47 61 67 71 92 6 14 12 19 24 28 26 51 52 56 73 80 81 88 99 97 50 8
Volta 41: 25 11 54 59 83 95 35 3 32 64 74 85 84 90 5 20 22 36 40 44 58 60 69 68 78 9 15 13 38 39 42 47 53 62 61 92 6 12 14 17 27 28 51 67 71 73 80 81 88 99 97 19 24 26 50 52 56
Volta 42: 25 11 59 95 35 54 83 32 64 74 85 90 3 20 40 58 68 5 9 13 15 22 36 38 39 42 62 69 92 6 14 27 47 53 51 61 67 71 73 80 88 17 24 50 56 81 99 97 26 52
Volta 43: 25 11 59 95 54 83 32 35 85 90 20 58 64 68 74 3 13 36 40 42 62 69 92 5 9 15 14 22 27 38 39 47 53 71 73 80 88 6 24 50 51 56 61 67 81 97 17 99 26
Volta 44: 25 11 59 54 95 35 32 85 83 90 20 64 68 74 13 40 58 62 92 5 3 9 15 27 38 39 36 42 53 69 73 71 88 6 14 24 22 47 51 56 61 67 80 81 17 50 99 97 26
Volta 45: 11 25 59 54 95 32 83 90 20 35 64 74 85 13 58 62 68 3 5 36 39 38 40 53 69 73 88 92 6 9 15 14 24 22 27 42 47 56 67 71 81 50 51 61 80 97 17 99
Volta 46: 59 11 25 54 32 95 20 35 64 85 83 90 13 68 74 5 3 40 39 58 62 69 88 92 6 14 22 24 27 36 38 42 47 53 67 73 71 81 9 15 51 56 61 80 97 17 50 99
Volta 47: 11 54 59 25 95 32 64 85 83 20 35 74 90 3 13 39 58 68 88 92 5 22 40 36 47 62 69 73 6 9 14 15 24 27 38 42 51 53 61 67 71 80 81 97 17 50 56
Volta 48: 11 54 25 59 95 32 83 20 35 64 74 85 90 3 13 39 92 5 22 40 36 58 62 69 73 88 6 9 24 27 38 42 47 51 67 80 81 97 14 15 50 53 56 71 17
Volta 49: 11 25 54 59 95 32 83 20 74 85 35 39 64 90 92 3 5 13 22 36 40 58 62 69 73 88 9 24 42 47 51 81 6 14 15 27 38 50 53 67 80 97 56 71
Volta 50: 11 25 95 32 54 59 20 83 64 74 85 90 92 5 13 22 35 39 62 69 73 88 3 9 40 36 42 51 58 6 14 15 24 27 47 50 67 80 81 97 38 53 71 56
Volta 51: 11 25 54 59 95 20 32 83 64 74 85 90 5 22 39 62 69 73 92 3 13 35 40 36 51 88 9 6 15 14 27 42 47 50 58 80 81 97 24 38 53 67 71
Volta 52: 11 25 95 20 54 59 32 64 74 83 90 5 22 39 73 85 92 13 51 62 69 3 6 15 27 35 36 40 42 50 58 80 88 97 9 14 24 38 47 53 67 71 81
Volta 53: 11 25 20 54 95 59 64 83 90 22 32 39 73 74 92 5 13 51 62 69 85 3 15 36 42 50 58 80 88 97 6 9 27 35 38 40 47 53 71 14 24 67
Volta 54: 25 11 95 20 54 64 39 74 83 90 5 13 22 32 62 69 73 85 92 15 36 42 51 80 3 35 40 38 47 50 53 58 88 97 6 9 14 24 27 67 71
Volta 55: 25 95 11 20 54 64 74 83 90 13 32 39 62 73 85 92 5 15 22 36 51 69 3 35 38 40 42 47 53 80 88 6 9 24 27 50 58 67 97 14
Volta 56: 25 95 11 20 54 64 74 90 32 39 62 83 13 22 36 73 85 92 5 15 40 42 47 53 51 69 80 3 6 35 38 50 58 67 88 97 9 14 24 27
Volta 57: 25 11 95 20 54 74 90 32 39 64 62 83 13 36 85 15 22 40 42 47 69 73 80 92 3 5 35 38 51 53 58 67 88 97 6 9 14 24 50
Volta 58: 25 11 20 54 74 95 32 39 62 64 83 90 36 85 15 13 22 47 69 73 40 42 53 67 80 88 92 97 3 5 6 9 14 24 35 38 51 58 50
Volta 59: 11 25 20 95 32 39 54 62 74 90 36 64 83 85 15 13 47 69 22 40 42 53 73 88 92 97 5 9 14 24 35 38 51 58 67 80 3 6
Volta 60: 11 25 20 95 39 54 62 74 90 32 85 83 13 36 47 64 69 15 22 40 53 73 88 92 97 5 9 14 35 42 51 80 3 6 24 38 58 67
Volta 61: 11 25 20 39 74 90 95 32 54 62 85 13 36 64 69 83 22 40 47 53 88 5 9 14 15 42 51 73 80 92 97 3 6 35 38 58 24
Volta 62: 11 25 20 90 32 39 54 62 74 85 95 83 13 22 36 40 47 53 64 69 88 14 15 73 80 92 97 3 5 9 6 35 42 51 58 24 38
Volta 63: 11 25 90 20 32 39 54 62 74 95 85 13 22 36 40 47 64 69 83 88 14 15 53 80 92 97 5 9 42 51 73 3 6 24 35 58
Volta 64: 11 25 20 39 62 74 90 32 54 85 95 22 36 47 69 83 88 13 15 14 40 53 64 92 5 9 73 80 97 3 6 24 35 42 51 58
Volta 65: 11 25 62 74 90 20 32 39 54 22 36 83 85 88 95 14 15 40 47 53 64 69 92 9 13 80 97 5 24 35 42 73 3 6 51
Volta 66: 11 25 74 90 32 39 62 36 54 88 95 22 47 64 69 85 83 9 14 15 13 40 53 80 92 97 5 73 6 24 42 51
Volta 67: 11 90 25 39 62 74 32 54 22 36 64 69 85 83 88 95 13 15 40 47 53 80 92 97 5 9 14 73 6 24 42
Volta 68: 11 90 25 62 74 32 39 54 36 69 88 95 15 22 40 47 53 64 80 85 83 97 9 14 13 73 92 5 42 6 24
Volta 69: 11 90 25 62 74 54 32 39 36 69 88 95 40 47 53 64 83 85 97 13 15 14 22 80 92 5 9 73 42 6
Volta 70: 11 62 74 90 25 39 36 54 88 32 40 47 69 85 83 95 97 14 15 13 22 53 64 80 5 9 92 42 73 6
Volta 71: 11 62 74 90 25 54 88 32 40 36 39 69 83 95 97 14 15 47 53 64 85 5 13 22 80 92 9 42 73
Volta 72: 11 62 74 90 25 32 36 40 39 54 95 97 15 14 53 69 83 5 13 22 64 80 85 92 73 9 42
Volta 73: 11 62 25 74 90 40 36 54 97 14 32 39 69 83 95 5 15 22 53 64 85 13 73 80 92 9
Volta 74: 11 62 74 90 25 36 14 32 39 40 54 69 95 97 15 53 64 83 5 13 22 80 85 92 73 9
Volta 75: 11 62 90 36 74 14 25 40 39 54 95 97 32 53 64 69 83 5 15 13 22 80 85 92 73
Volta 76: 11 62 90 36 14 39 54 74 95 97 25 32 40 53 5 15 64 69 80 83 92 13 22 85 73
Volta 77: 11 62 90 36 14 39 54 74 95 97 25 32 40 5 15 53 64 69 80 83 92 13 22 85
Volta 78: 11 90 36 62 14 39 54 95 32 74 40 53 69 80 83 92 5 15 64 13 22 85
Volta 79: 11 90 36 62 14 39 54 95 74 32 40 53 69 80 83 92 5 15 22 64 13
Volta 80: 11 90 36 14 39 54 62 95 32 53 69 74 92 40 80 83 5 15 64 13 22
Volta 81: 11 90 36 39 54 62 14 95 32 53 69 74 40 80 92 5 15 64 83 13
Volta 82: 90 11 36 39 54 62 14 53 74 95 32 40 69 80 92 15 64 83 5 13
Volta 83: 90 11 54 14 36 39 62 53 95 40 74 80 15 32 64 69 83 92 5
Volta 84: 11 90 54 14 39 36 53 80 95 32 40 64 69 74 92 5 15 83
Volta 85: 11 54 90 39 14 36 53 80 32 40 64 69 74 95 5 15 92
Volta 86: 11 54 90 39 14 36 53 80 64 69 15 32 40 74 95 92 5
Volta 87: 11 54 90 39 14 36 80 53 64 69 32 40 95 92 15 74
Volta 88: 11 54 39 90 36 80 14 64 69 53 92 15 32 40 95 74
Volta 89: 11 39 54 90 36 80 69 14 53 64 15 32 40 92 95
Volta 90: 39 54 90 36 69 14 53 64 32 40 95 15 92
Volta 91: 39 54 36 90 69 14 53 64 32 15 40 95
Volta 92: 54 39 36 90 69 64 14 53 32 40 15 95
Volta 93: 54 39 36 90 69 64 53 14 32 40 15
Volta 94: 54 39 36 90 69 64 53 14 32 15 40
Volta 95: 54 39 36 90 69 53 64 14 15 32
Volta 96: 54 39 90 36 53 69 14 64 15 32
Volta 97: 54 39 36 90 53 69 14 64 15
Volta 98: 54 39 90 36 53 69 14 64 15
Volta 99: 54 39 36 90 14 53 69 64
Volta 100: 54 39 36 90 14 53 64 69
Volta 101: 54 39 90 36 14 53 64
Volta 102: 54 39 90 36 53
Volta 103: 54 39 36 90
Volta 104: 54 36 39 90
Volta 105: 54 36 39
Volta 106: 54 36 39
Volta 107: 54 36
Volta 108: 54 36

Ranqueamento Final:
1: Ciclista 36 - 10350.90 segundos
2: Ciclista 39 - 10200.90 segundos
3: Ciclista 54 - 10126.26 segundos
4: Ciclista 90 - 10051.62 segundos
5: Ciclista 53 - 10051.50 segundos
6: Ciclista 69 - 9826.62 segundos
7: Ciclista 15 - 9825.30 segundos
8: Ciclista 32 - 9525.78 segundos
9: Ciclista 40 - 9375.90 segundos
10: Ciclista 95 - 9227.22 segundos
11: Ciclista 92 - 9002.22 segundos
12: Ciclista 74 - 8851.74 segundos
13: Ciclista 5 - 8625.06 segundos
14: Ciclista 83 - 8401.98 segundos
15: Ciclista 13 - 8250.30 segundos
16: Ciclista 22 - 8100.54 segundos
17: Ciclista 85 - 7876.98 segundos
18: Ciclista 73 - 7726.74 segundos
19: Ciclista 9 - 7575.18 segundos
20: Ciclista 42 - 7351.02 segundos
21: Ciclista 6 - 7200.18 segundos
22: Ciclista 24 - 6975.54 segundos
23: Ciclista 51 - 6751.26 segundos
24: Ciclista 58 - 6526.38 segundos
25: Ciclista 38 - 6375.90 segundos
26: Ciclista 67 - 6151.62 segundos
27: Ciclista 50 - 6001.14 segundos
28: Ciclista 27 - 5775.66 segundos
29: Ciclista 71 - 5551.74 segundos
30: Ciclista 81 - 5326.98 segundos
31: Ciclista 56 - 5251.38 segundos
32: Ciclista 17 - 5025.42 segundos
33: Ciclista 99 - 4802.34 segundos
34: Ciclista 26 - 4650.66 segundos
35: Ciclista 52 - 4426.26 segundos
36: Ciclista 8 - 4275.18 segundos
37: Ciclista 46 - 4051.14 segundos
38: Ciclista 31 - 3825.78 segundos
39: Ciclista 45 - 3676.02 segundos
40: Ciclista 72 - 3376.74 segundos
41: Ciclista 66 - 3301.62 segundos
42: Ciclista 89 - 3002.10 segundos
43: Ciclista 21 - 2850.54 segundos
44: Ciclista 33 - 2700.78 segundos
45: Ciclista 1 - 2475.06 segundos
46: Ciclista 29 - 2250.66 segundos
47: Ciclista 41 - 2026.02 segundos
48: Ciclista 77 - 1801.86 segundos
49: Ciclista 16 - 1650.42 segundos
50: Ciclista 48 - 1426.14 segundos
51: Ciclista 55 - 1201.26 segundos
52: Ciclista 94 - 977.22 segundos
53: Ciclista 70 - 826.62 segundos
54: Ciclista 75 - 601.74 segundos
55: Ciclista 87 - 302.10 segundos

Ciclista 2 quebrou na volta 36 - 3825.00 segundos
Ciclista 3 quebrou na volta 66 - 6750.00 segundos
Ciclista 4 quebrou na volta 12 - 1200.00 segundos
Ciclista 7 quebrou na volta 24 - 2400.12 segundos
Ciclista 10 quebrou na volta 18 - 1875.12 segundos
Ciclista 11 quebrou na volta 90 - 8550.24 segundos
Ciclista 12 quebrou na volta 42 - 4275.24 segundos
Ciclista 14 quebrou na volta 102 - 9975.24 segundos
Ciclista 18 quebrou na volta 12 - 1275.36 segundos
Ciclista 19 quebrou na volta 42 - 4350.36 segundos
Ciclista 20 quebrou na volta 66 - 6375.36 segundos
Ciclista 23 quebrou na volta 12 - 1200.48 segundos
Ciclista 25 quebrou na volta 78 - 7650.48 segundos
Ciclista 28 quebrou na volta 42 - 4350.60 segundos
Ciclista 30 quebrou na volta 18 - 1875.60 segundos
Ciclista 34 quebrou na volta 30 - 3075.72 segundos
Ciclista 35 quebrou na volta 66 - 6675.72 segundos
Ciclista 37 quebrou na volta 18 - 1950.84 segundos
Ciclista 43 quebrou na volta 24 - 2550.96 segundos
Ciclista 44 quebrou na volta 42 - 4125.96 segundos
Ciclista 47 quebrou na volta 72 - 7201.08 segundos
Ciclista 49 quebrou na volta 36 - 3751.08 segundos
Ciclista 57 quebrou na volta 6 - 676.32 segundos
Ciclista 59 quebrou na volta 54 - 5251.32 segundos
Ciclista 60 quebrou na volta 42 - 4201.32 segundos
Ciclista 61 quebrou na volta 48 - 4951.44 segundos
Ciclista 62 quebrou na volta 84 - 8101.44 segundos
Ciclista 63 quebrou na volta 24 - 2476.44 segundos
Ciclista 64 quebrou na volta 102 - 10051.44 segundos
Ciclista 65 quebrou na volta 18 - 1876.44 segundos
Ciclista 68 quebrou na volta 48 - 4726.56 segundos
Ciclista 76 quebrou na volta 6 - 676.80 segundos
Ciclista 78 quebrou na volta 42 - 4126.80 segundos
Ciclista 79 quebrou na volta 18 - 1726.80 segundos
Ciclista 80 quebrou na volta 90 - 8701.80 segundos
Ciclista 82 quebrou na volta 6 - 676.92 segundos
Ciclista 84 quebrou na volta 42 - 4051.92 segundos
Ciclista 86 quebrou na volta 36 - 3452.04 segundos
Ciclista 88 quebrou na volta 72 - 6977.04 segundos
Ciclista 91 quebrou na volta 36 - 3302.16 segundos
Ciclista 93 quebrou na volta 24 - 2252.16 segundos
Ciclista 96 quebrou na volta 6 - 602.28 segundos
Ciclista 97 quebrou na volta 78 - 7577.28 segundos
Ciclista 98 quebrou na volta 12 - 1202.28 segundos
Ciclista 100 quebrou na volta 30 - 3077.28 segundos
