Volta 1: 2 4 5 3 1 8 6 7 10 9 12 15 14 11 13 20 18 16 17 19 23 21 24 25 22 28 29 26 27 30 31 33 34 35 32 40 39 37 38 36 43 45 44 42 41 50 46 49 48 47
Volta 2: 4 1 3 9 8 7 10 6 13 12 14 11 15 17 16 19 18 22 25 26 29 27 28 30 33 32 35 31 34 40 39 36 45 41 42 43 44 47 2 5 20 23 24 21 37 38 48 46 50 49
Volta 3: 3 4 1 10 6 8 7 12 15 14 13 16 17 19 18 22 25 26 30 35 33 32 34 39 40 41 43 45 2 5 9 11 20 23 24 21 29 27 28 31 36 37 42 44 50 47 48 38 46
Volta 4: 3 1 10 8 6 14 12 13 18 16 17 19 25 26 30 33 32 34 40 43 45 41 2 4 5 9 7 15 20 23 22 21 27 28 29 35 39 36 37 44 48 50 11 24 31 42 47 46 38
Volta 5: 10 6 19 16 30 26 40 45 43 2 3 1 9 7 8 12 14 15 13 20 17 18 25 23 22 28 34 33 35 32 37 36 44 41 50 48 4 5 11 21 24 29 27 31 39 42 47 46
Volta 6: 10 19 16 26 1 8 6 9 13 15 14 12 18 20 17 25 28 33 32 35 36 40 37 44 45 41 43 48 50 2 4 3 7 24 23 22 21 27 42 46 47 5 11 29 31 39
Volta 7: 19 26 1 8 10 14 16 20 25 28 35 36 40 37 41 45 50 48 4 2 6 9 12 15 13 18 17 21 24 23 27 32 33 44 42 43 46 5 3 7 11 22 29 31 47
Volta 8: 19 26 8 14 16 20 25 28 40 36 45 48 2 4 1 10 9 13 15 12 17 23 27 33 35 32 37 41 44 43 46 50 6 7 18 22 21 24 31 42 47 5 3 11 29
Volta 9: 19 26 28 36 45 48 1 4 10 8 14 16 17 20 25 23 27 35 37 40 44 50 46 2 7 9 15 13 12 18 21 24 22 33 32 43 41 42 47 5 3 6 11 31
Volta 10: 19 28 36 45 48 4 1 10 8 14 16 17 23 25 26 40 37 46 50 9 12 13 15 18 20 24 22 21 27 35 33 42 44 47 2 6 7 11 32 41 43 3 5 31
Volta 11: 19 28 45 1 4 8 10 17 40 37 36 50 48 46 9 12 14 18 20 16 25 23 27 26 35 33 44 47 2 6 7 13 11 15 22 24 21 32 41 42 5 3 43
Volta 12: 45 1 10 19 17 28 36 37 48 50 4 9 8 12 16 23 25 26 27 35 33 40 47 46 7 14 13 20 18 22 24 41 42 44 2 5 6 15 11 21 32 43
Volta 13: 45 1 10 19 28 48 4 9 8 12 17 16 25 23 27 33 35 37 36 40 50 47 46 20 18 22 26 44 7 13 15 14 11 21 24 32 42 41 5 2 6
Volta 14: 45 1 10 8 9 12 19 17 23 28 35 37 36 48 46 4 16 18 25 22 27 33 40 50 47 15 13 20 24 26 44 42 41 5 2 7 14 11 21 32 6
Volta 15: 10 45 1 8 17 19 23 28 36 46 48 9 12 16 22 27 33 35 37 40 47 4 18 20 24 25 26 44 42 50 2 7 15 13 14 21 41 5 11 32
Volta 16: 10 8 17 19 23 28 36 45 48 46 1 9 12 16 22 35 4 20 18 25 24 26 27 33 40 37 44 50 47 2 7 13 15 14 21 42 41 5 11 32
Volta 17: 10 17 23 48 46 1 8 9 19 22 28 36 45 12 18 16 20 25 27 35 33 37 40 50 47 4 7 15 13 14 24 21 26 42 41 44 5 2 11
Volta 18: 10 17 46 48 1 9 8 19 23 22 28 20 16 25 35 36 45 50 4 13 15 12 14 18 24 27 26 33 40 37 44 42 47 5 7 11 21 41
Volta 19: 10 48 8 17 19 22 23 28 46 1 9 20 16 36 45 13 12 15 14 25 27 35 40 37 50 47 4 7 18 21 24 26 33 44 42 5 11
Volta 20: 10 8 17 19 28 48 1 9 16 22 23 36 46 12 20 27 35 45 47 50 4 15 13 14 18 21 25 24 26 33 40 37 44 7 42 5 11
Volta 21: 10 8 19 17 28 48 1 9 22 23 46 16 20 36 45 50 47 15 12 13 14 18 24 21 25 27 26 35 33 40 44 4 37 42 7 5
Volta 22: 8 10 19 17 48 1 22 28 9 16 20 23 36 45 46 12 14 18 25 24 21 27 33 35 50 47 4 13 15 26 37 40 42 44 7 5
Volta 23: 8 17 19 1 10 28 48 9 23 22 36 46 12 14 16 20 18 25 27 35 45 50 47 13 21 24 26 33 40 37 44 4 15 42 7
Volta 24: 8 19 17 10 28 48 9 36 14 16 20 18 23 22 25 35 45 50 46 47 12 13 24 21 27 26 33 37 40 44 4 15 42 7
Volta 25: 8 17 19 10 28 9 48 14 20 16 23 25 35 36 45 46 47 13 18 22 26 37 50 4 12 24 21 27 33 40 42 44 15
Volta 26: 19 17 10 8 28 48 9 16 23 36 47 46 14 18 20 25 22 35 37 45 4 12 13 24 27 26 40 42 50 15 21 33 44
Volta 27: 17 10 19 8 9 23 28 36 47 46 48 14 16 18 20 25 35 45 12 24 22 26 40 37 4 15 13 21 27 33 42 50
Volta 28: 17 19 10 8 9 28 46 14 16 23 36 47 48 12 18 20 22 25 24 35 37 45 4 15 21 26 40 42 50 13 27 33
Volta 29: 17 19 10 9 8 28 46 16 23 48 47 14 12 25 35 37 36 45 15 18 20 24 22 21 26 40 50 4 13 27 42
Volta 30: 17 19 8 10 9 23 28 46 48 47 12 14 16 25 36 18 20 24 22 21 26 40 37 45 50 4 13 15 42 27
Volta 31: 17 19 9 10 8 23 48 47 16 25 28 36 46 14 12 20 18 21 26 37 45 50 15 24 22 40 42 4 13
Volta 32: 17 19 9 10 8 16 25 23 36 47 48 14 12 20 26 28 37 45 46 15 18 22 21 24 40 50 42 4 13
Volta 33: 19 17 9 8 10 16 48 47 14 12 20 25 23 28 36 46 15 18 24 21 26 40 37 45 50 22 42 4
Volta 34: 17 19 9 10 8 16 25 28 46 48 47 14 12 20 23 24 26 40 36 37 45 50 15 18 21 22 42 4
Volta 35: 17 19 9 10 8 16 48 47 12 14 20 25 23 28 26 40 36 45 50 46 15 21 24 22 37 18 42
Volta 36: 17 19 9 10 48 8 12 16 23 25 28 36 40 45 46 47 50 15 14 20 24 26 37 18 21 22 42
Volta 37: 17 19 9 10 48 8 16 23 40 45 50 47 14 15 12 25 24 28 26 36 46 20 22 37 18 21
Volta 38: 17 19 9 10 8 16 40 50 48 47 12 14 15 23 28 36 45 46 20 24 22 25 26 37 18 21
Volta 39: 17 19 9 10 40 48 50 8 14 16 23 45 47 46 15 12 20 25 24 28 26 36 18 22 37
Volta 40: 19 17 9 48 8 10 14 16 40 50 46 47 12 15 24 25 23 26 28 36 45 20 22 37 18
Volta 41: 19 9 17 48 8 10 14 16 47 50 46 23 26 40 36 45 12 15 20 24 25 22 28 37
Volta 42: 19 9 10 16 50 48 14 40 45 47 46 23 24 22 25 26 36 12 20 28 37
Volta 43: 19 9 16 10 14 40 48 46 50 47 24 25 22 23 26 36 45 12 20 28
Volta 44: 19 9 10 14 16 40 50 48 47 23 24 26 36 45 46 22 25 12 20 28
Volta 45: 19 9 10 14 40 48 50 16 24 36 45 47 46 25 23 26 12 22 20
Volta 46: 19 9 40 48 50 10 14 16 36 45 47 24 23 25 26 46 12 22 20
Volta 47: 19 9 40 48 10 14 36 47 50 16 24 26 45 46 12 22 25 23
Volta 48: 19 9 40 48 50 47 10 16 24 26 36 12 22 23 45 46 25
Volta 49: 19 9 40 48 50 16 24 26 36 47 10 23 22 45 46 12
Volta 50: 19 9 40 50 16 24 26 36 47 48 10 22 45 46 23 12
Volta 51: 19 40 9 50 24 36 48 10 16 26 45 47 46 22 23
Volta 52: 19 40 9 36 48 50 10 16 24 26 45 47 22 46 23
Volta 53: 19 40 9 48 50 16 26 36 45 47 10 24 22 46
Volta 54: 19 40 9 16 36 45 47 48 50 10 24 46 22
Volta 55: 19 40 9 16 36 45 50 47 10 24 46 48
Volta 56: 19 40 9 36 50 47 16 24 45 48 46 10
Volta 57: 19 9 40 36 16 24 45 46 47 50 48
Volta 58: 19 40 9 16 24 36 47 46 45 50 48
Volta 59: 19 9 40 24 36 46 47 16 45 50
Volta 60: 19 40 9 36 46 24 47 50 45
Volta 61: 19 40 9 46 24 36 47 50
Volta 62: 19 40 9 24 46 47 36 50
Volta 63: 19 9 40 24 36 46 47
Volta 64: 19 9 40 24 47 46 36
Volta 65: 19 9 40 24 47 46
Volta 66: 19 9 40 24 47
Volta 67: 19 9 40 24
Volta 68: 19 9 40 24
Volta 69: 19 9 40
Volta 70: 19 9 40
Volta 71: 19 9
Volta 72: 19 9

Ranqueamento Final:
1: Ciclista 9 - 13800.18 segundos
2: Ciclista 19 - 13650.42 segundos
3: Ciclista 40 - 13500.90 segundos
4: Ciclista 24 - 13350.54 segundos
5: Ciclista 47 - 13051.14 segundos
6: Ciclista 36 - 12750.90 segundos
7: Ciclista 50 - 12301.14 segundos
8: Ciclista 45 - 12001.02 segundos
9: Ciclista 48 - 11701.14 segundos
10: Ciclista 10 - 11250.18 segundos
11: Ciclista 22 - 10950.54 segundos
12: Ciclista 23 - 10650.54 segundos
13: Ciclista 12 - 10350.30 segundos
14: Ciclista 25 - 9900.54 segundos
15: Ciclista 20 - 9600.42 segundos
16: Ciclista 28 - 9150.66 segundos
17: Ciclista 37 - 8700.90 segundos
18: Ciclista 18 - 8400.42 segundos
19: Ciclista 21 - 8100.54 segundos
20: Ciclista 42 - 7651.02 segundos
21: Ciclista 4 - 7350.06 segundos
22: Ciclista 13 - 6900.30 segundos
23: Ciclista 27 - 6450.66 segundos
24: Ciclista 33 - 6000.78 segundos
25: Ciclista 44 - 5551.02 segundos
26: Ciclista 7 - 5250.18 segundos
27: Ciclista 5 - 4950.06 segundos
28: Ciclista 11 - 4500.30 segundos
29: Ciclista 41 - 3901.02 segundos
30: Ciclista 32 - 3600.78 segundos
31: Ciclista 6 - 3300.18 segundos
32: Ciclista 43 - 2701.02 segundos
33: Ciclista 31 - 2400.78 segundos
34: Ciclista 29 - 1950.66 segundos
35: Ciclista 39 - 1500.90 segundos
36: Ciclista 38 - 1200.90 segundos
37: Ciclista 49 - 601.14 segundos

Ciclista 1 quebrou na volta 24 - 4500.00 segundos
Ciclista 2 quebrou na volta 18 - 3900.00 segundos
Ciclista 3 quebrou na volta 12 - 2700.00 segundos
Ciclista 8 quebrou na volta 42 - 8400.12 segundos
Ciclista 14 quebrou na volta 48 - 9600.24 segundos
Ciclista 15 quebrou na volta 42 - 8550.24 segundos
Ciclista 16 quebrou na volta 60 - 12000.36 segundos
Ciclista 17 quebrou na volta 42 - 7950.36 segundos
Ciclista 26 quebrou na volta 54 - 10800.60 segundos
Ciclista 30 quebrou na volta 6 - 1050.60 segundos
Ciclista 34 quebrou na volta 6 - 1200.72 segundos
Ciclista 35 quebrou na volta 30 - 6150.72 segundos
Ciclista 46 quebrou na volta 66 - 13051.08 segundos
