Volta 1: 2 5 3 1 4 6 9 10 7 8 11 13 14 12 15 18 17 19 20 16 22 24 21 23 25 30 29 28 27 26 33 32 35 34 31 39 40 36 37 38 42 44 41 45 43 48 46 49 47 50 54 55 53 51 52 59 58 56 60 57 63 64 61 65 62 67 68 70 69 66 71 73 72 75 74 79 76 78 80 77 83 84 85 82 81 87 89 86 88 90 95 91 92 93 94 100 98 99 96 97
Volta 2: 2 5 8 6 7 10 15 14 17 20 18 23 24 21 25 27 26 28 30 29 31 35 34 40 39 36 38 42 43 41 45 46 47 50 48 53 54 52 51 55 59 60 57 56 65 63 64 61 62 68 66 69 67 73 72 71 74 75 76 78 77 80 79 83 85 81 82 87 90 88 89 86 94 93 95 97 100 98 99 96 1 4 3 9 11 12 13 19 16 22 33 32 37 44 49 58 70 84 91 92
Volta 3: 2 6 10 8 15 18 23 21 24 25 30 27 34 35 39 38 36 40 42 41 46 50 55 51 56 59 60 65 61 64 63 68 69 73 72 71 75 74 79 78 80 77 83 85 87 90 86 89 95 94 93 96 5 3 4 7 9 13 12 14 11 20 19 17 22 29 28 26 33 31 32 37 44 43 45 47 48 49 54 53 52 57 58 62 66 70 67 76 84 81 82 88 91 97 99 98 100 1 16
Volta 4: 2 8 6 18 21 24 25 27 30 34 35 40 36 39 42 41 46 50 55 51 60 56 59 63 64 61 65 68 72 71 75 77 80 78 79 90 86 89 95 93 94 3 5 4 7 9 10 14 15 13 11 12 20 17 23 26 29 31 38 44 43 47 49 48 54 52 53 62 70 67 69 74 73 83 85 81 87 88 91 96 98 100 99 19 16 22 28 33 32 37 45 57 58 66 76 82 84 97 1
Volta 5: 6 8 18 24 21 27 35 39 36 41 42 46 51 59 56 60 63 72 71 75 77 79 78 86 95 2 5 10 15 12 13 11 14 20 23 25 30 29 34 38 40 43 50 47 55 61 64 65 69 70 67 68 74 73 80 81 85 83 90 89 94 91 93 96 99 100 4 3 7 9 16 17 19 22 26 33 32 31 45 44 49 48 54 52 53 57 58 62 66 76 84 88 87 98 97 28 37 82
Volta 6: 8 18 21 24 39 41 42 51 56 59 60 72 71 77 79 86 2 10 6 14 13 20 25 29 30 27 35 34 36 38 40 50 46 55 65 64 63 61 68 70 73 75 78 80 83 81 90 94 95 93 100 99 96 4 5 12 15 16 17 19 23 22 26 31 33 45 44 47 49 48 54 53 52 57 58 62 67 69 76 85 84 88 87 89 91 97 98 3 7 9 28 32 37 66 82
Volta 7: 8 18 24 41 60 59 56 71 72 77 86 6 10 14 13 20 21 25 29 27 30 34 39 36 38 40 42 50 46 51 55 65 63 68 73 80 79 83 81 94 95 93 96 2 4 5 12 15 17 16 23 26 33 35 48 52 53 58 61 62 64 70 69 67 75 78 85 87 90 89 91 99 98 100 97 9 19 22 32 31 37 45 44 49 47 54 57 76 84 88 3 7 28 66
Volta 8: 59 60 56 71 77 86 8 10 6 14 13 20 18 21 24 29 27 39 38 36 41 50 46 55 68 73 72 79 80 81 83 94 95 96 5 15 25 23 30 26 35 34 40 42 52 51 58 63 65 64 61 69 70 75 78 85 87 89 90 93 99 98 97 100 2 4 12 17 16 22 33 31 44 45 48 47 54 53 57 62 67 76 84 88 91 3 7 9 19 32 37 49 28 66
Volta 9: 59 71 77 8 10 14 18 24 27 39 36 50 55 60 56 68 72 73 80 81 83 86 94 96 6 15 13 20 21 25 30 26 29 34 35 38 41 46 52 61 65 63 69 75 79 85 90 95 100 98 99 2 4 5 16 23 33 31 40 42 47 48 51 53 54 57 58 62 64 70 67 78 84 89 88 87 93 97 3 9 12 17 19 22 32 37 45 44 49 76 91 7 28
Volta 10: 59 77 8 10 24 27 36 50 55 60 71 72 80 83 86 13 14 18 20 21 30 29 26 34 38 39 41 52 56 61 69 68 73 85 81 90 94 99 96 4 2 6 15 16 25 23 33 35 31 42 48 46 51 58 62 63 64 65 67 70 75 78 79 84 89 87 93 95 98 100 5 22 32 37 40 45 44 47 53 54 57 76 88 91 97 3 7 9 12 19 17 49 28
Volta 11: 10 27 36 50 60 59 72 71 80 77 8 18 24 30 26 34 39 41 55 52 56 61 69 73 85 81 83 90 86 94 2 4 6 13 15 14 20 25 21 29 33 35 38 42 51 65 63 70 68 75 79 89 87 93 95 100 96 98 99 5 16 23 22 31 32 40 44 46 48 53 54 58 64 62 67 78 84 88 97 3 12 17 19 37 45 47 49 57 76 91 7 9
Volta 12: 10 27 36 50 60 72 80 8 24 26 39 41 55 52 59 61 69 71 77 85 83 90 86 2 4 6 14 20 18 21 25 30 34 35 33 38 42 51 56 65 68 81 87 94 99 98 100 96 13 15 16 29 31 40 44 48 54 64 62 63 70 67 75 79 89 88 93 95 3 5 12 17 19 23 32 37 45 47 53 58 57 78 84 49 76
Volta 13: 10 60 72 80 8 24 27 26 36 50 55 59 61 69 71 85 90 2 4 6 14 20 18 21 34 33 39 42 41 52 51 56 77 83 81 87 86 94 96 98 100 13 15 16 25 30 29 35 38 40 44 65 63 67 70 68 75 79 89 93 95 99 5 12 17 23 32 31 48 54 58 62 64 78 84 88 3 19 37 45 49 47 53 57
Volta 14: 80 10 8 24 27 26 50 55 59 60 61 72 85 90 4 2 6 20 33 39 36 41 52 56 69 71 77 81 86 96 98 14 13 18 16 21 25 29 34 38 40 42 51 63 67 70 68 75 83 87 89 93 94 100 99 5 15 12 17 23 30 32 35 44 48 54 58 65 64 62 78 79 88 95 3 19 31 49 47 53 57 84 37 45
Volta 15: 10 8 24 26 59 72 80 90 4 27 36 41 50 52 55 60 61 69 71 77 81 85 86 98 96 2 6 14 18 20 16 21 25 29 34 33 38 39 40 42 56 63 70 68 75 83 87 94 99 100 5 15 13 17 30 35 54 51 58 62 64 67 79 78 89 95 93 3 12 19 23 32 31 44 47 49 48 57 65 84 88 37 53
Volta 16: 10 24 72 80 90 4 8 26 27 50 55 59 60 61 69 77 81 85 86 96 2 6 18 16 25 33 36 38 40 41 42 52 56 63 70 68 75 71 83 100 98 5 13 14 15 20 17 21 29 30 35 34 39 54 62 64 67 78 87 89 94 99 3 44 48 49 47 51 58 65 79 88 93 95 12 19 23 31 32 37 53 57 84
Volta 17: 10 24 80 4 8 26 50 55 59 61 69 72 77 81 90 86 96 25 27 36 41 52 60 68 71 75 83 85 100 98 5 2 6 13 14 18 17 16 21 30 29 34 33 39 38 40 42 56 62 64 63 70 78 87 94 99 15 20 35 47 51 54 58 65 67 79 88 89 95 93 3 19 23 31 37 44 49 48 53 57 12 32
Volta 18: 10 80 8 24 26 55 61 81 90 4 25 27 50 52 60 59 69 72 77 85 86 96 100 2 5 6 14 17 16 33 34 38 36 40 41 56 63 62 70 75 71 78 83 87 98 13 18 20 30 29 35 39 42 54 64 67 79 88 95 99 23 31 37 48 49 47 53 51 58 57 65 3 12 19 44 32
Volta 19: 8 10 55 80 81 90 4 24 25 26 27 50 52 60 59 61 69 72 77 85 86 96 5 2 34 38 36 41 56 75 78 87 100 6 14 13 17 18 16 20 30 29 35 33 39 40 42 62 64 63 67 70 71 79 83 88 99 98 23 37 48 47 53 54 51 58 65 95 3 19 31 44 49 57 12
Volta 20: 10 80 81 90 4 8 24 25 27 26 55 52 59 60 61 69 72 96 2 34 38 50 77 85 86 87 100 5 6 14 20 18 29 30 33 35 36 40 39 41 56 63 62 67 71 75 78 79 83 88 99 13 16 17 23 37 42 54 65 64 70 95 98 31 44 47 48 49 51 53 58 57 3 19 12
Volta 21: 81 90 8 10 24 55 52 60 59 61 69 72 80 96 4 2 25 26 27 34 50 77 86 87 6 14 18 20 30 29 35 39 38 36 41 56 63 71 78 85 83 88 100 99 5 17 16 23 33 40 42 54 62 65 70 67 75 79 98 13 37 48 49 51 53 58 64 95 19 31 44 47 57 3
Volta 22: 81 10 55 60 59 61 69 72 80 90 2 4 8 25 24 27 26 34 52 77 87 86 96 6 14 18 30 29 35 39 38 36 41 50 71 83 100 5 20 16 23 33 40 54 56 62 63 65 67 70 75 79 78 85 88 99 98 13 17 37 42 53 51 58 64 95 31 44 48 49 57 3 19 47
Volta 23: 55 59 60 80 81 90 4 10 24 26 27 34 52 61 69 72 77 87 86 2 8 14 18 25 39 71 96 6 20 23 29 30 35 33 38 36 41 50 54 56 63 65 62 70 75 78 83 85 88 100 5 13 16 37 40 42 51 53 58 64 67 79 95 99 98 17 31 44 49 57 19 48 3
Volta 24: 55 59 60 81 90 4 10 24 52 61 69 77 80 86 87 2 8 18 27 26 34 39 72 71 96 6 14 20 23 30 35 38 41 56 65 62 75 83 88 100 5 13 16 40 36 37 50 51 63 70 67 79 85 95 44 49 53 58 64 98 99 17 19 31 48 57 3
Volta 25: 59 90 4 10 24 55 52 60 80 81 8 18 27 26 39 61 69 71 77 86 87 96 2 14 20 30 35 34 38 41 65 72 75 88 6 13 16 23 37 40 36 51 56 63 62 67 83 95 100 5 49 50 58 70 79 85 99 17 31 44 53 64 98 19 48 57
Volta 26: 59 90 10 24 52 60 81 4 27 26 39 55 61 69 80 77 86 87 96 2 8 18 30 34 35 41 71 88 6 14 13 20 40 37 36 38 51 56 65 63 62 67 75 72 100 5 16 23 49 50 58 70 83 85 95 99 17 31 44 53 64 79 98 19 48 57
Volta 27: 59 24 90 10 26 27 55 52 60 61 77 80 81 86 87 96 4 18 30 39 41 69 71 88 2 8 20 35 34 38 37 36 51 62 63 65 67 75 72 100 6 14 13 16 23 40 58 56 83 85 95 99 5 17 50 49 53 64 70 79 31 44 48 98 19
Volta 28: 59 24 90 10 26 55 60 80 81 87 96 18 30 27 39 41 52 61 69 77 86 4 2 8 34 38 65 62 72 71 88 6 13 14 20 23 35 40 37 36 51 56 58 63 67 75 85 83 95 99 100 5 17 16 49 50 79 44 48 53 64 70 31 98 19
Volta 29: 59 24 26 55 87 90 96 10 27 30 39 52 60 61 80 77 81 86 2 4 18 34 41 62 69 72 71 88 8 6 14 13 23 35 36 40 38 51 58 63 65 67 75 83 95 100 99 20 37 50 56 79 85 5 16 17 49 53 64 70 31 44 48 98
Volta 30: 59 24 26 55 87 90 96 10 27 30 52 60 80 81 2 39 62 69 77 86 6 13 18 23 34 35 36 41 51 63 65 67 71 72 75 88 99 100 14 20 38 56 58 85 83 5 17 16 37 50 79 31 44 49 48 64 70 98
Volta 31: 59 24 55 90 27 26 30 60 80 81 87 96 10 52 69 77 86 2 13 18 34 35 36 39 41 51 65 62 63 71 72 75 88 100 6 14 20 23 38 58 56 67 83 99 5 16 17 50 79 85 31 37 48 64 70 44 49
Volta 32: 24 59 90 26 27 55 60 81 87 96 30 52 69 80 77 86 2 10 13 34 35 41 65 62 63 72 75 88 100 6 18 20 23 38 36 39 51 58 67 71 99 5 14 56 83 85 17 16 37 48 50 64 79 31 44 49 70
Volta 33: 24 59 90 27 55 81 87 96 26 30 52 60 69 77 80 86 10 35 34 41 63 65 72 75 100 2 13 18 20 23 36 39 51 58 62 71 88 99 6 14 38 56 67 85 83 5 16 37 48 50 79 17 31 44 64 49
Volta 34: 24 59 81 90 87 26 27 55 52 60 69 86 96 10 30 41 72 75 77 80 100 13 20 18 23 34 35 36 51 62 63 65 71 88 99 2 6 14 38 39 58 67 5 16 56 79 85 83 17 37 44 48 50 64 31 49
Volta 35: 24 59 81 87 90 26 27 55 52 69 96 10 30 41 60 72 80 77 86 100 18 23 34 35 62 65 75 71 2 13 20 38 36 39 51 58 63 88 99 5 6 14 56 67 16 37 44 48 50 64 79 83 85 17 31
Volta 36: 24 59 81 87 90 27 55 52 96 10 30 26 41 60 69 72 77 86 100 23 34 35 65 80 13 18 36 39 38 51 62 63 75 88 99 2 5 6 20 56 58 67 14 16 37 44 48 50 79 83 85 64 17
Volta 37: 24 59 81 87 27 55 52 90 26 69 72 100 96 10 30 34 41 60 77 80 86 18 23 35 36 39 38 65 62 75 88 99 5 2 6 13 20 51 56 63 14 16 44 50 48 58 67 85 37 64 79 83
Volta 38: 24 59 27 55 52 81 87 26 69 72 90 96 10 30 60 80 86 100 23 34 38 39 41 65 75 77 99 2 5 6 13 20 18 35 36 51 56 63 62 88 14 44 50 48 58 85 16 37 64 67 79 83
Volta 39: 24 52 55 59 87 27 26 81 90 96 10 30 69 72 80 100 23 34 38 41 60 65 75 77 86 99 5 2 6 18 35 36 39 62 63 88 13 20 44 48 50 51 56 58 85 14 16 67 79 37 64
Volta 40: 24 52 55 59 87 27 26 81 90 96 10 30 69 72 100 23 38 60 65 75 80 86 2 5 6 34 35 36 41 62 77 99 13 20 18 39 44 50 48 58 56 63 88 51 67 79 85 14 16 37 64
Volta 41: 24 55 87 26 52 59 90 27 69 81 96 10 30 38 60 72 80 86 100 2 5 6 23 34 35 36 41 65 75 77 99 13 18 20 44 48 50 62 63 88 39 51 56 58 85 14 37 67 79 16
Volta 42: 24 26 55 52 59 87 27 81 96 30 38 60 69 72 80 23 34 35 36 65 75 86 100 99 2 5 6 13 41 48 50 62 77 88 18 20 39 44 51 58 56 63 14 37 67 79 85 16
Volta 43: 24 26 59 87 55 52 27 38 72 80 81 96 23 30 35 34 36 60 65 69 86 100 99 5 2 41 48 50 62 75 77 88 6 13 20 44 51 58 14 18 39 56 63 67 79 85 37
Volta 44: 24 59 26 55 52 87 27 38 72 80 96 30 60 69 81 86 100 5 23 34 35 36 50 48 65 62 75 77 99 2 13 20 44 41 51 88 6 18 39 58 56 63 79 14 37 67 85
Volta 45: 24 59 26 52 55 87 72 80 96 27 30 38 60 23 35 36 50 62 65 69 81 86 100 99 5 20 34 41 48 75 77 88 2 6 13 39 44 51 56 14 18 58 63 67 79 37
Volta 46: 24 52 55 59 26 80 87 96 27 38 60 72 30 36 69 81 86 100 99 5 20 23 35 34 41 48 50 65 62 75 77 88 13 39 44 51 56 2 6 18 58 63 67 79 14 37
Volta 47: 24 55 59 26 52 87 27 60 80 96 30 36 38 72 81 86 99 100 35 34 48 50 62 69 75 77 5 20 23 39 41 44 56 65 88 6 13 18 51 58 67 79 2 14 63
Volta 48: 24 55 26 52 87 27 96 30 38 36 60 72 80 81 86 100 99 34 50 62 69 75 77 5 20 35 39 41 48 56 65 88 6 13 18 23 44 51 67 79 2 63 14
Volta 49: 24 52 55 87 26 27 38 60 72 80 100 96 99 30 36 50 62 69 81 86 20 34 41 48 56 65 75 77 88 5 35 39 44 51 67 79 2 6 13 18 23 63
Volta 50: 24 55 52 26 87 27 38 72 80 99 30 60 62 69 81 86 96 100 34 36 48 50 65 75 77 88 5 20 39 41 51 56 67 79 2 13 35 44 63 6 18 23
Volta 51: 24 52 55 26 87 27 38 72 30 60 69 80 81 86 100 99 96 36 50 62 65 77 20 34 39 41 48 51 56 67 75 88 2 5 13 35 44 63 79 6 18
Volta 52: 55 52 24 26 72 87 27 38 69 80 100 99 30 36 50 60 62 65 77 81 86 96 34 39 75 88 5 20 35 41 44 48 51 56 63 67 79 2 6 13 18
Volta 53: 55 52 26 24 87 38 72 80 100 99 30 27 36 60 62 65 69 77 86 96 34 39 50 75 81 5 20 35 44 48 51 56 63 67 79 88 2 6 13 41
Volta 54: 55 52 24 87 72 99 100 30 27 38 65 62 69 34 36 39 60 75 77 81 86 96 5 20 35 50 56 67 79 88 2 13 44 41 48 51 63 6
Volta 55: 52 55 24 87 72 30 38 62 65 99 100 27 36 69 75 77 81 96 5 20 34 35 39 50 60 88 86 2 41 48 51 56 63 67 79 13 44
Volta 56: 52 55 24 87 30 38 65 62 72 99 27 69 77 81 96 100 5 36 50 60 75 86 20 34 35 39 48 63 67 79 88 2 41 44 51 56 13
Volta 57: 52 24 55 87 30 62 65 72 99 27 38 69 81 100 96 5 36 50 60 75 77 86 20 34 35 39 48 63 67 79 44 41 51 56 88 2
Volta 58: 52 24 55 87 30 65 62 27 69 72 81 100 99 96 5 36 38 50 60 75 86 20 34 35 39 67 77 44 48 51 56 63 79 88 41 2
Volta 59: 55 52 24 87 30 62 27 65 69 81 100 99 96 5 50 75 72 86 20 36 38 60 77 35 34 39 48 51 63 67 79 88 41 44 56
Volta 60: 55 52 24 87 30 27 62 65 69 96 99 100 5 50 81 86 20 36 60 75 77 35 39 38 48 67 34 41 44 51 63 79
Volta 61: 52 55 87 24 30 62 65 100 5 27 50 69 81 86 96 99 20 36 60 75 35 39 38 67 77 34 44 48 63 41 51
Volta 62: 55 52 87 24 30 62 100 5 27 50 65 69 86 96 99 20 75 81 36 60 67 77 35 38 39 63 34 44 41 48 51
Volta 63: 55 52 87 24 30 62 50 65 86 100 5 27 69 75 81 99 96 20 60 67 77 35 36 34 39 38 41 48 63 44
Volta 64: 55 30 52 87 24 62 50 100 27 65 75 81 86 99 96 5 60 67 69 20 35 36 77 39 38 41 48 34 44 63
Volta 65: 30 52 55 87 24 62 100 50 86 99 5 27 65 69 75 81 96 20 35 36 60 67 77 39 41 48 34 38 44
Volta 66: 30 52 55 87 24 100 50 62 86 99 5 27 75 81 96 60 65 69 77 35 39 36 48 34 38 41 44
Volta 67: 30 52 55 87 24 62 86 99 100 5 27 50 75 96 60 65 69 77 81 36 48 35 39 38 34 41
Volta 68: 30 55 87 24 52 86 99 5 50 62 100 27 65 69 75 81 96 36 48 60 77 35 38 34 39 41
Volta 69: 30 55 87 24 52 99 50 62 86 5 65 69 81 96 100 27 48 60 75 77 36 38 34 35 39
Volta 70: 30 55 87 52 24 99 50 62 86 5 81 100 96 27 48 65 69 75 77 60 35 36 39 38 34
Volta 71: 30 55 52 87 24 50 86 99 62 100 5 27 48 65 69 81 96 60 75 77 35 38 36 39
Volta 72: 30 55 87 24 52 99 50 62 86 100 5 27 65 69 81 96 48 75 77 35 38 36 39 60
Volta 73: 30 55 87 52 24 99 50 100 5 62 81 86 96 27 48 65 69 75 35 38 77 39 36
Volta 74: 87 30 55 52 99 24 50 62 86 96 100 5 27 48 65 69 81 35 38 75 39 36 77
Volta 75: 30 52 87 55 24 99 50 86 100 96 5 48 65 62 69 81 27 38 75 35 36 39
Volta 76: 30 52 87 55 24 99 86 50 65 69 96 100 5 27 38 48 62 81 35 75 39 36
Volta 77: 30 87 52 55 99 24 86 50 65 69 100 96 5 27 38 48 62 81 35 75 39
Volta 78: 87 55 99 24 50 65 69 86 100 5 27 38 48 81 96 35 62 39 75
Volta 79: 87 55 99 24 50 5 27 38 48 65 69 81 86 96 100 35 39 62
Volta 80: 87 99 55 24 38 50 65 69 86 96 100 5 27 48 81 35 39 62
Volta 81: 87 55 99 24 38 50 65 69 86 5 27 48 81 96 100 35 39
Volta 82: 87 55 24 99 38 65 69 86 48 50 81 96 100 5 27 35 39
Volta 83: 87 55 24 38 65 86 99 50 69 100 5 48 81 96 27 35
Volta 84: 87 55 24 38 65 86 99 50 100 5 69 81 96 27 48 35
Volta 85: 87 55 24 65 86 99 38 50 100 69 81 5 96 27 48
Volta 86: 87 55 86 24 38 50 65 99 69 100 5 81 96 27 48
Volta 87: 87 55 50 65 86 24 38 99 100 5 69 81 96 27
Volta 88: 87 50 55 65 86 24 38 99 5 81 100 96 27 69
Volta 89: 87 55 65 24 50 86 99 38 100 5 81 96 27
Volta 90: 87 65 50 55 99 24 38 5 81 100 96 27
Volta 91: 87 65 99 24 38 50 55 5 100 81 96
Volta 92: 87 65 24 50 99 38 55 5 81 96 100
Volta 93: 87 65 24 99 38 50 55 5 81 96
Volta 94: 87 65 24 55 99 38 50 81 5 96
Volta 95: 87 65 24 99 38 50 55 81 5
Volta 96: 87 65 99 55 38 50 81 5
Volta 97: 87 65 55 99 50 38 81
Volta 98: 87 65 99 50 55 38 81
Volta 99: 87 65 99 38 50 55
Volta 100: 87 65 99 38 50 55
Volta 101: 87 65 99 38 50
Volta 102: 87 65 99 38 50
Volta 103: 87 65 99 38
Volta 104: 87 65 99 38
Volta 105: 87 65 99
Volta 106: 87 65 99
Volta 107: 87 65
Volta 108: 87 65

Ranqueamento Final:
1: Ciclista 65 - 2101.50 segundos
2: Ciclista 99 - 2072.34 segundos
3: Ciclista 38 - 2040.90 segundos
4: Ciclista 87 - 2017.10 segundos
5: Ciclista 50 - 2011.14 segundos
6: Ciclista 55 - 1966.26 segundos
7: Ciclista 81 - 1951.98 segundos
8: Ciclista 5 - 1920.06 segundos
9: Ciclista 96 - 1877.34 segundos
10: Ciclista 100 - 1817.34 segundos
11: Ciclista 27 - 1785.66 segundos
12: Ciclista 69 - 1741.62 segundos
13: Ciclista 48 - 1711.14 segundos
14: Ciclista 35 - 1680.78 segundos
15: Ciclista 39 - 1635.90 segundos
16: Ciclista 62 - 1591.50 segundos
17: Ciclista 75 - 1561.74 segundos
18: Ciclista 36 - 1530.90 segundos
19: Ciclista 77 - 1486.86 segundos
20: Ciclista 60 - 1441.38 segundos
21: Ciclista 34 - 1425.78 segundos
22: Ciclista 41 - 1381.02 segundos
23: Ciclista 44 - 1351.02 segundos
24: Ciclista 63 - 1306.50 segundos
25: Ciclista 51 - 1261.26 segundos
26: Ciclista 79 - 1231.38 segundos
27: Ciclista 2 - 1200.06 segundos
28: Ciclista 13 - 1155.30 segundos
29: Ciclista 6 - 1110.18 segundos
30: Ciclista 18 - 1080.42 segundos
31: Ciclista 23 - 1035.54 segundos
32: Ciclista 14 - 1005.30 segundos
33: Ciclista 37 - 975.90 segundos
34: Ciclista 85 - 916.98 segundos
35: Ciclista 16 - 885.42 segundos
36: Ciclista 64 - 841.50 segundos
37: Ciclista 83 - 796.98 segundos
38: Ciclista 17 - 780.78 segundos
39: Ciclista 49 - 736.14 segundos
40: Ciclista 70 - 691.62 segundos
41: Ciclista 98 - 662.34 segundos
42: Ciclista 19 - 630.42 segundos
43: Ciclista 57 - 571.38 segundos
44: Ciclista 3 - 555.06 segundos
45: Ciclista 47 - 496.14 segundos
46: Ciclista 12 - 465.30 segundos
47: Ciclista 32 - 420.78 segundos
48: Ciclista 84 - 361.98 segundos
49: Ciclista 45 - 331.02 segundos
50: Ciclista 76 - 286.86 segundos
51: Ciclista 28 - 255.66 segundos
52: Ciclista 66 - 211.62 segundos
53: Ciclista 82 - 151.98 segundos
54: Ciclista 1 - 120.06 segundos
55: Ciclista 92 - 62.22 segundos

Ciclista 4 quebrou na volta 30 - 585.00 segundos
Ciclista 7 quebrou na volta 12 - 285.12 segundos
Ciclista 8 quebrou na volta 30 - 600.12 segundos
Ciclista 9 quebrou na volta 12 - 285.12 segundos
Ciclista 10 quebrou na volta 42 - 810.12 segundos
Ciclista 11 quebrou na volta 6 - 120.24 segundos
Ciclista 15 quebrou na volta 18 - 390.24 segundos
Ciclista 20 quebrou na volta 66 - 1305.36 segundos
Ciclista 21 quebrou na volta 18 - 375.48 segundos
Ciclista 22 quebrou na volta 12 - 270.48 segundos
Ciclista 24 quebrou na volta 96 - 1845.48 segundos
Ciclista 25 quebrou na volta 24 - 465.48 segundos
Ciclista 26 quebrou na volta 54 - 1005.60 segundos
Ciclista 29 quebrou na volta 24 - 480.60 segundos
Ciclista 30 quebrou na volta 78 - 1455.60 segundos
Ciclista 31 quebrou na volta 36 - 780.72 segundos
Ciclista 33 quebrou na volta 24 - 495.72 segundos
Ciclista 40 quebrou na volta 30 - 600.84 segundos
Ciclista 42 quebrou na volta 24 - 495.96 segundos
Ciclista 43 quebrou na volta 6 - 135.96 segundos
Ciclista 46 quebrou na volta 12 - 256.08 segundos
Ciclista 52 quebrou na volta 78 - 1471.20 segundos
Ciclista 53 quebrou na volta 30 - 631.20 segundos
Ciclista 54 quebrou na volta 24 - 496.20 segundos
Ciclista 56 quebrou na volta 60 - 1231.32 segundos
Ciclista 58 quebrou na volta 48 - 976.32 segundos
Ciclista 59 quebrou na volta 48 - 886.32 segundos
Ciclista 61 quebrou na volta 30 - 571.44 segundos
Ciclista 67 quebrou na volta 66 - 1306.56 segundos
Ciclista 68 quebrou na volta 18 - 346.56 segundos
Ciclista 71 quebrou na volta 36 - 721.68 segundos
Ciclista 72 quebrou na volta 60 - 1171.68 segundos
Ciclista 73 quebrou na volta 12 - 241.68 segundos
Ciclista 74 quebrou na volta 6 - 136.68 segundos
Ciclista 78 quebrou na volta 24 - 481.80 segundos
Ciclista 80 quebrou na volta 54 - 1051.80 segundos
Ciclista 86 quebrou na volta 90 - 1742.04 segundos
Ciclista 88 quebrou na volta 60 - 1202.04 segundos
Ciclista 89 quebrou na volta 18 - 377.04 segundos
Ciclista 90 quebrou na volta 42 - 797.04 segundos
Ciclista 91 quebrou na volta 12 - 272.16 segundos
Ciclista 93 quebrou na volta 18 - 377.16 segundos
Ciclista 94 quebrou na volta 18 - 377.16 segundos
Ciclista 95 quebrou na volta 30 - 617.16 segundos
Ciclista 97 quebrou na volta 12 - 257.28 segundos
