Volta 1: 5 4 3 2 1 8 7 10 6 9 14 11 12 15 13 20 18 16 17 19 25 22 24 23 21 26 30 29 27 28 32 35 34 31 33 40 39 38 37 36 43 41 42 44 45 46 50 49 47 48
Volta 2: 1 4 2 9 10 7 6 8 14 13 15 12 19 18 20 24 21 22 25 23 26 27 31 35 32 33 39 36 41 42 45 44 48 50 46 49 47 5 3 11 17 16 29 28 30 34 37 38 40 43
Volta 3: 4 2 9 8 12 15 13 18 26 27 32 45 41 50 1 3 7 10 6 11 14 17 20 16 19 25 22 24 21 23 29 28 30 33 31 35 34 39 36 40 37 44 42 47 49 46 48 5 38
Volta 4: 4 2 9 8 13 18 41 45 3 1 7 10 15 11 12 14 17 19 16 25 23 24 22 27 30 29 28 26 34 31 32 35 40 42 44 46 49 50 48 47 5 6 20 21 33 37 36 38 39
Volta 5: 2 18 41 3 4 9 7 8 10 15 13 11 12 17 23 22 24 28 29 27 30 26 32 45 50 1 5 6 14 16 20 19 21 25 33 34 31 35 40 36 38 37 44 42 46 47 48 49
Volta 6: 41 3 4 2 10 7 13 15 12 17 18 24 22 27 26 32 45 50 5 1 6 8 14 16 19 20 23 25 29 30 28 31 35 33 37 36 40 44 42 48 47 46 21 34 38 49
Volta 7: 2 10 7 12 13 18 24 22 27 41 50 5 4 3 6 8 15 14 17 20 23 25 30 28 26 32 35 31 33 36 44 45 46 47 1 19 16 29 34 38 37 40 42 48 21
Volta 8: 2 10 7 12 13 18 24 27 41 50 3 4 6 14 25 22 26 32 31 33 35 36 44 45 46 1 5 8 15 20 19 17 23 28 30 34 38 40 42 48 47 16 21 29 37
Volta 9: 18 24 41 50 2 6 10 7 14 13 12 27 26 32 31 45 4 1 3 15 20 19 22 25 30 28 35 33 36 40 44 42 46 48 5 8 17 23 21 34 38 47 16 29
Volta 10: 41 2 10 6 12 18 24 26 27 31 45 50 4 3 1 7 14 13 25 30 28 33 35 32 44 46 5 8 15 17 19 20 22 21 23 34 36 38 40 42 47 48 16 29
Volta 11: 41 2 10 12 24 26 27 45 50 3 6 7 14 13 18 25 28 32 31 35 44 46 4 1 5 8 15 19 20 17 21 22 23 30 33 34 38 40 42 48 47 16 36
Volta 12: 41 2 10 12 26 27 45 50 6 14 13 18 24 31 32 44 3 1 7 15 25 28 30 34 35 33 38 42 46 48 4 5 20 16 19 17 21 22 40 36 47
Volta 13: 2 10 12 26 27 45 41 50 6 14 18 24 31 44 3 7 13 25 30 33 35 32 38 42 46 1 4 5 15 19 22 28 34 40 48 17 20 16 21 36
Volta 14: 2 10 12 27 26 41 45 50 6 14 18 44 7 25 24 35 31 33 38 3 1 4 5 13 15 19 28 30 34 32 40 42 48 46 16 20 17 22 36 21
Volta 15: 10 27 45 50 2 12 26 41 6 14 18 24 25 35 33 44 4 5 7 13 28 30 31 34 32 38 40 42 48 1 3 15 16 19 17 20 22 46 36
Volta 16: 27 50 2 10 12 26 41 45 6 14 25 35 44 5 7 18 24 30 28 33 31 34 38 42 3 4 15 13 20 19 17 22 32 40 48 46 1 16 36
Volta 17: 27 10 26 45 50 2 6 12 25 35 41 5 7 14 24 30 28 33 38 44 15 18 19 17 22 31 32 34 42 48 3 4 13 16 20 40 46 1
Volta 18: 27 50 2 10 6 12 26 45 5 7 24 25 38 44 41 15 14 19 28 30 31 32 33 34 48 3 13 18 17 16 22 40 42 46 20
Volta 19: 27 2 6 12 26 45 50 5 10 7 25 24 41 14 30 28 32 38 44 15 13 19 18 17 16 22 31 33 34 40 48 46 3 42
Volta 20: 27 2 6 26 45 50 7 10 12 24 25 5 14 30 28 32 38 41 44 15 17 18 22 34 33 31 40 46 48 3 13 19 16 42
Volta 21: 27 2 6 12 25 24 26 45 50 5 7 10 14 28 30 32 38 41 18 33 34 44 48 15 13 17 22 31 40 46 3 16 19
Volta 22: 2 6 27 26 45 50 5 7 10 12 24 25 30 41 14 28 32 33 34 38 44 15 18 17 22 31 40 46 48 3 13 19 16
Volta 23: 6 26 27 45 50 5 2 10 12 24 25 7 28 30 32 38 41 44 15 14 18 17 22 34 31 33 40 48 3 19 46 13
Volta 24: 27 45 5 2 10 6 24 26 50 7 12 25 30 28 44 41 14 17 22 33 32 34 40 38 18 19 31 48 46 13
Volta 25: 45 2 6 24 26 27 50 5 7 10 12 30 28 14 25 22 34 33 32 40 38 44 41 18 17 31 19 48 46
Volta 26: 2 24 27 26 45 50 5 6 10 12 30 28 7 14 25 32 40 41 18 22 34 31 33 38 44 17 19 48 46
Volta 27: 2 24 45 10 12 27 26 28 50 5 7 6 25 30 41 14 18 33 34 31 32 38 40 44 17 22 48 19
Volta 28: 2 24 10 26 27 45 50 5 12 25 30 28 7 6 14 18 33 34 32 40 44 41 17 31 38 48 19 22
Volta 29: 2 24 27 50 10 12 26 28 45 5 6 7 25 30 32 34 44 41 14 18 33 40 38 48 17 19 31
Volta 30: 2 24 50 10 12 27 26 45 5 6 30 28 32 44 7 33 34 38 14 18 17 40 48 31
Volta 31: 24 2 10 12 26 27 50 6 32 45 5 7 30 28 34 38 44 17 18 33 48 14 40
Volta 32: 24 2 10 26 50 6 12 27 7 28 32 38 44 45 5 17 18 30 33 34 14 40 48
Volta 33: 2 24 50 10 12 27 26 6 28 32 44 45 7 18 17 30 34 33 38 5 40 14
Volta 34: 24 2 10 26 50 6 12 28 27 44 7 18 30 32 33 45 5 17 34 38 40 14
Volta 35: 24 2 26 50 10 12 28 27 6 18 30 33 44 45 5 7 17 34 32 40 38
Volta 36: 24 50 2 10 27 26 6 12 28 33 44 45 5 18 17 30 34 38 7 32 40
Volta 37: 24 2 10 26 27 50 6 12 28 44 18 17 30 34 33 45 5 38 7 32
Volta 38: 24 2 10 26 50 6 12 27 44 18 30 28 34 33 45 5 17 38 7 32
Volta 39: 24 10 26 2 6 12 27 50 18 30 33 44 5 28 34 38 45 7 17
Volta 40: 24 10 26 6 12 2 27 33 44 50 5 18 28 30 34 45 7 38 17
Volta 41: 24 10 26 2 6 12 27 33 50 5 18 44 7 28 30 34 38 45
Volta 42: 24 26 10 6 12 27 33 5 44 50 18 28 30 45 7 38
Volta 43: 24 26 6 12 27 10 33 50 5 30 28 44 7 18 45
Volta 44: 24 26 6 27 10 12 33 50 5 28 30 18 44 7 45
Volta 45: 24 26 27 6 12 50 5 10 28 30 33 18 44 7
Volta 46: 24 26 27 6 12 50 10 30 28 33 5 18 44 7
Volta 47: 24 26 27 50 6 10 12 30 18 28 33 5 44
Volta 48: 24 26 27 6 10 12 30 50 28 33 5 18 44
Volta 49: 24 27 26 6 30 50 10 12 18 28 33 5
Volta 50: 24 26 27 6 10 12 30 50 28 33 5 18
Volta 51: 24 26 27 6 10 30 50 12 28 33 5
Volta 52: 27 24 26 10 6 30 50 12 28 33 5
Volta 53: 24 26 27 10 6 30 50 12 28 33
Volta 54: 24 27 26 6 10 30 50 12 28 33
Volta 55: 24 26 27 6 10 50 12 30 28
Volta 56: 27 6 24 26 10 50 30 12 28
Volta 57: 27 6 24 26 50 10 12 30
Volta 58: 6 24 26 27 50 10 12 30
Volta 59: 24 27 26 6 50 10 12
Volta 60: 24 26 27 6 10 12 50
Volta 61: 24 26 27 6 12 10
Volta 62: 26 24 27 6 12 10
Volta 63: 24 26 27 6 12
Volta 64: 24 26 27 12 6
Volta 65: 24 27 26 12
Volta 66: 24 27 26 12
Volta 67: 24 27 26
Volta 68: 24 26 27
Volta 69: 24 26
Volta 70: 24 26

Ranqueamento Final:
1: Ciclista 26 - 1350.66 segundos
2: Ciclista 24 - 1335.54 segundos
3: Ciclista 27 - 1305.66 segundos
4: Ciclista 12 - 1290.30 segundos
5: Ciclista 6 - 1260.18 segundos
6: Ciclista 10 - 1230.18 segundos
7: Ciclista 50 - 1186.14 segundos
8: Ciclista 30 - 1155.66 segundos
9: Ciclista 28 - 1125.66 segundos
10: Ciclista 33 - 1080.78 segundos
11: Ciclista 5 - 1080.06 segundos
12: Ciclista 18 - 1020.42 segundos
13: Ciclista 44 - 991.02 segundos
14: Ciclista 7 - 960.18 segundos
15: Ciclista 45 - 916.02 segundos
16: Ciclista 38 - 870.90 segundos
17: Ciclista 17 - 840.42 segundos
18: Ciclista 32 - 795.78 segundos
19: Ciclista 40 - 750.90 segundos
20: Ciclista 14 - 720.30 segundos
21: Ciclista 48 - 676.14 segundos
22: Ciclista 31 - 645.78 segundos
23: Ciclista 22 - 600.54 segundos
24: Ciclista 46 - 571.14 segundos
25: Ciclista 13 - 540.30 segundos
26: Ciclista 16 - 480.42 segundos
27: Ciclista 42 - 436.02 segundos
28: Ciclista 20 - 420.06 segundos
29: Ciclista 36 - 360.90 segundos
30: Ciclista 21 - 330.54 segundos
31: Ciclista 47 - 271.14 segundos
32: Ciclista 29 - 240.66 segundos
33: Ciclista 37 - 195.90 segundos
34: Ciclista 49 - 151.14 segundos
35: Ciclista 39 - 105.90 segundos
36: Ciclista 43 - 61.02 segundos

Ciclista 1 quebrou na volta 18 - 420.00 segundos
Ciclista 2 quebrou na volta 42 - 825.00 segundos
Ciclista 3 quebrou na volta 24 - 510.00 segundos
Ciclista 4 quebrou na volta 18 - 405.00 segundos
Ciclista 8 quebrou na volta 12 - 255.12 segundos
Ciclista 9 quebrou na volta 6 - 135.12 segundos
Ciclista 11 quebrou na volta 6 - 135.24 segundos
Ciclista 15 quebrou na volta 24 - 510.24 segundos
Ciclista 19 quebrou na volta 30 - 630.36 segundos
Ciclista 23 quebrou na volta 12 - 255.48 segundos
Ciclista 25 quebrou na volta 30 - 615.48 segundos
Ciclista 34 quebrou na volta 42 - 855.72 segundos
Ciclista 35 quebrou na volta 18 - 360.72 segundos
Ciclista 41 quebrou na volta 30 - 615.96 segundos
