Volta 1: 2 1 5 4 3 6 10 8 9 7 15 13 12 11 14 16 17 20 19 18 22 24 23 25 21 30 26 27 29 28 35 31 33 34 32 38 37 36 40 39 44 42 43 45 41 50 49 48 46 47 53 55 52 54 51 60 59 56 57 58 64 65 63 61 62 69 68 67 70 66 75 73 74 72 71 79 77 80 78 76 84 81 82 83 85 89 86 90 87 88 92 93 95 91 94 96 97 98 100 99
Volta 2: 4 3 2 1 5 7 9 10 11 14 15 12 16 20 17 18 19 24 25 23 21 28 29 30 26 35 33 32 31 38 36 37 43 44 41 45 42 46 47 50 49 48 51 54 53 55 56 58 57 59 63 61 62 65 67 68 69 70 72 71 73 74 78 76 79 80 81 84 86 88 87 90 89 94 93 92 99 96 100 97 6 8 13 22 27 34 40 39 52 60 64 66 75 77 83 82 85 91 95 98
Volta 3: 5 4 1 2 9 11 14 18 16 17 20 21 25 26 28 30 29 35 32 33 36 38 42 43 46 48 55 51 57 58 56 59 62 63 67 70 68 74 73 71 80 88 90 87 89 93 92 97 100 3 8 10 7 6 13 15 12 19 22 23 24 27 34 31 39 37 45 44 41 47 49 50 53 54 52 60 65 61 64 69 66 72 75 76 77 78 79 81 84 85 83 82 86 94 91 99 96 40 95
Volta 4: 5 4 9 11 14 18 20 16 21 26 28 32 35 42 43 48 55 59 62 63 67 68 73 89 87 92 100 2 1 3 7 13 15 12 17 19 25 22 24 23 29 30 34 33 31 37 38 36 45 41 44 46 47 49 51 53 52 54 58 57 60 56 65 69 66 70 75 71 74 72 78 79 80 81 82 83 86 90 88 94 93 97 10 6 8 27 39 50 64 61 76 77 84 85 91 95 99 96 40
Volta 5: 9 11 16 26 32 35 43 42 59 63 68 92 4 5 2 7 13 14 18 20 19 24 22 25 21 23 28 29 33 34 36 38 41 44 47 49 46 48 52 55 60 56 57 62 69 70 67 75 72 73 71 78 80 79 82 88 89 87 90 94 93 100 97 3 1 10 6 8 15 12 17 30 27 31 37 39 45 50 53 51 54 58 61 65 64 66 74 76 77 81 85 83 86 95 91 99 84 96
Volta 6: 32 35 42 92 2 5 4 9 14 11 16 18 20 22 21 24 29 26 34 36 43 44 48 46 49 55 59 60 57 62 63 69 68 71 82 87 90 89 88 97 100 1 3 10 7 13 12 15 17 25 23 30 27 28 31 33 37 38 45 41 47 52 53 51 54 58 70 67 66 72 74 75 73 77 76 78 80 83 86 94 91 99 6 8 39 50 65 61 81 95 96
Volta 7: 35 42 4 5 2 9 20 22 34 32 36 44 43 48 49 57 59 62 63 69 71 90 92 97 100 3 1 7 10 11 13 14 12 18 17 16 24 21 23 25 26 27 29 31 33 38 46 53 54 52 55 60 58 66 67 68 73 75 76 78 80 82 87 89 88 94 99 6 8 15 28 30 39 37 45 41 47 50 51 65 61 70 72 74 77 81 83 86 91 95
Volta 8: 2 9 22 34 35 36 42 48 49 59 62 90 92 100 3 4 5 1 10 7 11 13 14 18 16 20 21 29 27 32 38 44 43 46 54 57 60 63 69 66 67 73 71 78 82 88 87 99 97 8 6 12 17 23 25 24 26 28 30 31 33 37 41 45 47 55 53 52 51 58 68 70 75 74 72 77 80 76 83 89 91 94 15 39 50 61 65 81 86 95
Volta 9: 2 22 34 35 36 42 48 62 92 4 3 5 9 7 11 16 18 27 32 38 44 43 49 46 54 59 57 63 69 66 73 71 78 87 88 90 100 1 6 8 10 13 12 14 20 21 25 23 26 28 29 33 31 41 53 55 51 52 58 60 67 70 75 72 77 80 82 89 91 97 99 15 17 24 30 39 37 45 47 50 61 65 68 74 76 81 83 94 86
Volta 10: 2 22 34 36 48 62 5 4 9 11 16 18 27 35 32 42 43 46 49 54 57 63 66 71 73 90 87 92 100 3 1 6 10 7 14 13 12 20 21 25 29 26 33 31 38 41 44 53 58 59 69 67 72 75 77 78 82 89 88 91 97 8 15 17 23 30 28 50 47 51 55 52 60 70 68 74 80 76 99 24 37 39 45 65 61 81 83 86 94
Volta 11: 4 2 9 11 18 22 27 32 34 36 43 48 54 62 66 71 92 100 5 3 6 7 12 16 20 25 29 35 31 42 44 41 49 46 58 57 59 63 67 69 73 77 78 87 90 88 91 97 1 10 13 14 21 23 26 33 38 47 53 51 52 60 68 70 72 74 75 76 82 89 99 8 15 17 24 28 30 39 37 45 50 55 65 80 81 83 86 61
Volta 12: 4 2 18 22 34 32 36 43 48 54 62 66 71 92 100 5 3 9 6 16 25 27 35 42 44 46 49 59 57 63 67 77 88 87 91 1 10 7 13 12 20 26 29 31 38 47 52 53 58 68 69 73 75 72 74 78 76 90 89 97 99 8 14 17 21 23 24 28 30 33 37 39 45 50 55 51 65 70 80 81 83 82 86 61
Volta 13: 18 22 32 34 36 43 48 54 71 92 5 2 4 9 16 25 27 35 44 42 46 59 57 62 66 67 88 87 91 100 1 3 6 7 12 13 20 31 49 58 63 68 69 74 73 72 77 78 76 97 10 8 14 24 21 23 26 29 28 33 38 47 50 53 51 52 55 65 70 75 82 81 90 89 99 17 30 39 37 45 80 83 86
Volta 14: 18 22 34 32 43 48 54 71 4 2 5 9 36 44 42 57 59 62 66 67 87 91 92 100 3 1 6 16 25 27 35 31 46 58 63 68 73 72 76 77 78 88 97 8 10 7 13 12 14 20 24 21 26 29 33 38 47 49 50 52 51 53 70 69 75 74 90 89 99 17 23 30 28 39 45 55 65 80 81 82 86 37 83
Volta 15: 22 34 32 43 48 54 71 2 4 5 18 36 44 42 57 59 62 66 92 100 6 9 25 27 46 63 67 72 76 87 91 97 3 1 10 7 8 13 14 12 16 24 21 29 31 33 35 38 53 52 51 58 69 68 73 74 78 77 88 90 99 20 17 28 26 49 47 50 55 65 70 75 80 81 82 89 23 30 37 39 45 86
Volta 16: 34 32 48 54 4 18 22 36 43 57 59 71 92 100 5 2 9 6 25 27 42 44 46 62 66 67 76 87 1 3 10 13 14 16 24 29 33 35 31 38 51 52 53 58 63 69 68 72 73 74 77 88 91 97 99 7 8 12 20 17 21 28 26 49 47 55 65 70 75 78 81 82 90 89 30 39 37 45 50 80 86 23
Volta 17: 34 48 54 4 32 36 43 57 71 92 100 5 2 18 22 25 42 44 59 66 76 87 6 10 9 14 13 24 27 33 31 46 51 53 52 58 63 62 69 68 67 74 73 72 77 88 91 97 99 1 3 8 7 12 16 17 29 28 26 35 38 47 49 70 78 81 20 21 30 39 45 50 55 65 75 80 82 86 90 89 37
Volta 18: 34 48 54 4 32 36 71 92 100 2 18 22 44 43 57 66 5 9 6 24 25 27 31 33 42 46 53 51 52 58 62 73 74 77 76 88 97 99 3 7 8 10 14 13 16 17 35 47 49 63 69 67 68 72 78 81 1 12 20 21 29 28 30 39 45 50 55 65 70 82 89 86 90 37
Volta 19: 34 48 4 32 54 92 100 2 36 57 66 71 5 9 6 18 25 24 22 27 44 42 43 52 74 76 77 88 3 8 7 14 17 16 31 33 46 49 47 53 51 58 62 63 68 67 69 73 72 78 97 99 1 10 12 13 20 21 28 30 35 39 45 55 65 70 81 89 90 29 50 82 86
Volta 20: 48 4 34 32 54 92 100 36 66 2 5 6 9 18 25 27 43 42 44 57 74 71 76 77 3 14 16 22 24 33 31 49 52 51 53 58 62 67 69 73 78 88 97 1 7 10 8 13 12 20 17 21 28 35 39 46 47 63 68 70 72 81 89 99 30 29 45 50 55 65 82 86 90
Volta 21: 48 4 34 32 54 36 66 92 100 5 2 6 18 25 27 42 76 77 3 9 16 24 22 31 33 44 43 49 52 51 57 58 71 74 78 88 1 10 8 14 13 17 20 28 35 39 47 46 53 63 62 69 67 68 73 72 89 97 7 12 21 29 30 50 55 65 70 81 82 99 45 86
Volta 22: 48 4 32 34 54 66 100 2 6 18 27 36 42 92 5 3 9 16 25 24 33 31 44 43 49 52 58 57 74 71 77 76 88 1 10 14 13 20 22 28 35 46 53 51 63 62 67 69 72 73 78 89 7 8 17 21 30 39 47 55 68 82 81 97 99 12 29 45 50 65 70 86
Volta 23: 4 34 32 48 54 66 6 42 100 2 5 9 18 25 27 33 36 43 44 49 58 71 88 92 3 1 10 14 16 24 22 28 31 35 51 52 53 57 63 62 69 74 73 76 77 78 89 8 13 20 17 21 30 39 47 46 55 67 68 72 82 99 97 7 29 50 65 81 12 45 70
Volta 24: 32 48 4 34 54 66 6 42 100 5 25 27 33 36 43 44 49 58 71 1 2 9 10 14 18 16 24 22 35 31 53 57 73 74 76 77 88 92 3 13 17 28 39 46 55 51 52 63 62 68 69 67 72 78 82 89 7 21 29 30 50 47 81 99 97 12 45 70
Volta 25: 32 48 34 54 66 4 5 6 27 33 42 49 58 100 1 2 14 16 18 25 22 24 31 35 36 43 44 57 71 74 73 77 76 88 92 3 10 9 13 17 28 39 46 53 62 69 67 72 7 21 30 29 47 52 55 51 63 68 78 82 81 89 97 99 50 12 45
Volta 26: 32 34 48 4 54 66 6 27 33 42 58 100 2 5 14 18 16 25 24 35 44 43 49 73 71 77 92 1 3 10 13 17 22 31 36 46 57 62 69 67 74 72 76 88 9 21 29 30 28 39 47 55 53 51 52 63 68 78 81 89 97 7 50 82 99 12 45
Volta 27: 32 48 4 34 54 66 27 42 100 2 5 6 16 25 35 33 43 49 58 73 71 77 10 13 14 18 17 22 24 31 36 44 46 57 62 67 72 74 92 3 1 9 29 30 39 55 52 69 78 76 88 7 21 28 47 51 53 63 68 81 82 89 97 99 50 12
Volta 28: 48 32 54 66 4 34 100 6 27 33 42 43 49 58 71 73 2 5 14 16 18 17 24 25 31 35 44 46 57 62 67 77 92 1 3 9 10 13 22 36 39 52 55 69 72 74 88 7 21 30 29 28 47 51 68 76 78 82 81 89 99 97 53 63 12 50
Volta 29: 48 32 66 34 54 100 4 27 43 42 71 5 6 17 24 33 44 46 49 57 58 62 67 73 92 1 2 9 10 14 13 18 16 25 22 31 35 36 39 52 69 74 72 77 88 3 29 30 47 55 68 78 76 97 7 21 28 53 51 63 82 81 89 99 12
Volta 30: 32 48 66 34 54 4 27 42 100 6 24 33 43 49 46 62 71 73 92 2 5 9 14 17 18 16 25 22 31 35 44 57 58 69 67 74 72 77 1 3 10 13 29 39 36 47 52 55 76 88 97 7 21 30 51 68 78 82 81 89 99 12 28 53 63
Volta 31: 48 66 34 32 4 27 42 54 100 6 43 49 71 2 9 24 25 33 35 31 44 46 58 57 62 67 69 73 72 77 92 5 1 3 10 14 13 16 18 17 22 36 39 47 55 52 74 97 21 29 30 51 68 78 76 81 88 99 7 12 28 53 82 89
Volta 32: 66 34 48 4 32 42 6 27 43 49 54 71 100 2 9 24 25 33 31 44 46 58 62 67 69 77 92 3 10 13 16 22 35 39 57 73 74 72 97 1 5 14 18 17 21 30 29 36 47 52 51 55 78 76 81 99 7 12 28 68 82 88 53 89
Volta 33: 66 48 4 32 34 6 27 43 42 49 54 100 2 9 25 24 33 46 58 67 71 77 92 10 13 16 35 31 39 44 57 62 69 72 73 1 3 14 22 21 30 29 36 47 52 55 74 78 81 97 5 7 17 18 28 51 68 76 82 88 99 12 53
Volta 34: 66 4 34 32 48 27 49 54 100 2 6 9 25 43 42 46 58 67 71 77 92 13 24 33 35 44 57 62 69 1 3 10 16 22 29 31 36 39 52 74 72 73 5 14 17 21 30 28 47 55 51 68 76 78 82 81 88 97 7 12 18 99 53
Volta 35: 66 34 32 48 4 49 54 100 9 6 27 43 42 46 58 67 71 77 2 24 25 35 57 92 3 1 10 13 16 22 29 33 31 44 62 69 74 72 5 14 17 21 28 30 36 39 47 55 52 73 78 76 81 88 12 18 51 68 82 99 97 7
Volta 36: 66 32 34 48 4 49 100 27 46 54 67 71 77 6 25 43 58 57 3 13 16 24 22 33 35 44 62 69 74 92 5 10 14 17 21 29 30 31 39 36 47 55 72 73 76 78 81 88 12 28 52 51 68 82 97 7 18 99
Volta 37: 32 66 34 48 49 4 27 46 54 67 71 77 100 6 25 57 58 3 24 35 43 44 62 69 92 10 13 14 16 22 21 29 30 33 31 36 39 55 74 72 76 88 5 12 17 28 47 52 68 73 78 81 97 18 51 82 7
Volta 38: 32 66 34 49 48 4 46 54 67 71 100 6 25 27 57 58 77 3 35 44 62 92 13 16 22 24 21 30 31 33 39 36 43 55 69 74 88 5 10 14 17 28 29 73 72 76 78 81 97 12 47 52 68 82 7 18 51
Volta 39: 32 66 49 48 34 67 100 4 6 25 27 46 54 58 71 77 35 44 57 62 92 3 24 22 30 33 36 39 55 69 74 5 10 13 14 16 21 29 31 43 72 76 81 88 97 12 17 28 47 52 68 73 78 82 7 18
Volta 40: 32 66 49 34 48 100 4 6 25 27 46 58 67 71 77 44 54 57 62 30 35 36 55 74 92 3 10 13 14 16 21 24 22 33 39 69 72 88 97 5 12 17 29 28 31 43 73 76 78 82 81 47 52 68 7 18
Volta 41: 32 66 48 49 100 4 34 46 67 71 77 6 25 27 44 54 58 57 30 36 62 92 3 10 14 24 35 33 39 55 69 74 88 97 5 13 16 17 22 21 29 31 43 72 73 78 81 12 28 47 52 68 76 82 7
Volta 42: 66 49 100 34 48 46 67 77 4 6 25 27 54 71 30 44 57 58 62 92 14 33 35 36 39 55 97 3 5 10 17 22 24 21 29 31 43 73 74 72 88 13 12 47 52 78 76 81 82 7 28 68
Volta 43: 66 46 48 49 67 77 100 4 6 25 27 34 71 44 54 57 58 92 14 30 39 55 62 22 24 21 29 33 35 31 36 74 73 72 88 97 3 5 10 12 17 43 47 52 76 78 81 7 13 82 28
Volta 44: 66 49 48 46 67 77 27 34 71 100 4 6 25 54 92 14 30 39 44 57 58 62 22 21 33 55 74 73 88 3 5 10 17 24 29 35 31 36 43 72 76 81 97 12 13 47 52 78 82 7 28
Volta 45: 66 49 46 48 77 27 67 71 100 6 34 4 14 25 54 57 58 62 92 21 30 33 39 44 55 74 73 88 10 17 22 24 35 31 36 43 76 81 3 5 13 29 47 52 72 78 97 7 12 82
Volta 46: 66 46 77 27 49 48 67 71 34 100 4 6 14 25 54 57 58 92 21 33 39 44 55 62 74 88 22 24 30 31 35 36 43 73 76 81 5 3 10 13 17 29 47 52 72 12 78 82 97 7
Volta 47: 66 77 27 46 48 71 49 67 4 25 34 100 6 14 39 54 58 57 62 74 92 22 21 31 33 35 43 44 55 73 76 81 88 10 17 24 30 29 36 72 5 3 13 47 52 78 82 97 12
Volta 48: 66 46 71 77 27 48 49 67 4 25 34 100 14 39 54 57 58 62 74 6 22 35 44 55 81 92 17 21 29 31 33 36 76 88 5 3 10 13 24 30 52 72 78 82 97 12
Volta 49: 66 46 77 48 49 71 25 27 34 67 4 54 74 100 6 14 22 35 39 44 58 57 62 92 21 29 33 31 36 55 76 81 88 17 24 30 52 72 78 3 5 10 13 82 97
Volta 50: 66 46 77 49 48 71 27 34 67 4 25 54 74 100 6 14 22 58 57 92 21 29 35 33 39 44 55 62 81 88 17 24 31 36 72 76 3 5 10 30 52 78 13 82 97
Volta 51: 66 46 77 48 71 27 34 49 67 25 54 74 100 4 6 14 22 39 44 58 57 62 88 92 21 29 31 35 33 36 55 72 81 3 10 17 24 30 52 76 5 13 78 82
Volta 52: 66 77 48 46 71 27 34 49 67 25 54 74 6 100 4 14 22 39 57 62 92 35 36 44 55 58 81 88 3 10 17 21 24 29 33 31 52 72 76 13 30 78 82 5
Volta 53: 66 77 48 46 71 27 67 25 34 49 54 74 6 100 4 14 22 57 62 92 39 36 55 58 88 3 10 21 24 29 35 33 44 72 76 81 17 30 31 52 78 13 82
Volta 54: 66 77 48 71 27 46 67 54 6 25 34 49 74 4 62 100 14 22 55 57 88 92 10 24 33 35 39 36 44 58 72 3 17 21 29 52 76 81 13 31 78 82
Volta 55: 66 71 77 46 48 67 27 54 25 49 74 4 6 34 100 14 22 62 88 92 24 35 33 39 44 55 58 57 3 10 21 29 36 52 72 76 81 17 78 13 31
Volta 56: 66 71 77 48 46 67 25 27 54 74 6 49 4 22 34 62 100 14 35 44 55 57 88 92 3 24 29 33 36 39 58 72 76 81 10 21 52 13 17 31 78
Volta 57: 66 48 67 71 77 46 25 27 54 74 49 4 6 22 34 100 35 44 57 62 88 92 14 24 33 39 36 55 58 72 76 81 3 10 21 29 13 17 52 31
Volta 58: 66 48 71 77 46 67 25 27 74 49 54 4 6 22 34 44 62 88 100 33 35 36 39 57 72 76 92 10 14 24 29 55 58 81 3 21 52 13 17 31
Volta 59: 66 48 67 71 77 46 25 27 49 54 74 22 34 4 6 44 62 88 35 39 57 72 76 92 100 10 14 24 33 36 55 81 21 29 58 3 13 17 52
Volta 60: 66 48 71 46 77 25 27 74 22 54 4 6 34 62 88 35 44 92 100 10 33 39 36 57 72 76 81 14 24 29 58 3 17 21 52 13
Volta 61: 66 48 46 71 77 74 22 25 27 54 34 4 6 35 44 62 88 92 10 33 39 36 57 72 76 81 100 14 24 58 17 21 29 52 3
Volta 62: 66 46 48 71 77 74 27 54 22 25 34 6 44 62 88 92 4 10 35 39 36 57 72 76 81 100 24 33 58 14 17 21 29 52 3
Volta 63: 66 48 46 71 77 27 54 74 22 25 34 44 62 92 4 6 35 39 72 76 88 100 10 33 36 57 81 24 21 58 14 17 29 52
Volta 64: 66 46 77 48 71 27 54 74 22 25 34 44 4 6 39 62 88 92 35 36 57 72 76 81 100 10 24 33 58 14 17 21 29 52
Volta 65: 66 77 46 48 71 27 74 54 25 22 6 34 44 92 4 35 36 39 57 62 76 81 88 10 24 33 72 100 14 21 29 58 17
Volta 66: 66 77 48 46 71 27 74 25 22 54 6 34 44 92 4 39 57 10 24 35 36 62 72 81 88 100 14 29 33 58 17 21
Volta 67: 66 77 46 48 71 22 27 54 74 25 44 4 6 34 39 57 92 35 36 62 81 88 10 24 29 33 58 72 100 14 17
Volta 68: 66 77 48 46 71 27 54 74 25 22 4 6 34 44 57 92 35 39 36 81 10 24 29 33 62 88 14 17 58 72 100
Volta 69: 66 77 46 48 71 54 74 25 22 27 44 92 4 6 34 35 36 39 57 24 33 62 81 10 17 29 58 72 88 14
Volta 70: 66 77 48 46 71 74 27 54 25 22 44 92 39 4 6 24 34 33 35 36 57 62 81 10 58 72 14 17 29 88
Volta 71: 66 77 48 74 71 27 46 54 22 44 25 92 4 6 35 39 36 62 24 34 33 57 81 10 14 17 29 58 72
Volta 72: 66 77 48 46 74 71 27 44 54 25 22 35 62 92 4 6 24 33 34 36 39 57 81 10 17 29 72 14
Volta 73: 66 48 77 46 71 27 44 54 74 22 25 62 4 6 33 35 34 57 92 24 29 36 39 72 81 10 17
Volta 74: 66 77 48 46 71 27 74 25 22 44 54 4 6 34 33 62 92 24 29 35 57 81 10 17 36 39 72
Volta 75: 66 77 48 46 27 71 22 25 44 74 54 4 34 33 62 6 29 35 81 92 17 24 39 36 57 10
Volta 76: 66 77 48 46 71 22 25 27 44 74 54 4 33 62 6 29 34 24 35 39 81 92 10 17 36 57
Volta 77: 66 48 77 46 71 25 22 27 44 74 54 33 4 6 34 62 29 92 10 17 24 35 39 36 81
Volta 78: 66 77 48 46 25 22 44 71 27 74 33 54 6 34 62 4 29 92 24 35 36 39 10 17 81
Volta 79: 66 77 48 46 22 25 44 71 27 74 54 6 34 33 62 4 29 24 35 39 36 92 10 17
Volta 80: 66 77 48 22 44 46 25 71 27 54 74 33 62 4 6 34 24 29 92 35 36 39 10 17
Volta 81: 66 77 22 48 46 25 44 71 27 54 74 62 4 6 34 33 29 92 24 35 39 36 10
Volta 82: 66 77 22 46 48 25 44 27 74 71 54 62 4 6 34 33 24 29 35 92 36 39 10
Volta 83: 66 77 46 22 25 44 48 74 71 27 54 62 34 4 6 33 24 29 35 92 36 39
Volta 84: 66 77 22 46 48 25 44 74 27 54 71 34 62 4 6 33 24 35 29 36 92 39
Volta 85: 66 77 22 46 25 48 27 44 54 74 71 62 34 4 6 35 33 24 36 92 29
Volta 86: 66 77 22 46 25 48 44 71 74 27 54 62 34 4 6 35 24 33 29 36 92
Volta 87: 66 77 46 22 25 48 44 71 74 27 54 62 34 4 6 35 24 33 29 36
Volta 88: 66 77 22 25 48 46 44 71 74 27 54 62 4 35 34 6 24 33 36 29
Volta 89: 77 66 22 48 46 25 44 71 27 54 74 4 34 35 62 6 24 33 36
Volta 90: 66 77 48 46 25 44 71 27 54 74 62 4 6 34 35 24 33 36
Volta 91: 66 46 77 25 48 71 27 44 74 54 62 4 6 35 24 34 33
Volta 92: 66 77 46 48 25 71 27 44 54 74 4 35 62 6 24 34 33
Volta 93: 66 48 77 25 46 71 27 44 54 74 4 35 62 6 24 34
Volta 94: 66 48 77 71 25 27 46 54 4 35 44 62 74 6 24 34
Volta 95: 66 48 77 71 25 27 46 54 35 44 62 74 4 6 24
Volta 96: 48 66 77 71 25 46 27 44 54 62 74 4 6 24
Volta 97: 48 66 77 71 25 27 44 46 54 62 74 4 6
Volta 98: 77 48 66 71 25 27 46 54 62 44 74 6 4
Volta 99: 48 66 71 77 27 54 62 25 44 46 74 6
Volta 100: 48 66 77 71 27 54 25 44 46 62 74 6
Volta 101: 66 77 48 71 27 25 44 54 62 46 74
Volta 102: 66 48 71 77 27 25 54 44 46 62 74
Volta 103: 66 71 77 48 25 27 54 44 46 62
Volta 104: 66 71 48 77 25 27 54 46 44 62
Volta 105: 48 66 71 77 27 54 25 46 44
Volta 106: 66 71 48 77 27 25 46 54 44
Volta 107: 48 66 71 27 77 25 54 46
Volta 108: 66 71 48 77 25 27 54 46
Volta 109: 66 71 48 77 25 27 54
Volta 110: 66 71 77 25 48 54 27
Volta 111: 66 71 77 25 48 54
Volta 112: 66 71 25 48 54 77
Volta 113: 71 48 54 66 25
Volta 114: 48 54 71 25 66
Volta 115: 48 54 71 25
Volta 116: 48 71 25 54
Volta 117: 48 25 71
Volta 118: 48 25 71
Volta 119: 48 25
Volta 120: 48 25

Ranqueamento Final:
1: Ciclista 25 - 23100.54 segundos
2: Ciclista 48 - 22951.14 segundos
3: Ciclista 71 - 22801.74 segundos
4: Ciclista 54 - 22351.26 segundos
5: Ciclista 66 - 22051.62 segundos
6: Ciclista 77 - 21601.86 segundos
7: Ciclista 27 - 21450.66 segundos
8: Ciclista 46 - 21151.14 segundos
9: Ciclista 44 - 21001.02 segundos
10: Ciclista 62 - 20551.50 segundos
11: Ciclista 74 - 20401.74 segundos
12: Ciclista 6 - 19950.18 segundos
13: Ciclista 4 - 19650.06 segundos
14: Ciclista 24 - 19200.54 segundos
15: Ciclista 34 - 18900.78 segundos
16: Ciclista 33 - 18600.78 segundos
17: Ciclista 36 - 18450.90 segundos
18: Ciclista 29 - 18150.66 segundos
19: Ciclista 92 - 17552.22 segundos
20: Ciclista 39 - 17250.90 segundos
21: Ciclista 10 - 16950.18 segundos
22: Ciclista 17 - 16500.42 segundos
23: Ciclista 81 - 16051.98 segundos
24: Ciclista 57 - 15601.38 segundos
25: Ciclista 72 - 15151.74 segundos
26: Ciclista 14 - 14851.38 segundos
27: Ciclista 88 - 14402.10 segundos
28: Ciclista 100 - 13952.34 segundos
29: Ciclista 21 - 13650.54 segundos
30: Ciclista 52 - 13201.26 segundos
31: Ciclista 3 - 13050.06 segundos
32: Ciclista 13 - 12600.30 segundos
33: Ciclista 31 - 12150.78 segundos
34: Ciclista 78 - 11701.86 segundos
35: Ciclista 82 - 11251.98 segundos
36: Ciclista 5 - 10950.06 segundos
37: Ciclista 97 - 10502.34 segundos
38: Ciclista 12 - 10050.30 segundos
39: Ciclista 7 - 9750.18 segundos
40: Ciclista 28 - 9450.66 segundos
41: Ciclista 68 - 8851.62 segundos
42: Ciclista 18 - 8550.42 segundos
43: Ciclista 51 - 8101.26 segundos
44: Ciclista 99 - 7652.34 segundos
45: Ciclista 53 - 7351.26 segundos
46: Ciclista 89 - 6902.10 segundos
47: Ciclista 63 - 6451.50 segundos
48: Ciclista 50 - 6151.14 segundos
49: Ciclista 45 - 5701.02 segundos
50: Ciclista 70 - 5251.62 segundos
51: Ciclista 86 - 4802.10 segundos
52: Ciclista 90 - 4352.10 segundos
53: Ciclista 37 - 4200.90 segundos
54: Ciclista 23 - 3750.54 segundos
55: Ciclista 83 - 3301.98 segundos
56: Ciclista 61 - 3001.50 segundos
57: Ciclista 94 - 2402.22 segundos
58: Ciclista 95 - 1952.22 segundos
59: Ciclista 96 - 1502.34 segundos
60: Ciclista 40 - 1200.90 segundos
61: Ciclista 98 - 602.34 segundos

Ciclista 1 quebrou na volta 36 - 7200.00 segundos
Ciclista 2 quebrou na volta 36 - 7200.00 segundos
Ciclista 8 quebrou na volta 24 - 4950.12 segundos
Ciclista 9 quebrou na volta 36 - 6900.12 segundos
Ciclista 11 quebrou na volta 12 - 2250.24 segundos
Ciclista 15 quebrou na volta 12 - 2700.24 segundos
Ciclista 16 quebrou na volta 42 - 8550.36 segundos
Ciclista 19 quebrou na volta 6 - 1350.36 segundos
Ciclista 20 quebrou na volta 24 - 4950.36 segundos
Ciclista 22 quebrou na volta 90 - 17250.48 segundos
Ciclista 26 quebrou na volta 18 - 3750.60 segundos
Ciclista 30 quebrou na volta 54 - 11100.60 segundos
Ciclista 32 quebrou na volta 42 - 7650.72 segundos
Ciclista 35 quebrou na volta 96 - 19050.72 segundos
Ciclista 38 quebrou na volta 18 - 3750.84 segundos
Ciclista 41 quebrou na volta 12 - 2400.96 segundos
Ciclista 42 quebrou na volta 36 - 6900.96 segundos
Ciclista 43 quebrou na volta 48 - 9600.96 segundos
Ciclista 47 quebrou na volta 48 - 9901.08 segundos
Ciclista 49 quebrou na volta 60 - 11551.08 segundos
Ciclista 55 quebrou na volta 60 - 12151.20 segundos
Ciclista 56 quebrou na volta 6 - 1201.32 segundos
Ciclista 58 quebrou na volta 72 - 14851.32 segundos
Ciclista 59 quebrou na volta 18 - 3601.32 segundos
Ciclista 60 quebrou na volta 12 - 2701.32 segundos
Ciclista 64 quebrou na volta 6 - 1351.44 segundos
Ciclista 65 quebrou na volta 24 - 5101.44 segundos
Ciclista 67 quebrou na volta 60 - 11251.56 segundos
Ciclista 69 quebrou na volta 42 - 8401.56 segundos
Ciclista 73 quebrou na volta 48 - 9601.68 segundos
Ciclista 75 quebrou na volta 18 - 3901.68 segundos
Ciclista 76 quebrou na volta 66 - 13351.80 segundos
Ciclista 79 quebrou na volta 6 - 1201.80 segundos
Ciclista 80 quebrou na volta 18 - 3901.80 segundos
Ciclista 84 quebrou na volta 6 - 1501.92 segundos
Ciclista 85 quebrou na volta 6 - 1351.92 segundos
Ciclista 87 quebrou na volta 18 - 3452.04 segundos
Ciclista 91 quebrou na volta 18 - 3602.16 segundos
Ciclista 93 quebrou na volta 6 - 1202.16 segundos
