Volta 1: 3 4 1 2 5 9 10 6 8 7 14 13 15 12 11 19 16 20 18 17 24 23 21 22 25 26 30 29 27 28 32 34 31 33 35 37 38 39 40 36 43 42 45 44 41 50 47 48 49 46
Volta 2: 1 5 3 4 10 9 6 8 14 11 12 15 20 18 17 16 25 24 21 23 22 26 29 28 27 33 34 32 31 35 37 40 41 44 49 48 47 50 2 7 13 19 30 38 36 39 45 42 43 46
Volta 3: 4 5 10 8 9 15 16 17 18 24 25 23 27 26 29 33 31 37 41 49 47 48 2 3 1 6 7 11 13 14 12 19 20 21 22 28 30 32 34 35 36 39 40 38 44 42 43 45 50
Volta 4: 5 4 9 8 10 15 18 16 25 23 26 33 41 49 47 48 2 1 3 7 6 11 12 19 20 17 24 27 30 29 28 35 32 31 39 36 37 40 44 42 43 45 13 14 22 21 34 38 50
Volta 5: 4 8 9 23 25 33 41 47 49 5 1 3 2 10 12 15 17 19 16 18 24 26 29 30 28 31 39 36 40 44 43 48 6 7 14 13 11 20 22 21 27 32 35 37 38 42 45 34
Volta 6: 4 9 8 25 23 33 49 47 1 2 5 15 19 16 18 30 28 31 40 36 43 3 7 12 11 14 20 17 21 22 29 27 26 35 32 37 39 42 45 44 48 6 13
Volta 7: 8 33 47 5 2 4 9 19 18 23 25 30 40 43 49 3 1 7 11 12 15 16 20 17 21 26 28 27 31 32 35 39 37 36 45 42 48 6 14 22 29 44
Volta 8: 8 47 4 2 9 18 23 30 33 40 49 1 5 7 15 11 12 19 25 27 26 28 32 37 39 42 45 43 3 6 16 17 20 21 22 29 35 31 36 48 14 44
Volta 9: 8 4 33 40 49 47 2 9 7 18 19 25 23 30 27 26 28 37 39 43 3 1 5 6 12 15 11 16 17 22 21 32 35 31 36 45 42 48 14 20 29
Volta 10: 8 33 40 47 4 18 30 28 26 37 49 5 2 1 3 7 9 6 12 15 16 17 19 23 25 27 32 36 39 45 43 14 11 20 21 22 29 35 31 42 48
Volta 11: 8 33 40 47 28 26 30 37 49 4 5 3 2 1 6 7 15 12 16 18 23 25 27 39 45 43 9 11 14 19 17 22 21 29 35 31 32 36 42 20
Volta 12: 8 33 47 26 49 4 3 7 15 18 16 23 28 30 39 45 5 2 1 6 9 14 12 21 25 22 27 35 32 43 42 19 29 31 36 20
Volta 13: 8 47 33 49 3 4 7 15 18 16 23 28 26 39 45 1 5 6 12 14 25 21 30 27 42 43 2 9 19 22 31 35 32 36 29
Volta 14: 8 47 3 4 15 23 26 33 39 49 1 6 7 16 18 21 30 28 27 43 45 2 5 9 14 12 25 22 42 19 29 31 35 32 36
Volta 15: 8 47 3 15 26 33 39 49 4 7 6 16 18 23 21 27 28 30 43 45 5 1 2 9 25 22 42 14 12 32 19 29 31 35
Volta 16: 8 47 3 26 49 4 15 16 21 27 28 33 39 43 6 9 7 18 23 22 30 42 45 1 2 5 14 12 25 32 19 31 35 29
Volta 17: 8 47 26 3 15 16 21 27 28 33 39 49 4 9 7 6 23 30 42 43 2 1 14 12 18 22 25 32 45 5 31 35 19
Volta 18: 8 47 26 16 27 33 39 49 4 9 7 15 23 30 28 43 42 2 12 18 25 22 45 1 5 14 32 35 19 31
Volta 19: 47 8 26 16 27 33 39 4 7 9 15 23 28 42 49 12 22 30 43 2 1 5 14 18 25 32 45 35 19
Volta 20: 47 26 8 27 39 4 15 16 28 33 9 7 23 30 43 42 49 1 12 14 18 25 22 32 45 5 2 35 19
Volta 21: 26 47 8 27 15 16 33 39 4 9 30 28 42 49 1 7 12 23 22 25 32 43 5 2 14 18 35 45
Volta 22: 26 47 8 27 33 39 15 16 28 30 42 4 1 9 7 12 23 32 43 49 14 18 22 25 35 45 2 5
Volta 23: 47 8 26 27 33 39 15 16 28 42 4 12 23 30 43 49 1 7 9 14 22 25 32 45 2 18 35
Volta 24: 47 8 26 33 39 15 16 27 28 4 12 23 43 1 9 14 25 32 45 49 2 7 22 35 18
Volta 25: 47 26 8 33 39 15 27 28 12 16 23 43 1 4 9 25 32 49 2 7 14 22 45 35
Volta 26: 47 26 8 33 15 27 39 12 23 28 43 1 4 9 16 25 49 7 14 22 32 2 45 35
Volta 27: 26 47 8 33 27 39 12 15 43 1 4 9 16 25 23 28 49 7 22 32 2 14 45
Volta 28: 26 8 47 27 33 39 15 1 4 9 12 16 25 28 43 23 22 49 7 14 32 45 2
Volta 29: 8 26 47 27 33 15 39 4 9 12 16 25 28 43 1 23 49 14 22 32 45 7
Volta 30: 26 47 8 15 27 33 39 4 9 25 28 43 1 12 16 22 23 49 7 14 32 45
Volta 31: 26 47 8 27 33 9 15 25 39 43 4 1 12 28 16 22 49 7 14 23 32
Volta 32: 26 47 8 27 33 9 15 39 1 4 25 28 43 12 16 22 7 14 23 49 32
Volta 33: 26 8 47 27 33 9 39 4 15 28 1 12 25 22 43 7 14 16 23 49
Volta 34: 26 8 47 33 27 39 9 28 4 1 12 15 25 43 7 14 22 23 16 49
Volta 35: 26 8 47 27 33 39 9 4 1 12 15 28 14 23 22 25 43 7 16
Volta 36: 26 47 8 39 9 27 33 1 4 15 28 12 25 23 14 16 22 43 7
Volta 37: 26 47 8 9 27 39 15 33 4 1 12 25 28 14 16 23 22 43
Volta 38: 26 8 47 9 27 39 15 33 1 4 25 28 12 16 22 23 14 43
Volta 39: 26 47 8 27 39 9 15 33 4 1 12 22 25 28 14 16 23
Volta 40: 26 47 8 27 39 9 15 33 4 1 12 25 23 22 28 14 16
Volta 41: 26 47 8 39 9 15 27 33 1 4 12 25 22 23 28 14
Volta 42: 26 8 47 39 9 33 15 27 4 1 12 22 25 28 14
Volta 43: 26 47 8 39 9 33 15 4 27 1 12 22 25 28
Volta 44: 26 8 39 47 9 33 15 27 4 1 28 12 25 22
Volta 45: 26 47 8 39 9 33 15 27 4 1 12 25 28
Volta 46: 26 47 8 39 33 9 15 4 27 1 12 25 28
Volta 47: 26 47 8 33 39 9 4 15 27 1 12 25
Volta 48: 26 47 8 39 9 33 27 4 1 15 12 25
Volta 49: 26 47 8 39 9 33 27 4 12 1 15
Volta 50: 26 8 47 39 9 33 4 12 27 1 15
Volta 51: 26 8 47 39 33 9 12 4 27 1
Volta 52: 26 47 8 39 33 9 4 12 27 1
Volta 53: 26 8 47 33 39 9 4 12 27
Volta 54: 26 47 8 39 33 9 4 12 27
Volta 55: 26 47 8 39 33 9 4 12
Volta 56: 26 47 8 39 33 4 9 12
Volta 57: 26 47 8 39 33 4 9
Volta 58: 26 8 39 47 4 33 9
Volta 59: 26 47 8 39 4 33
Volta 60: 26 47 8 39 4 33
Volta 61: 26 47 8 39 4
Volta 62: 26 47 8 39 4
Volta 63: 26 47 8 39
Volta 64: 26 47 8 39
Volta 65: 47 26 8
Volta 66: 26 47 8

Ranqueamento Final:
1: Ciclista 8 - 6300.18 segundos
2: Ciclista 47 - 6226.14 segundos
3: Ciclista 26 - 6225.66 segundos
4: Ciclista 39 - 6150.90 segundos
5: Ciclista 4 - 6000.06 segundos
6: Ciclista 33 - 5850.78 segundos
7: Ciclista 9 - 5700.18 segundos
8: Ciclista 12 - 5475.30 segundos
9: Ciclista 27 - 5400.66 segundos
10: Ciclista 1 - 5325.06 segundos
11: Ciclista 15 - 5025.30 segundos
12: Ciclista 25 - 4875.54 segundos
13: Ciclista 28 - 4650.66 segundos
14: Ciclista 22 - 4500.54 segundos
15: Ciclista 14 - 4425.30 segundos
16: Ciclista 16 - 4125.42 segundos
17: Ciclista 43 - 3901.02 segundos
18: Ciclista 7 - 3750.18 segundos
19: Ciclista 49 - 3526.14 segundos
20: Ciclista 32 - 3375.78 segundos
21: Ciclista 45 - 3151.02 segundos
22: Ciclista 2 - 3000.06 segundos
23: Ciclista 35 - 2850.78 segundos
24: Ciclista 18 - 2625.42 segundos
25: Ciclista 5 - 2400.06 segundos
26: Ciclista 19 - 2325.42 segundos
27: Ciclista 31 - 2025.78 segundos
28: Ciclista 29 - 1875.66 segundos
29: Ciclista 36 - 1575.90 segundos
30: Ciclista 20 - 1425.42 segundos
31: Ciclista 48 - 1126.14 segundos
32: Ciclista 44 - 976.02 segundos
33: Ciclista 13 - 750.78 segundos
34: Ciclista 50 - 526.14 segundos
35: Ciclista 46 - 301.14 segundos

Ciclista 3 quebrou na volta 18 - 1725.00 segundos
Ciclista 6 quebrou na volta 18 - 1800.12 segundos
Ciclista 10 quebrou na volta 6 - 600.12 segundos
Ciclista 11 quebrou na volta 12 - 1275.24 segundos
Ciclista 17 quebrou na volta 12 - 1275.36 segundos
Ciclista 21 quebrou na volta 18 - 1725.48 segundos
Ciclista 23 quebrou na volta 42 - 4275.48 segundos
Ciclista 24 quebrou na volta 6 - 675.48 segundos
Ciclista 30 quebrou na volta 24 - 2400.60 segundos
Ciclista 34 quebrou na volta 6 - 750.72 segundos
Ciclista 37 quebrou na volta 12 - 1125.84 segundos
Ciclista 38 quebrou na volta 6 - 675.84 segundos
Ciclista 40 quebrou na volta 12 - 1050.84 segundos
Ciclista 41 quebrou na volta 6 - 525.96 segundos
Ciclista 42 quebrou na volta 24 - 2400.96 segundos
