Volta 1: 2 5 3 1 4 6 9 10 7 8 11 13 14 12 15 18 17 19 20 16 22 24 21 23 25 30 29 28 27 26 33 32 35 34 31 39 40 36 37 38 42 44 41 45 43 48 46 49 47 50 54 55 53 51 52 59 58 56 60 57 63 64 61 65 62 67 68 70 69 66 71 73 72 75 74 79 76 78 80 77 83 84 85 82 81 87 89 86 88 90 95 91 92 93 94 100 98 99 96 97
Volta 2: 2 1 8 6 7 9 12 11 17 20 16 24 21 25 22 27 26 28 30 29 31 32 34 37 40 39 36 43 41 45 44 49 46 47 50 53 54 52 51 55 59 60 57 56 65 63 64 61 62 68 69 70 67 73 72 71 74 75 76 78 77 80 79 85 81 84 82 87 90 88 89 86 92 93 95 97 100 98 99 96 5 4 3 10 14 15 13 18 19 23 33 35 38 42 48 58 66 83 91 94
Volta 3: 2 6 7 8 11 17 22 21 24 25 29 30 31 34 37 39 36 40 45 41 49 47 53 52 56 60 57 62 65 61 64 70 68 73 72 71 75 74 76 78 80 77 82 81 87 90 86 88 95 93 92 100 1 3 4 10 9 13 12 14 15 20 16 23 26 27 28 35 32 38 44 42 43 50 48 46 51 55 54 58 59 63 66 69 67 79 83 84 85 89 91 97 98 99 96 5 18 19 33
Volta 4: 2 8 6 21 25 22 30 29 31 34 37 39 40 41 45 47 53 52 57 60 56 64 65 62 61 68 70 72 75 74 76 80 77 78 90 87 86 95 93 92 1 3 7 13 11 15 14 20 16 17 24 23 28 32 35 36 42 43 50 46 49 54 55 51 58 63 66 67 73 71 79 85 81 82 88 89 91 99 97 98 100 4 5 9 10 12 19 18 27 26 33 38 44 48 59 69 83 84 96
Volta 5: 2 8 6 22 30 29 40 37 45 52 53 57 56 61 62 65 64 68 78 77 93 95 92 3 7 11 13 14 20 21 25 28 35 34 31 32 36 39 42 43 41 49 47 50 54 60 58 63 70 75 72 74 80 76 79 82 81 87 88 86 90 89 98 97 100 4 1 5 10 15 12 17 16 18 23 24 27 26 33 38 44 46 55 51 59 66 67 71 73 84 85 83 91 99 9 19 48 69
Volta 6: 8 22 40 37 45 53 52 57 65 62 68 78 93 95 2 3 7 6 14 20 21 25 28 30 29 31 34 39 36 42 41 50 47 49 56 58 61 64 70 74 75 77 80 76 82 86 90 87 92 100 5 4 1 10 11 15 12 13 16 17 24 23 26 27 32 33 35 38 43 46 54 51 55 60 59 63 67 72 71 73 79 84 81 85 89 88 91 97 99 9 19 18 44 69 48
Volta 7: 8 40 53 57 62 78 93 2 14 20 22 25 21 30 28 34 39 36 37 45 42 41 50 49 52 56 58 65 64 70 68 74 75 76 80 82 86 87 95 100 5 3 6 7 11 12 13 17 16 29 26 31 35 33 32 47 54 51 55 59 60 61 63 67 72 79 77 85 81 88 90 89 91 92 99 1 4 10 15 18 24 23 27 38 44 43 46 73 71 84 97 9 19 69
Volta 8: 8 62 93 14 20 22 30 34 40 39 37 50 49 53 58 57 65 68 70 76 78 82 86 87 95 2 3 7 11 12 16 21 25 29 28 31 33 36 45 41 42 47 52 56 61 64 74 75 80 77 89 90 88 100 4 5 1 10 6 13 17 18 24 23 27 26 35 32 38 43 54 55 51 59 60 63 67 72 73 71 79 85 84 81 91 92 99 97 9 15 19 44 46 69
Volta 9: 8 93 20 22 34 40 37 39 49 50 53 57 62 65 70 78 86 87 2 3 11 12 14 16 25 28 30 29 31 36 41 42 47 52 58 56 61 64 68 74 75 76 77 82 89 90 95 100 1 5 7 10 6 13 18 17 24 21 33 35 38 45 51 54 60 59 67 73 80 79 81 85 88 97 99 4 9 15 23 26 27 32 43 46 55 63 72 71 84 92 91 19 44
Volta 10: 8 22 34 40 37 50 57 65 62 87 93 2 3 12 14 16 20 30 29 31 36 39 47 49 52 53 58 61 64 70 68 74 76 77 78 82 89 86 95 100 1 7 10 6 11 13 18 25 24 28 33 35 42 41 45 54 60 56 59 67 75 80 81 85 90 97 5 4 9 15 17 21 23 27 26 32 38 43 46 55 51 63 73 71 72 79 88 91 92 99 19 44 84
Volta 11: 8 22 34 40 37 50 62 93 3 12 14 20 30 31 36 39 49 53 57 65 70 68 76 82 87 89 86 95 100 2 10 11 13 16 18 25 24 29 28 33 35 45 42 41 47 52 54 58 59 60 56 64 61 67 75 74 80 77 78 85 81 90 1 5 7 6 15 17 21 23 32 38 43 51 55 71 73 72 79 88 91 99 97 4 9 19 27 26 44 46 63 92
Volta 12: 34 37 50 93 3 8 12 14 22 31 40 36 49 53 57 62 65 89 86 2 20 16 18 24 25 28 30 29 33 39 41 47 52 56 58 60 64 68 74 75 78 76 80 81 82 90 87 95 100 6 10 7 15 11 21 23 35 38 45 42 43 51 54 59 61 67 71 79 77 85 91 97 4 5 9 19 17 26 27 32 55 63 73 72 88 92 99 46
Volta 13: 34 37 93 3 8 12 22 31 40 36 50 49 57 62 86 89 2 14 16 20 25 29 30 28 39 41 47 52 53 60 58 56 65 64 68 75 76 78 95 100 6 10 11 18 24 23 21 33 35 45 42 43 54 59 61 67 74 79 80 77 82 85 81 87 90 97 4 5 9 7 15 17 19 26 32 38 51 63 71 72 88 91 92 99 27 55 73
Volta 14: 37 12 22 34 36 50 49 57 89 93 3 2 8 14 20 25 30 28 31 39 40 47 52 53 60 62 68 75 78 76 86 95 100 6 11 16 18 24 21 29 35 33 41 43 45 54 56 59 58 64 65 61 67 77 81 82 85 90 4 7 10 9 15 19 17 23 26 38 42 51 63 72 71 74 79 80 87 88 91 92 99 97 5 27 32 55 73
Volta 15: 37 12 22 34 36 50 93 2 3 20 30 28 31 40 47 49 57 62 75 76 89 8 14 11 16 18 25 24 21 29 35 39 43 41 52 53 60 56 58 64 67 68 77 78 90 86 95 100 10 7 6 19 23 26 33 45 42 54 51 59 65 61 74 72 80 79 85 82 81 87 88 92 91 97 99 4 5 9 15 17 38 55 63 71 27 32
Volta 16: 37 12 22 36 3 20 31 34 40 50 57 62 89 93 2 8 14 11 18 21 24 29 30 28 35 39 41 49 47 53 52 58 60 56 68 67 75 76 78 90 86 95 100 7 6 16 19 23 25 33 45 42 43 51 54 59 64 72 79 77 80 85 82 81 87 88 91 92 97 99 4 10 9 15 26 38 61 63 65 74 71 5 17 27 32 55
Volta 17: 12 22 37 36 3 34 40 50 89 93 2 14 20 21 29 30 28 31 47 52 53 56 58 57 62 68 76 78 90 86 95 100 8 6 7 11 18 19 23 24 33 35 39 43 41 42 49 60 64 67 72 75 80 79 77 81 82 85 87 92 97 16 25 26 45 54 51 59 61 65 63 74 88 91 99 4 5 10 9 15 17 32 38 71 27
Volta 18: 12 36 37 3 22 40 50 2 28 29 34 57 58 62 68 76 86 89 93 95 100 8 7 11 14 19 20 21 23 30 33 31 35 39 41 42 49 53 56 60 79 77 78 85 82 87 90 97 6 18 16 24 43 45 51 54 59 61 65 67 75 72 80 88 91 99 4 10 9 15 17 25 26 38 63 74 71 5 27 32
Volta 19: 12 37 3 22 36 40 50 29 28 62 68 76 89 93 2 7 14 20 23 21 30 31 35 34 39 42 41 49 53 57 58 56 79 78 77 85 82 90 87 86 95 97 100 8 6 11 18 19 24 33 43 51 59 60 65 72 75 80 91 99 4 9 15 16 26 38 45 54 63 61 67 74 88 10 17 25 27 71 5
Volta 20: 12 37 3 22 40 36 50 28 29 62 89 2 7 20 21 30 31 34 39 41 49 58 68 76 79 85 82 86 87 95 93 100 97 6 14 11 18 19 23 33 35 43 42 51 53 57 56 60 78 80 77 90 91 99 4 8 9 15 16 24 45 54 59 61 65 63 74 75 72 88 17 25 26 38 67 71 5 10 27
Volta 21: 12 37 3 22 36 40 50 89 20 29 28 31 34 39 49 62 68 76 85 86 87 95 100 2 7 6 11 18 19 21 23 30 35 43 41 53 51 58 56 80 77 78 79 82 90 91 93 97 99 9 8 15 14 16 24 33 42 45 59 60 57 65 63 75 72 88 4 17 25 26 54 61 74 71 5 10 38 67
Volta 22: 37 12 22 40 3 36 50 28 29 39 62 76 85 87 89 86 100 2 6 20 19 23 30 34 31 41 49 56 68 79 82 90 95 93 9 7 14 11 18 24 21 33 35 45 42 43 53 51 58 60 57 65 63 72 80 77 78 88 91 97 99 4 8 15 16 54 59 74 75 71 17 25 26 38 61 5 10 67
Volta 23: 22 37 40 3 12 36 29 50 76 89 87 6 20 23 28 31 34 39 41 62 85 82 86 95 100 2 9 7 11 18 19 21 30 35 49 53 51 60 57 56 65 63 68 72 80 79 90 88 91 93 97 8 14 16 24 33 45 43 42 54 59 58 74 75 71 78 77 99 4 15 17 25 26 38 61 5 10
Volta 24: 22 37 3 12 40 36 29 50 89 6 20 28 34 39 41 62 82 85 87 86 100 2 11 18 19 23 21 31 60 56 65 79 90 88 93 95 97 7 9 14 16 24 30 33 35 45 42 43 49 51 54 53 57 58 59 63 68 71 72 77 80 78 91 99 4 8 17 25 26 75 74 5 15 38 10
Volta 25: 22 3 12 37 36 29 40 50 89 34 39 41 82 87 86 6 19 20 21 28 31 56 62 79 85 88 95 97 100 2 7 9 14 11 18 23 30 35 33 45 51 54 53 60 57 59 65 63 68 72 71 77 90 93 91 99 8 16 24 26 42 43 49 58 74 75 78 80 4 15 17 25 38 5
Volta 26: 22 3 12 37 36 29 40 34 39 41 50 82 89 86 87 6 19 21 28 31 62 79 85 88 97 100 2 7 9 11 20 18 23 33 53 51 57 60 56 65 63 72 71 77 90 95 93 91 99 8 14 16 24 30 35 42 43 45 49 54 58 59 68 75 80 78 17 25 26 38 74 4 15 5
Volta 27: 22 3 36 12 29 37 40 39 50 89 6 19 21 34 31 41 79 82 87 86 88 2 9 11 18 20 28 51 56 57 60 65 63 62 72 71 85 90 95 91 99 97 100 7 14 16 24 23 30 33 45 49 53 54 58 68 77 93 8 25 35 38 43 42 59 75 80 78 4 15 17 26 74
Volta 28: 22 3 12 29 40 36 37 89 6 19 34 39 41 50 82 87 88 86 2 9 20 18 21 28 31 51 60 56 65 62 72 79 85 91 97 7 14 11 16 33 49 53 57 63 71 90 95 93 99 100 8 23 25 24 30 38 43 45 54 59 58 68 75 78 77 4 17 26 35 42 80 15 74
Volta 29: 22 3 12 36 29 37 40 89 6 19 34 41 50 82 9 20 18 21 31 39 56 60 65 62 72 79 85 86 88 87 91 97 2 11 14 16 28 33 49 51 57 63 71 95 100 99 8 7 24 25 30 38 45 53 54 59 58 68 77 78 90 93 17 23 35 43 42 75 80 4 15 26
Volta 30: 3 12 22 37 36 40 6 29 34 41 82 89 9 18 19 21 31 50 60 56 65 62 72 79 87 88 86 2 11 20 33 39 49 51 57 63 85 95 91 97 99 7 14 16 24 25 28 30 45 54 58 59 68 71 78 90 93 8 23 35 38 42 75 77 17 80 4 15 26
Volta 31: 12 22 3 37 36 6 29 34 40 41 82 89 19 21 50 60 56 62 86 2 9 20 18 33 31 39 49 65 72 79 85 88 87 91 99 97 7 11 14 24 28 45 54 51 57 63 71 78 93 95 16 25 23 30 38 59 58 68 77 90 8 17 35 42 75 80 4 15
Volta 32: 12 22 37 36 3 29 34 40 41 6 19 21 50 56 60 62 82 89 2 9 18 20 31 33 65 72 85 87 86 88 91 99 7 11 14 24 39 49 51 54 57 63 71 78 79 95 97 16 30 28 38 45 59 68 93 8 17 25 23 35 42 58 75 77 80 90 4 15
Volta 33: 12 22 37 3 29 34 40 36 41 6 19 89 9 18 20 21 33 31 50 60 56 65 62 72 82 87 88 86 91 2 11 14 24 39 49 54 57 63 71 79 85 95 97 99 7 16 30 28 38 45 51 59 68 78 8 23 35 58 90 93 4 17 25 42 75 77 80
Volta 34: 12 22 37 29 34 36 40 3 19 41 89 6 18 31 50 60 56 62 65 82 86 88 87 2 9 20 21 33 39 49 54 57 63 72 85 91 95 99 7 11 14 16 24 28 38 45 51 59 71 78 79 97 23 30 68 93 4 8 17 25 35 42 58 75 80 90 77
Volta 35: 12 22 37 36 40 3 29 34 41 89 6 19 56 62 65 82 88 86 9 18 20 21 31 50 49 54 60 57 72 87 95 91 2 7 14 11 16 24 33 38 39 45 59 63 71 79 85 99 97 23 28 51 68 78 93 4 8 30 35 58 75 90 17 25 42 80
Volta 36: 12 22 36 40 37 3 29 34 89 19 41 82 88 86 9 20 21 31 50 49 54 56 57 62 65 72 95 2 11 18 33 38 45 59 63 71 91 97 7 14 16 24 23 28 68 79 85 93 99 4 8 30 51 58 78 17 25 35 42 75 80 90
Volta 37: 12 22 37 3 29 34 40 36 89 41 86 20 19 54 65 62 72 82 88 2 9 11 18 21 33 31 38 45 50 49 57 56 71 91 95 97 7 14 16 24 28 59 63 85 4 8 23 30 51 58 68 79 93 99 25 35 42 75 78 17 80
Volta 38: 12 3 22 29 34 36 37 40 89 41 86 19 20 54 65 62 72 82 88 2 9 11 18 21 38 45 49 56 71 95 97 14 16 24 28 31 33 50 59 57 63 91 7 8 23 30 51 58 79 85 93 99 4 25 35 42 68 78 17 75 80
Volta 39: 12 3 22 29 34 37 36 40 41 89 19 62 65 72 82 88 86 2 11 20 18 21 38 45 49 54 9 24 33 50 57 56 59 63 71 95 91 97 7 14 16 23 28 30 31 58 85 99 4 8 25 42 51 68 79 78 93 17 35 75
Volta 40: 3 12 22 29 34 36 37 41 89 19 40 72 86 2 11 18 20 21 54 65 62 82 88 9 38 45 50 49 63 71 91 95 97 7 14 16 24 28 33 56 59 58 57 85 99 4 23 25 30 31 42 51 68 78 79 93 8 17 35 75
Volta 41: 22 29 34 3 12 37 36 41 40 89 86 18 19 20 21 54 62 72 82 88 2 9 11 38 45 50 49 65 71 95 97 16 28 57 56 59 58 63 91 4 7 14 23 24 30 33 51 68 78 85 93 99 25 31 35 42 79 8 17
Volta 42: 22 29 34 36 41 3 12 37 19 40 54 62 72 89 86 88 2 9 11 18 20 21 49 65 71 82 97 16 28 38 45 50 59 57 58 56 63 95 91 7 24 23 33 51 68 78 85 93 99 4 14 25 30 31 35 42 79 17
Volta 43: 22 29 34 3 12 36 37 41 19 40 89 2 9 11 20 21 49 54 65 62 71 72 82 86 88 18 28 38 45 50 57 91 97 16 23 33 58 56 59 63 68 95 4 7 14 24 25 30 31 35 42 51 78 79 85 93 99
Volta 44: 22 29 34 12 37 36 41 3 19 40 2 9 11 20 49 62 72 88 89 18 21 28 45 50 54 65 71 82 86 91 97 23 33 38 57 59 56 58 63 68 95 4 16 25 24 30 31 42 79 78 85 93 99 7 14 35 51
Volta 45: 22 29 34 12 37 41 19 40 36 3 11 20 49 62 88 2 9 18 28 45 65 72 89 97 23 21 33 50 54 58 57 59 63 68 71 82 86 95 91 4 16 31 38 42 56 78 85 93 99 7 14 25 24 30 79 35
Volta 46: 29 22 34 12 37 19 36 41 3 11 20 40 88 2 9 45 49 62 72 89 97 18 21 28 33 50 54 59 57 65 63 71 86 91 4 16 23 31 38 56 58 68 78 85 82 93 95 7 24 25 42 79 99 14 30 35
Volta 47: 29 12 22 34 37 19 36 41 3 11 2 9 20 40 49 88 89 97 18 45 50 59 57 62 65 72 71 86 91 4 23 21 28 31 33 38 54 58 63 68 78 82 95 93 16 25 42 56 79 85 99 7 24 30 14
Volta 48: 29 12 34 19 22 37 3 36 41 2 9 11 20 88 18 40 45 59 57 62 65 71 72 89 86 91 97 4 23 28 33 38 50 54 68 93 95 16 21 25 31 42 58 56 63 79 78 82 85 99 7 24 30 14
Volta 49: 29 34 12 22 37 3 19 36 9 11 41 2 20 40 59 62 89 88 86 4 18 28 33 38 45 50 54 57 65 68 72 71 93 91 97 21 23 31 42 58 56 63 79 82 95 99 7 16 25 30 78 85 24
Volta 50: 29 34 12 19 22 36 37 3 9 11 41 2 20 40 59 62 89 88 86 4 45 54 57 68 71 93 91 97 18 23 21 28 31 33 38 50 58 56 63 65 72 79 82 99 7 30 42 78 85 95 16 25 24
Volta 51: 29 34 12 19 22 36 37 3 9 2 11 20 41 59 62 4 40 45 54 57 68 71 88 89 86 91 93 18 21 28 33 31 50 56 63 65 72 79 97 7 23 38 58 78 82 85 99 16 25 30 42 95
Volta 52: 29 34 12 22 37 3 19 36 2 9 20 62 11 40 41 59 71 86 88 4 18 21 28 31 33 45 50 54 57 63 68 72 89 91 93 97 7 58 56 65 79 82 99 23 30 38 42 78 85 95 16 25
Volta 53: 34 12 29 22 3 19 37 36 9 62 2 11 20 40 41 71 86 18 21 33 45 50 54 59 57 68 89 88 91 97 4 28 31 58 56 65 63 72 79 82 93 7 23 30 38 78 95 99 42 85 16
Volta 54: 34 29 12 3 22 37 36 9 19 2 11 20 62 71 86 21 33 40 41 45 50 59 57 68 89 91 97 4 18 54 58 63 79 82 88 93 7 23 30 28 31 38 56 65 78 99 42 85 95 16
Volta 55: 29 34 12 3 22 36 37 9 19 20 62 2 11 40 50 57 68 71 89 86 4 18 21 33 45 41 54 59 82 88 91 93 97 7 30 28 31 56 58 63 79 78 23 38 42 65 95 99 85
Volta 56: 29 12 34 37 3 22 36 9 20 19 62 2 11 40 57 71 89 86 4 18 21 33 45 41 50 54 59 68 82 93 97 7 30 31 58 56 79 88 91 23 28 38 42 63 78 65 85 95 99
Volta 57: 29 12 34 3 37 36 9 19 20 22 62 2 40 71 86 4 11 21 41 50 57 68 89 18 30 33 45 54 59 79 82 88 93 91 97 7 23 28 31 56 58 63 78 38 42 65 85 95
Volta 58: 29 34 12 37 36 3 9 19 20 22 62 40 71 4 2 11 21 41 50 57 68 86 89 18 30 33 45 54 59 82 88 93 97 7 23 31 58 56 79 78 91 28 38 42 65 63 85 95
Volta 59: 29 34 12 37 3 19 20 22 36 62 9 71 4 2 11 40 50 57 68 89 86 18 21 30 33 45 41 54 59 82 88 97 7 31 56 79 93 91 23 28 38 42 58 63 78 85 65
Volta 60: 29 34 12 37 3 19 20 36 9 62 2 40 57 68 71 86 89 4 11 21 45 50 54 59 88 97 7 18 30 31 33 56 82 93 91 23 42 78 79 28 38 58 63 85 65
Volta 61: 34 29 37 3 12 20 19 9 36 40 62 71 86 4 2 11 50 54 57 68 88 89 7 18 21 30 33 45 59 56 82 97 23 31 93 91 38 42 63 78 79 28 58 85
Volta 62: 34 29 20 19 37 3 12 36 9 62 71 86 2 40 54 68 89 4 11 21 30 50 57 59 88 7 18 23 33 31 45 56 82 91 93 97 42 79 78 28 38 58 63 85
Volta 63: 34 29 37 12 20 19 3 9 36 62 71 86 2 40 89 4 11 21 30 50 54 59 57 68 88 7 18 23 33 31 45 56 82 91 93 97 38 42 58 63 79 78 28
Volta 64: 34 29 20 37 3 9 12 19 36 62 86 2 40 71 89 11 30 50 54 59 68 88 4 7 23 21 33 45 56 57 91 18 31 82 93 97 38 58 63 79 78 28 42
Volta 65: 34 29 37 3 9 12 19 20 62 36 40 71 89 86 2 50 68 4 11 21 30 54 59 88 7 18 23 31 33 45 57 56 82 93 91 97 38 79 78 58 63 28
Volta 66: 34 29 37 9 12 19 62 20 36 71 86 89 40 50 68 11 54 88 4 7 23 30 45 56 59 57 82 97 18 33 31 38 79 91 93 58 63 78 28
Volta 67: 34 29 37 9 12 62 19 20 36 86 40 50 71 89 11 54 68 4 23 30 45 56 57 88 97 7 31 33 59 79 82 93 91 18 38 58 78 63
Volta 68: 34 29 37 62 9 12 19 86 20 36 40 50 71 89 54 68 11 30 45 56 4 7 23 33 31 57 59 79 88 97 18 38 82 91 93 58 63 78
Volta 69: 34 29 37 62 9 19 86 12 20 40 36 71 89 50 54 68 11 30 45 4 31 33 56 57 79 88 7 23 59 82 91 97 18 38 63 93 58
Volta 70: 34 29 62 9 19 37 12 20 40 36 71 89 86 50 54 11 68 4 30 33 31 45 56 57 79 88 59 82 97 7 18 23 38 91 93 58 63
Volta 71: 34 62 29 9 19 37 71 86 89 12 20 36 40 50 54 68 11 30 45 56 57 79 88 4 33 31 59 82 97 7 18 91 93 23 38 58
Volta 72: 34 62 29 9 19 37 89 20 40 36 71 12 50 54 68 11 30 45 56 57 79 4 33 31 59 7 18 82 93 91 97 23 58 38
Volta 73: 34 62 19 29 37 9 36 89 12 20 40 50 54 68 71 11 30 79 4 33 31 45 57 56 7 59 93 97 18 23 82 91 58
Volta 74: 34 62 19 29 37 9 36 40 71 89 11 12 20 50 54 68 4 30 31 33 79 7 45 59 56 57 93 97 18 23 58 82 91
Volta 75: 34 62 19 37 9 29 40 36 71 89 12 11 20 50 54 68 4 30 33 79 31 45 57 56 59 97 7 93 18 23 58 82
Volta 76: 34 62 37 19 29 9 36 40 12 11 20 68 71 89 33 50 54 4 30 56 79 31 45 59 57 93 97 7 18 23 58 82
Volta 77: 34 62 29 37 9 19 40 36 68 71 11 12 20 50 54 89 4 30 33 56 79 31 59 57 93 97 18 45 7 23 58
Volta 78: 34 62 29 37 9 19 40 68 71 11 20 50 54 89 4 12 33 30 31 59 56 57 79 97 18 93 7 23 45 58
Volta 79: 34 62 37 9 29 19 40 50 54 68 71 89 4 11 20 33 12 57 59 56 97 30 31 79 93 7 18 23 45
Volta 80: 34 62 37 29 9 19 40 50 71 4 11 20 33 54 68 89 12 57 59 56 93 97 7 23 30 31 79 18 45
Volta 81: 34 62 29 37 9 19 40 50 71 4 11 33 54 68 89 12 20 57 56 93 97 7 23 30 31 59 79 18
Volta 82: 62 34 29 37 9 19 11 33 40 50 54 68 71 89 4 20 12 57 56 23 31 59 79 93 97 7 18 30
Volta 83: 62 34 37 29 9 19 40 50 54 71 89 4 11 20 33 68 56 57 12 23 79 97 7 18 31 59 93
Volta 84: 34 62 37 9 19 54 89 11 20 33 40 50 68 71 4 56 57 12 23 18 31 59 79 93 97
Volta 85: 34 62 37 9 19 54 89 11 33 40 50 68 71 4 20 56 12 57 23 31 18 59 79 93
Volta 86: 62 34 37 9 19 11 33 40 50 54 68 71 89 4 12 20 57 56 23 31 18 59 79 93
Volta 87: 62 34 37 19 9 11 33 54 89 4 40 50 68 71 12 20 57 23 56 18 31 79 59
Volta 88: 62 34 37 19 9 11 54 89 4 33 40 50 68 71 20 57 12 56 23 31 18 79 59
Volta 89: 62 34 37 9 11 19 54 33 50 89 4 20 40 68 71 12 56 57 23 31 18 79
Volta 90: 62 34 37 11 19 54 9 50 89 20 33 40 68 71 4 12 57 23 31 56 18 79
Volta 91: 62 34 37 11 19 9 50 54 89 20 33 40 68 71 4 12 57 23 31 56 18
Volta 92: 62 34 19 37 9 11 50 54 20 40 68 89 4 12 33 71 23 57 31 56 18
Volta 93: 62 34 19 37 50 54 9 11 20 40 89 33 68 71 4 12 23 57 31 56
Volta 94: 62 34 19 37 50 11 20 40 54 89 9 68 4 12 23 33 57 71 31 56
Volta 95: 62 34 19 37 50 11 40 54 89 20 68 9 23 33 4 12 31 57 71
Volta 96: 62 19 37 50 11 54 89 20 68 4 9 23 31 33 57 71 12
Volta 97: 62 37 11 19 50 54 89 20 68 4 9 31 57 23 33 71
Volta 98: 62 19 37 50 11 54 89 20 4 9 57 68 23 31 33 71
Volta 99: 62 19 37 50 89 11 54 9 20 68 4 23 31 33 57
Volta 100: 62 19 37 50 11 89 9 20 54 68 4 33 57 23 31
Volta 101: 62 19 37 50 11 89 9 20 54 68 4 23 33 57
Volta 102: 62 19 37 50 9 11 20 54 68 89 4 23 33
Volta 103: 62 19 37 50 11 20 54 68 89 9 4 23
Volta 104: 62 19 37 50 20 68 89 9 11 54 4 23
Volta 105: 62 19 37 50 68 9 11 20 89 4 54
Volta 106: 62 19 37 50 68 9 20 89 11 54 4
Volta 107: 62 19 37 50 9 68 89 11 20 54
Volta 108: 62 19 37 50 9 68 11 89 20 54
Volta 109: 62 19 50 37 68 9 89 11 20
Volta 110: 62 19 50 37 68 9 11 89 20
Volta 111: 62 19 50 37 68 9 11 89
Volta 112: 62 19 50 37 68 9 11 89
Volta 113: 19 62 50 37 9 68 11
Volta 114: 62 19 50 9 37 68 11
Volta 115: 62 19 9 37 50 68
Volta 116: 62 19 37 9 50 68
Volta 117: 62 19 9 37 50
Volta 118: 19 62 9 37 50
Volta 119: 19 62 9 37
Volta 120: 19 62 9 37
Volta 121: 19 62 9
Volta 122: 19 62 9

Ranqueamento Final:
1: Ciclista 9 - 2385.18 segundos
2: Ciclista 62 - 2356.50 segundos
3: Ciclista 19 - 2355.42 segundos
4: Ciclista 37 - 2340.90 segundos
5: Ciclista 50 - 2311.14 segundos
6: Ciclista 68 - 2266.62 segundos
7: Ciclista 11 - 2250.30 segundos
8: Ciclista 89 - 2207.10 segundos
9: Ciclista 20 - 2175.42 segundos
10: Ciclista 54 - 2146.26 segundos
11: Ciclista 4 - 2100.06 segundos
12: Ciclista 23 - 2070.54 segundos
13: Ciclista 33 - 2026.38 segundos
14: Ciclista 31 - 1995.78 segundos
15: Ciclista 71 - 1951.74 segundos
16: Ciclista 12 - 1920.30 segundos
17: Ciclista 56 - 1891.38 segundos
18: Ciclista 18 - 1860.42 segundos
19: Ciclista 79 - 1831.86 segundos
20: Ciclista 59 - 1801.38 segundos
21: Ciclista 93 - 1742.22 segundos
22: Ciclista 97 - 1710.18 segundos
23: Ciclista 30 - 1665.66 segundos
24: Ciclista 45 - 1636.02 segundos
25: Ciclista 58 - 1621.38 segundos
26: Ciclista 82 - 1561.98 segundos
27: Ciclista 91 - 1517.22 segundos
28: Ciclista 38 - 1485.90 segundos
29: Ciclista 63 - 1441.50 segundos
30: Ciclista 78 - 1396.86 segundos
31: Ciclista 28 - 1365.66 segundos
32: Ciclista 42 - 1321.02 segundos
33: Ciclista 85 - 1276.98 segundos
34: Ciclista 65 - 1246.50 segundos
35: Ciclista 95 - 1187.22 segundos
36: Ciclista 99 - 1157.34 segundos
37: Ciclista 16 - 1125.42 segundos
38: Ciclista 25 - 1080.54 segundos
39: Ciclista 24 - 1035.54 segundos
40: Ciclista 14 - 1005.30 segundos
41: Ciclista 35 - 975.78 segundos
42: Ciclista 51 - 916.26 segundos
43: Ciclista 17 - 885.42 segundos
44: Ciclista 75 - 841.74 segundos
45: Ciclista 80 - 826.86 segundos
46: Ciclista 90 - 767.10 segundos
47: Ciclista 77 - 736.86 segundos
48: Ciclista 15 - 705.30 segundos
49: Ciclista 26 - 660.66 segundos
50: Ciclista 74 - 616.74 segundos
51: Ciclista 5 - 585.06 segundos
52: Ciclista 10 - 540.18 segundos
53: Ciclista 67 - 496.62 segundos
54: Ciclista 27 - 450.66 segundos
55: Ciclista 32 - 405.78 segundos
56: Ciclista 55 - 361.26 segundos
57: Ciclista 73 - 316.74 segundos
58: Ciclista 46 - 286.14 segundos
59: Ciclista 84 - 241.98 segundos
60: Ciclista 69 - 196.62 segundos
61: Ciclista 48 - 166.14 segundos
62: Ciclista 96 - 107.34 segundos
63: Ciclista 94 - 62.22 segundos

Ciclista 1 quebrou na volta 12 - 255.00 segundos
Ciclista 2 quebrou na volta 66 - 1305.00 segundos
Ciclista 3 quebrou na volta 66 - 1275.00 segundos
Ciclista 6 quebrou na volta 36 - 690.12 segundos
Ciclista 7 quebrou na volta 84 - 1710.12 segundos
Ciclista 8 quebrou na volta 42 - 885.12 segundos
Ciclista 13 quebrou na volta 12 - 255.24 segundos
Ciclista 21 quebrou na volta 66 - 1320.48 segundos
Ciclista 22 quebrou na volta 60 - 1140.48 segundos
Ciclista 29 quebrou na volta 84 - 1605.60 segundos
Ciclista 34 quebrou na volta 96 - 1815.72 segundos
Ciclista 36 quebrou na volta 78 - 1530.84 segundos
Ciclista 39 quebrou na volta 36 - 720.84 segundos
Ciclista 40 quebrou na volta 96 - 1860.84 segundos
Ciclista 41 quebrou na volta 60 - 1185.96 segundos
Ciclista 43 quebrou na volta 30 - 630.96 segundos
Ciclista 44 quebrou na volta 12 - 270.96 segundos
Ciclista 47 quebrou na volta 18 - 346.08 segundos
Ciclista 49 quebrou na volta 48 - 946.08 segundos
Ciclista 52 quebrou na volta 18 - 346.20 segundos
Ciclista 53 quebrou na volta 30 - 631.20 segundos
Ciclista 57 quebrou na volta 102 - 2026.32 segundos
Ciclista 60 quebrou na volta 36 - 706.32 segundos
Ciclista 61 quebrou na volta 24 - 526.44 segundos
Ciclista 64 quebrou na volta 18 - 376.44 segundos
Ciclista 66 quebrou na volta 6 - 151.56 segundos
Ciclista 70 quebrou na volta 12 - 226.56 segundos
Ciclista 72 quebrou na volta 54 - 1081.68 segundos
Ciclista 76 quebrou na volta 24 - 451.80 segundos
Ciclista 81 quebrou na volta 18 - 376.92 segundos
Ciclista 83 quebrou na volta 6 - 136.92 segundos
Ciclista 86 quebrou na volta 72 - 1382.04 segundos
Ciclista 87 quebrou na volta 36 - 707.04 segundos
Ciclista 88 quebrou na volta 72 - 1427.04 segundos
Ciclista 92 quebrou na volta 18 - 377.16 segundos
Ciclista 98 quebrou na volta 6 - 122.28 segundos
Ciclista 100 quebrou na volta 30 - 617.28 segundos
