Volta 1: 5 4 3 2 1 8 7 10 6 9 14 11 12 15 13 20 18 16 17 19 25 22 24 23 21 26 30 29 27 28 32 35 34 31 33 40 39 38 37 36 43 41 42 44 45 46 50 49 47 48
Volta 2: 1 5 2 9 10 7 6 8 14 13 11 12 17 16 20 24 21 22 25 23 29 28 31 35 32 33 36 37 41 42 45 44 48 50 46 49 47 4 3 15 18 19 26 30 27 34 38 39 40 43
Volta 3: 5 2 9 7 11 14 13 20 29 28 32 45 41 49 1 3 10 6 8 12 15 19 18 17 16 21 22 23 24 25 27 30 26 33 35 34 31 36 40 37 39 42 44 48 50 47 46 4 38
Volta 4: 2 5 7 9 14 13 20 28 41 45 3 1 8 10 11 12 15 19 18 16 17 25 22 24 21 27 30 29 33 31 34 32 35 39 40 36 44 42 46 48 49 47 50 4 6 23 26 38 37
Volta 5: 5 2 20 28 41 45 3 7 9 13 14 11 12 17 18 25 29 30 27 32 34 39 36 42 50 49 47 4 1 10 8 15 16 19 24 21 22 23 26 35 33 31 40 44 46 48 6 38
Volta 6: 2 5 41 7 9 11 14 12 13 20 17 25 28 34 32 36 45 49 47 3 1 10 15 18 19 22 23 24 21 29 30 27 35 33 31 40 42 44 50 46 48 4 6 26 38
Volta 7: 5 41 2 7 9 13 12 20 25 32 36 45 49 47 3 1 10 14 11 17 18 22 23 29 27 28 34 33 31 40 50 46 48 4 6 15 19 21 24 30 26 35 42 44
Volta 8: 5 41 2 7 9 13 12 20 49 1 3 10 14 17 23 22 25 28 27 32 34 31 40 36 45 46 50 48 47 4 6 15 11 18 19 21 24 29 35 33 44 42 26 30
Volta 9: 5 2 9 20 41 10 7 13 14 12 25 22 23 32 31 36 40 45 47 50 46 49 4 3 1 6 19 18 17 24 27 28 29 34 35 44 48 11 15 21 26 33 42
Volta 10: 5 2 9 41 10 7 13 20 23 25 32 31 36 40 45 50 47 46 1 3 4 6 14 12 19 17 22 24 28 27 29 44 49 11 15 18 21 34 35 42 48 26 33
Volta 11: 2 5 9 7 25 23 36 41 45 50 47 3 1 6 10 12 14 13 20 19 17 22 24 29 27 32 31 40 46 4 15 18 21 28 34 35 44 49 48 11 26 42
Volta 12: 5 9 2 7 25 23 41 1 10 6 12 14 13 17 22 29 31 32 40 36 45 50 46 3 15 18 20 19 24 21 27 28 34 44 49 11 26 35 42 48
Volta 13: 5 9 7 23 25 41 1 2 6 10 13 12 29 31 36 45 50 3 14 18 17 19 20 24 22 27 32 40 46 15 11 21 28 34 44 49 26 35 42
Volta 14: 9 5 7 25 23 41 1 6 10 31 36 45 50 2 13 14 12 17 19 20 29 40 46 3 15 18 21 24 22 28 27 32 44 49 11 26 34 35 42
Volta 15: 9 5 23 25 41 1 7 6 10 31 36 45 50 2 12 17 19 20 29 13 14 18 22 21 24 27 28 40 44 46 3 15 11 26 35 34 32 49
Volta 16: 9 23 25 41 1 5 6 7 36 45 10 12 20 17 31 50 2 14 18 19 21 22 29 40 46 3 13 11 15 24 27 28 32 34 44 49 26 35
Volta 17: 25 41 1 5 9 23 36 45 7 10 6 12 20 17 31 50 2 14 19 18 21 3 13 11 15 22 24 29 27 28 40 44 46 49 26 34 32
Volta 18: 25 5 23 41 1 9 6 10 7 36 45 12 20 18 21 31 50 2 3 14 13 19 24 27 29 44 46 49 11 15 22 28 34 40 26 32
Volta 19: 25 5 41 1 10 7 6 9 23 36 45 20 18 21 31 50 3 12 14 13 19 24 29 49 2 11 22 28 27 34 40 44 46 15 26
Volta 20: 25 41 1 5 7 9 6 23 36 10 20 21 45 50 12 13 19 18 31 49 3 2 11 14 24 27 29 28 34 40 44 46 15 22 26
Volta 21: 25 5 6 7 9 23 36 41 1 10 20 45 50 19 21 31 49 3 2 13 12 14 18 24 28 29 34 40 44 11 15 22 27 46
Volta 22: 25 6 23 41 1 5 9 7 36 45 50 10 20 19 21 31 49 2 3 13 14 18 24 40 12 22 29 27 28 34 44 46 15 11
Volta 23: 6 25 41 5 9 7 23 36 45 50 1 10 19 20 21 49 3 2 14 31 13 18 22 24 34 40 44 46 12 15 28 29 27
Volta 24: 6 41 9 23 25 36 45 1 5 7 50 2 19 21 31 49 14 13 18 24 34 40 46 15 12 22 27 28 44 29
Volta 25: 6 23 25 36 41 45 1 5 9 7 50 2 19 13 14 18 24 21 31 34 40 49 15 22 28 44 46 12 27
Volta 26: 6 45 41 1 7 9 23 25 36 5 19 50 2 13 24 21 34 31 40 14 15 18 22 44 46 49 12 28 27
Volta 27: 6 45 23 25 36 41 1 5 9 7 19 50 2 24 31 34 15 14 13 18 22 21 40 44 46 49 12 28
Volta 28: 6 23 25 36 41 45 5 1 7 9 19 50 2 24 34 31 13 22 21 40 46 49 14 15 18 28 44 12
Volta 29: 6 23 36 45 41 5 1 7 9 19 25 50 31 2 13 22 24 21 34 40 15 14 18 49 46 28 44
Volta 30: 6 23 36 41 1 5 9 25 7 19 31 50 21 24 22 34 2 13 14 40 46 15 28 44 49
Volta 31: 6 36 9 23 25 41 1 5 19 50 7 22 24 31 2 21 34 40 14 15 13 28 46 44
Volta 32: 6 36 25 23 5 1 9 41 50 7 19 24 31 22 21 34 40 2 15 14 13 28 44 46
Volta 33: 6 23 36 1 9 25 41 5 31 50 7 19 24 34 2 14 13 21 22 40 15 28 44
Volta 34: 6 23 9 36 41 1 5 25 31 50 7 34 2 13 19 22 24 40 14 15 21 28 44
Volta 35: 6 23 36 1 9 25 31 41 50 5 7 34 13 19 24 40 2 14 15 22 21 28
Volta 36: 6 23 1 9 25 36 41 5 7 31 34 50 13 40 2 15 14 22 24 28 21
Volta 37: 6 23 1 9 25 36 41 31 50 5 7 13 34 40 15 22 24 28 2 14
Volta 38: 6 23 9 25 36 41 1 31 50 5 7 34 40 13 28 14 15 24 22 2
Volta 39: 6 23 36 1 9 25 41 50 5 7 31 13 28 34 40 14 15 22 24
Volta 40: 6 23 25 36 41 50 1 9 31 5 7 13 28 34 40 15 24 22 14
Volta 41: 6 23 36 50 9 25 31 41 1 13 28 34 40 5 7 15 22 24
Volta 42: 6 23 9 31 36 41 25 28 1 5 7 13 24 34 40 22
Volta 43: 6 23 41 9 25 28 31 36 5 1 7 13 24 34 40
Volta 44: 6 23 41 9 31 5 1 7 25 28 34 36 13 24 40
Volta 45: 6 23 9 41 5 25 28 31 34 36 1 7 13 24
Volta 46: 6 23 9 41 5 28 34 31 1 7 24 25 36 13
Volta 47: 6 23 9 34 31 41 5 7 24 25 28 36 1
Volta 48: 6 23 9 34 31 7 24 28 41 1 25 36
Volta 49: 6 9 23 31 7 28 34 41 1 25 24
Volta 50: 6 23 31 9 28 34 41 1 7 25 24
Volta 51: 6 23 31 41 1 7 9 28 34 25
Volta 52: 6 23 31 7 28 41 1 9 34 25
Volta 53: 6 23 31 7 28 41 1 9 34
Volta 54: 6 31 23 41 1 7 28 34 9
Volta 55: 6 31 23 41 1 28 7 34
Volta 56: 6 31 23 28 41 1 7 34
Volta 57: 31 6 23 28 41 1 7
Volta 58: 31 23 6 28 41 1 7
Volta 59: 23 31 6 28 1 41
Volta 60: 31 6 23 1 28 41
Volta 61: 31 6 23 1 28
Volta 62: 31 6 23 28 1
Volta 63: 31 6 23 28
Volta 64: 31 6 23 28
Volta 65: 31 6 23
Volta 66: 31 6 23
Volta 67: 31 6
Volta 68: 31 6

Ranqueamento Final:
1: Ciclista 6 - 1305.18 segundos
2: Ciclista 23 - 1290.54 segundos
3: Ciclista 31 - 1275.78 segundos
4: Ciclista 28 - 1245.66 segundos
5: Ciclista 1 - 1230.06 segundos
6: Ciclista 41 - 1186.02 segundos
7: Ciclista 7 - 1155.18 segundos
8: Ciclista 34 - 1125.78 segundos
9: Ciclista 9 - 1080.18 segundos
10: Ciclista 25 - 1050.54 segundos
11: Ciclista 24 - 990.54 segundos
12: Ciclista 36 - 960.90 segundos
13: Ciclista 13 - 930.30 segundos
14: Ciclista 40 - 885.90 segundos
15: Ciclista 22 - 855.54 segundos
16: Ciclista 14 - 825.30 segundos
17: Ciclista 2 - 795.06 segundos
18: Ciclista 21 - 750.54 segundos
19: Ciclista 44 - 721.02 segundos
20: Ciclista 46 - 676.14 segundos
21: Ciclista 49 - 631.14 segundos
22: Ciclista 12 - 600.30 segundos
23: Ciclista 27 - 555.66 segundos
24: Ciclista 29 - 525.66 segundos
25: Ciclista 11 - 480.30 segundos
26: Ciclista 26 - 435.66 segundos
27: Ciclista 32 - 405.78 segundos
28: Ciclista 35 - 360.78 segundos
29: Ciclista 42 - 316.02 segundos
30: Ciclista 48 - 271.14 segundos
31: Ciclista 33 - 240.78 segundos
32: Ciclista 30 - 195.66 segundos
33: Ciclista 38 - 150.90 segundos
34: Ciclista 37 - 105.90 segundos
35: Ciclista 43 - 61.02 segundos

Ciclista 3 quebrou na volta 24 - 480.00 segundos
Ciclista 4 quebrou na volta 12 - 255.00 segundos
Ciclista 5 quebrou na volta 48 - 960.00 segundos
Ciclista 8 quebrou na volta 6 - 135.12 segundos
Ciclista 10 quebrou na volta 24 - 480.12 segundos
Ciclista 15 quebrou na volta 42 - 840.24 segundos
Ciclista 16 quebrou na volta 6 - 135.36 segundos
Ciclista 17 quebrou na volta 18 - 345.36 segundos
Ciclista 18 quebrou na volta 30 - 615.36 segundos
Ciclista 19 quebrou na volta 36 - 735.36 segundos
Ciclista 20 quebrou na volta 24 - 465.36 segundos
Ciclista 39 quebrou na volta 6 - 135.84 segundos
Ciclista 45 quebrou na volta 30 - 555.96 segundos
Ciclista 47 quebrou na volta 12 - 241.08 segundos
Ciclista 50 quebrou na volta 42 - 796.08 segundos
