Volta 1: 2 1 5 4 3 6 10 8 9 7 15 13 12 11 14 16 17 20 19 18 22 24 23 25 21 30 26 27 29 28 35 31 33 34 32 38 37 36 40 39 44 42 43 45 41 50 49 48 46 47 53 55 52 54 51 60 59 56 57 58 64 65 63 61 62 69 68 67 70 66 75 73 74 72 71 79 77 80 78 76 84 81 82 83 85 89 86 90 87 88 92 93 95 91 94 96 97 98 100 99
Volta 2: 4 3 2 1 5 6 7 9 11 14 13 12 16 20 17 18 19 24 22 25 23 28 29 30 26 35 33 34 32 38 40 39 43 44 41 45 42 46 47 50 49 48 51 53 52 55 56 58 59 60 64 61 62 65 67 68 69 70 75 72 73 74 77 78 79 80 85 84 86 88 87 90 89 93 95 91 98 99 100 97 8 10 15 21 27 31 36 37 54 57 63 66 71 76 83 81 82 94 92 96
Volta 3: 5 4 3 2 6 12 13 18 16 19 20 25 24 26 28 30 29 35 32 33 38 39 44 43 50 48 55 52 58 56 59 60 61 65 69 70 68 75 74 72 79 88 86 87 89 91 93 99 98 1 8 10 7 9 14 11 17 22 21 23 27 31 34 37 36 40 41 45 42 47 46 49 53 54 51 57 62 63 64 67 66 73 71 80 76 77 78 83 81 84 85 82 90 94 95 97 100 15 92
Volta 4: 5 2 6 13 19 18 20 25 24 28 30 29 35 33 39 44 43 48 59 56 61 65 69 70 75 79 89 88 93 99 3 1 4 7 9 10 14 12 11 16 17 22 23 26 27 32 34 31 40 38 42 45 46 50 49 53 55 52 51 54 58 57 60 62 64 63 67 68 66 73 74 72 71 76 77 78 84 82 87 86 90 91 94 95 100 97 98 8 15 21 37 36 41 47 80 81 83 85 92
Volta 5: 5 6 13 19 25 24 35 33 44 48 56 59 65 70 79 89 99 3 2 7 11 14 12 20 16 18 23 22 28 26 30 29 32 40 38 39 42 45 43 49 54 53 52 55 58 57 62 63 61 68 69 67 72 75 76 82 84 87 86 90 88 95 93 98 4 1 9 10 8 15 17 27 31 34 37 36 41 46 47 50 51 60 64 66 74 71 73 80 77 78 85 83 81 91 94 100 97 21
Volta 6: 6 13 25 24 35 44 59 79 99 3 5 2 7 11 14 18 16 19 20 23 28 30 26 33 39 40 42 43 49 53 52 58 65 63 67 70 68 75 84 82 87 89 86 95 9 10 12 17 22 27 29 34 32 31 38 36 45 41 50 55 54 51 57 60 62 61 69 74 71 72 76 77 85 90 88 91 94 98 4 1 8 21 37 47 46 66 73 80 78 83 100 97
Volta 7: 6 13 24 25 35 44 59 79 99 3 5 20 16 23 30 28 33 40 53 52 65 63 70 68 82 84 89 95 2 10 9 7 14 12 11 19 18 17 22 26 27 32 34 31 38 36 39 43 42 45 49 54 55 51 57 58 60 61 67 69 72 74 71 75 86 87 94 98 1 8 21 29 41 50 46 62 73 76 80 78 77 85 90 88 91 100 4 37 47 66 83
Volta 8: 6 24 35 44 59 79 99 13 20 25 23 28 40 53 52 65 68 70 84 95 5 3 2 10 9 14 11 16 18 19 17 22 26 30 27 33 36 39 43 42 49 55 57 58 61 63 67 74 75 71 82 86 89 98 1 7 8 12 21 29 34 31 32 38 41 45 54 51 60 62 69 72 73 77 80 78 85 87 88 90 91 94 100 4 37 47 50 46 66 76 83
Volta 9: 6 24 44 59 79 99 13 25 28 35 52 65 68 84 2 3 5 10 11 14 20 18 19 16 22 23 26 30 33 39 40 42 43 49 55 53 57 61 63 67 70 71 82 86 89 95 7 8 9 12 17 21 27 32 31 34 38 36 45 54 51 58 60 62 69 74 73 75 80 77 90 88 94 98 100 4 1 29 37 41 47 50 46 66 72 78 76 85 87 91
Volta 10: 6 24 79 99 13 25 35 44 59 84 2 3 10 14 19 18 20 16 22 26 30 28 33 40 39 43 42 49 52 53 55 57 61 65 68 70 67 71 82 89 86 95 5 8 9 7 12 11 21 23 27 31 38 36 54 58 63 69 74 73 88 90 100 98 1 17 29 34 32 45 47 46 51 60 62 75 78 76 80 77 85 94 91 4 37 41 50 66 72 87
Volta 11: 79 99 6 24 25 35 59 84 3 10 13 19 20 30 28 33 40 39 44 43 49 53 52 57 61 67 68 71 89 86 95 2 7 11 14 18 16 22 23 26 31 38 36 42 55 54 65 69 70 73 74 82 88 90 100 98 5 1 8 9 12 17 21 27 45 47 51 60 58 62 63 75 78 76 94 4 29 32 34 46 50 66 72 80 77 85 91 37 41
Volta 12: 79 99 6 25 24 35 59 84 3 10 20 28 30 33 40 39 44 53 52 57 61 67 71 89 95 2 7 13 14 19 16 22 26 38 36 43 42 49 54 55 65 70 68 74 90 86 100 98 5 8 9 11 18 17 45 47 51 58 63 69 75 82 88 94 4 12 21 29 34 32 46 50 60 62 66 77 80 76 78 85 91 37 41 72
Volta 13: 79 99 6 35 59 84 20 25 24 30 40 57 61 67 71 95 3 2 7 10 14 13 16 19 28 33 39 36 44 42 49 53 54 52 65 68 70 74 86 89 5 9 11 17 18 22 26 38 43 51 55 58 69 75 82 90 88 100 98 4 8 21 29 34 32 45 47 46 60 63 62 76 78 85 94 12 50 66 77 80 91 37 41
Volta 14: 79 99 6 35 59 84 25 40 57 61 67 71 3 10 14 20 24 28 30 33 36 39 44 42 49 53 52 54 70 68 74 89 95 2 5 9 7 13 19 18 16 22 26 43 55 51 65 75 86 88 90 100 4 8 11 17 21 34 38 47 58 60 63 62 69 78 76 85 82 94 98 12 29 32 45 46 50 80 77 91 37 41 66
Volta 15: 79 6 35 59 84 99 25 40 71 3 10 14 20 24 28 30 33 39 36 44 53 52 57 61 70 67 74 95 5 2 13 16 18 19 26 42 43 49 54 65 68 90 88 89 100 4 9 7 17 22 34 38 47 55 51 58 75 78 82 85 86 94 98 8 11 21 29 32 45 46 50 60 62 63 69 76 77 80 12 37 91 41
Volta 16: 59 79 84 99 6 25 35 3 10 20 24 30 36 40 52 53 57 61 71 95 13 14 16 28 33 39 44 42 43 49 54 67 70 74 90 100 2 5 7 9 18 17 19 26 34 38 51 58 65 68 82 85 88 89 94 4 8 11 21 22 29 32 46 47 50 55 60 62 69 75 76 78 77 80 86 98 12 45 63 91 37 41
Volta 17: 59 79 84 99 25 35 3 6 10 20 40 53 52 13 14 24 30 28 33 39 36 42 44 49 54 57 61 70 67 74 71 90 95 5 2 7 9 17 16 18 26 34 38 43 65 68 85 89 100 19 22 21 29 50 46 47 55 51 60 58 62 75 80 77 78 82 88 86 94 98 4 8 11 32 63 69 76 91 12 45 37
Volta 18: 79 84 59 99 10 20 35 40 52 53 3 14 24 30 39 36 44 49 57 61 70 71 90 9 13 16 17 18 28 33 34 42 54 65 67 68 74 85 95 100 2 5 7 21 22 29 38 60 58 62 77 78 80 82 89 88 86 94 98 4 8 19 32 50 46 47 51 55 63 69 75 76 91 12 11 45 37
Volta 19: 79 59 84 99 10 20 35 40 52 3 14 24 30 36 39 44 49 53 61 70 71 90 16 17 28 33 54 57 65 68 67 74 95 100 2 5 7 9 13 18 22 29 34 38 42 60 62 80 85 82 89 88 86 94 98 4 8 19 21 46 55 51 58 69 75 78 77 76 11 32 45 50 47 63 91 12
Volta 20: 79 20 35 52 59 84 99 3 10 14 24 30 40 36 44 49 53 70 71 90 17 16 28 33 39 65 61 67 68 95 100 5 2 7 9 13 18 22 29 34 38 42 54 57 60 74 82 85 86 88 94 98 4 19 21 46 51 55 58 62 69 80 77 78 89 8 11 32 45 47 63 75 76 91 12 50
Volta 21: 79 20 84 99 3 10 14 24 30 35 40 53 52 59 71 90 33 36 39 44 49 61 70 95 100 9 7 16 17 18 28 29 34 54 57 65 67 68 85 82 94 98 5 4 2 13 22 21 38 42 55 60 62 74 80 86 89 88 8 19 32 47 46 51 58 63 69 75 76 77 78 91 12 11 45
Volta 22: 79 20 84 99 3 10 14 24 35 52 53 71 30 39 40 36 44 49 59 61 70 90 95 9 18 16 17 28 33 54 57 65 67 68 85 94 100 98 2 5 7 13 21 22 29 34 42 55 74 80 82 86 88 89 4 38 46 51 60 58 63 62 69 75 78 8 11 19 32 47 76 77 91 12 45
Volta 23: 79 3 10 20 24 53 71 84 99 14 30 35 36 40 44 49 52 59 61 90 9 18 16 33 39 57 65 68 70 67 85 95 94 100 98 5 7 17 21 28 29 34 55 54 80 82 86 88 4 2 13 22 38 42 46 60 63 69 75 74 78 89 8 11 19 32 47 51 58 62 76 77 12 91
Volta 24: 79 3 10 20 53 84 99 14 24 30 35 40 44 52 59 61 71 90 9 16 33 39 36 49 67 68 70 85 95 94 98 7 18 21 28 57 65 88 100 5 4 2 13 17 22 29 34 38 42 54 55 63 69 74 75 80 82 86 89 8 19 46 60 62 77 78 12 11 32 47 58 76 91
Volta 25: 79 3 10 53 84 99 20 30 35 40 44 59 90 14 16 24 49 52 61 68 67 71 85 95 98 9 18 21 28 33 39 36 57 70 88 94 100 4 5 7 13 17 34 38 42 55 63 65 69 80 82 89 2 19 22 29 46 54 60 62 74 75 78 77 86 8 12 11 32 47 76 58
Volta 26: 79 10 53 84 99 3 20 30 35 44 59 90 14 24 40 49 52 61 67 68 71 85 95 9 18 16 28 33 36 39 70 94 100 98 4 5 7 13 17 21 34 38 42 55 57 80 82 88 2 19 29 46 60 63 65 69 75 77 86 89 8 12 11 22 32 47 54 62 74 76 78 58
Volta 27: 79 10 53 99 3 30 35 44 59 84 90 20 24 49 68 67 71 85 9 14 16 28 33 36 40 39 52 61 70 95 100 98 5 4 13 18 21 42 55 57 82 94 7 17 29 34 38 46 60 63 65 69 75 80 88 89 2 8 12 11 19 22 32 47 62 76 77 78 86 54 74
Volta 28: 79 99 3 10 30 35 53 84 20 24 44 49 59 67 71 90 9 14 39 40 52 68 85 95 98 5 16 18 28 33 36 42 55 57 61 70 82 94 100 4 7 13 21 29 34 38 65 63 80 89 88 2 11 19 17 32 46 47 60 69 75 78 77 86 8 12 22 62 74 76 54
Volta 29: 79 35 53 99 3 10 20 24 30 44 49 71 84 90 14 39 40 52 59 67 68 98 9 28 36 55 61 85 94 95 100 4 5 7 13 18 16 21 29 34 33 38 42 57 63 70 80 82 88 19 17 46 47 60 65 69 75 78 89 2 12 11 32 62 74 76 77 86 8 22
Volta 30: 79 35 99 3 10 20 24 30 53 71 84 39 40 44 59 67 90 98 9 14 52 68 85 95 94 5 4 7 13 18 28 34 33 36 55 57 61 63 80 82 100 19 16 17 21 38 46 60 65 69 89 88 2 32 47 62 75 74 76 77 78 86 8 12 11 22
Volta 31: 79 35 99 3 10 20 71 84 24 30 39 44 53 67 90 98 14 40 59 68 85 5 7 9 18 28 33 36 55 52 57 63 61 80 95 94 4 13 16 19 17 21 34 38 60 65 82 89 88 100 32 46 47 62 69 78 77 2 8 11 12 74 75 76 86
Volta 32: 79 35 71 99 3 10 20 24 39 44 53 84 90 98 30 40 68 67 85 5 9 7 14 28 33 52 59 57 63 80 94 95 4 13 16 19 18 17 21 34 36 55 60 65 61 100 38 46 47 62 78 82 88 89 2 11 32 69 75 74 77 76 86 8 12
Volta 33: 79 35 71 99 20 24 39 44 53 90 3 10 30 40 67 68 85 84 98 5 9 14 28 52 59 63 80 95 94 4 7 13 18 16 34 33 36 55 57 65 61 100 19 17 21 38 60 78 82 88 46 47 62 69 74 75 77 89 2 8 11 32 76 86
Volta 34: 79 35 71 99 20 24 53 90 3 39 40 44 67 98 9 10 14 30 52 59 63 68 85 84 94 4 5 7 13 16 28 34 33 36 57 61 80 95 17 19 18 21 55 60 65 78 82 88 100 38 46 47 62 69 75 74 77 89 2 8 11 32 76 86
Volta 35: 79 35 20 24 71 99 3 39 53 67 90 98 10 30 40 44 52 59 63 68 84 94 4 9 14 13 16 28 34 36 80 85 95 5 7 18 19 21 33 55 57 60 65 61 78 82 88 100 17 38 46 47 75 74 77 89 2 62 69 76 8 11 32
Volta 36: 35 79 20 71 99 24 53 67 90 10 40 44 52 63 68 84 98 9 14 13 16 28 30 59 95 94 4 7 19 21 34 33 36 55 65 61 80 85 82 88 100 5 17 18 38 47 60 74 78 89 2 46 62 75 77 8 11 69 76
Volta 37: 79 20 35 53 67 71 90 99 24 40 52 63 68 84 98 10 13 14 30 28 44 59 94 4 7 9 16 21 34 85 82 95 100 19 17 33 36 38 55 60 65 61 78 80 89 88 5 2 18 47 46 62 74 75 69 77 8 11
Volta 38: 79 20 35 71 90 99 24 40 53 52 63 67 68 98 14 13 44 59 84 94 4 7 10 9 16 30 28 85 95 19 17 21 33 34 36 55 60 61 80 82 88 89 100 5 18 38 46 47 62 65 78 2 69 74 75 77 8 11
Volta 39: 79 20 35 71 90 99 24 40 52 63 67 98 13 44 53 59 68 94 9 10 7 14 16 85 84 95 4 19 17 21 30 28 34 55 60 61 82 89 88 100 5 33 38 36 62 65 80 78 2 18 46 47 77 8 69 75 74
Volta 40: 79 35 20 71 90 24 52 67 99 40 44 59 63 68 98 10 9 13 53 84 85 94 95 7 14 16 19 21 30 34 55 60 61 82 89 88 100 4 17 28 33 38 78 80 5 18 36 46 47 65 62 2 8 69 75 77 74
Volta 41: 79 35 20 90 52 67 71 99 24 40 63 68 98 9 13 44 53 59 85 84 94 95 10 7 14 16 21 30 55 61 88 100 4 19 17 28 33 34 60 80 78 82 89 5 18 38 36 47 46 65 2 62 77 8 69 75
Volta 42: 79 20 35 67 71 90 40 52 99 9 24 53 59 63 68 95 98 7 13 14 21 30 44 55 85 84 88 94 100 4 19 17 16 28 34 60 61 80 78 82 89 5 18 33 36 38 46 2 47 62 65 8 77 69 75
Volta 43: 79 20 35 67 71 90 40 52 99 24 53 63 95 98 7 9 14 13 30 55 59 68 84 85 94 100 16 21 34 44 60 61 78 82 89 88 5 4 18 17 19 28 38 36 80 33 47 46 65 62 2 8 77 69
Volta 44: 79 20 35 67 40 52 71 90 99 53 63 95 98 9 7 14 24 30 55 59 85 100 13 16 34 60 68 78 84 82 88 89 94 4 19 17 21 28 36 38 44 61 80 5 18 46 47 65 62 2 8 33 69 77
Volta 45: 20 79 35 52 67 71 90 99 40 95 98 7 14 24 30 53 63 85 100 9 13 16 55 59 60 78 82 88 89 4 17 19 21 28 34 38 36 44 61 68 80 84 94 5 18 46 62 65 2 8 33 47 69
Volta 46: 79 20 35 52 67 71 90 99 40 95 14 30 53 63 85 98 100 9 7 16 24 55 60 59 78 88 4 13 28 34 36 44 84 82 89 94 5 17 19 21 38 46 65 61 62 68 80 18 33 2 8 47 69
Volta 47: 79 20 35 52 99 40 67 71 90 30 53 63 85 95 98 9 7 14 16 24 55 78 100 4 13 28 34 59 60 82 89 88 5 17 19 21 38 36 44 61 62 68 80 84 94 18 33 46 65 8 47 2
Volta 48: 79 20 35 40 52 67 71 99 53 63 85 95 7 16 24 30 55 78 98 100 4 9 13 14 60 59 82 5 19 21 34 36 38 62 61 68 84 89 88 94 17 46 65 80 8 18 33 2 47
Volta 49: 79 20 35 52 67 40 53 63 71 85 99 7 30 78 95 98 4 14 16 24 55 60 100 5 9 13 38 59 61 68 82 84 89 88 94 19 17 21 34 36 65 62 80 8 18 33 46 2
Volta 50: 79 20 35 52 40 53 67 71 99 30 63 78 85 95 4 7 14 16 55 98 100 5 13 24 38 60 59 61 68 84 88 94 9 17 21 34 36 65 62 80 82 89 8 19 18 33 46 2
Volta 51: 79 20 35 40 53 52 67 71 99 63 78 85 95 7 30 55 100 98 4 5 13 14 16 24 38 59 60 61 88 94 9 17 21 34 36 62 68 80 82 84 89 8 19 18 65 33 46
Volta 52: 20 79 35 52 99 40 53 63 67 71 78 95 30 55 85 100 5 7 14 13 16 24 60 59 61 94 98 4 38 36 80 84 82 88 89 9 17 21 34 65 62 68 8 18 19 33 46
Volta 53: 20 79 52 35 40 53 63 67 71 78 99 30 55 95 100 7 14 16 24 60 59 85 4 5 13 38 36 61 88 89 94 98 9 17 21 65 68 80 82 84 8 18 19 34 33 62
Volta 54: 20 79 52 35 40 63 78 99 30 53 67 71 24 55 59 95 100 4 5 7 13 14 16 60 61 85 88 94 98 9 21 36 38 65 68 82 89 8 18 17 34 62 80 84 19 33
Volta 55: 20 79 52 40 63 78 99 30 35 53 71 24 55 67 95 100 7 14 13 16 60 59 85 98 4 5 9 38 61 65 68 82 88 94 8 17 21 36 62 80 89 19 18 34 84
Volta 56: 79 20 40 52 63 78 30 35 99 24 53 67 71 95 7 14 13 16 55 59 98 100 5 4 38 60 61 68 85 82 88 94 9 8 17 36 65 80 89 18 21 34 62 84 19
Volta 57: 79 20 52 30 40 63 78 99 24 35 53 67 7 14 16 55 71 95 100 98 5 13 38 59 68 85 82 88 94 4 9 17 36 60 65 61 8 21 34 62 80 84 89 18
Volta 58: 20 79 30 40 52 63 78 24 35 99 7 16 53 67 71 100 98 14 13 55 59 68 85 82 94 95 4 5 9 17 36 38 60 61 65 88 8 21 89 34 62 80 84 18
Volta 59: 79 20 30 52 78 35 40 63 99 7 16 24 53 67 98 100 14 55 59 68 71 85 82 95 94 4 5 9 13 17 38 65 8 21 36 60 61 88 89 34 62 80 84
Volta 60: 79 20 52 78 30 35 40 63 99 7 16 24 53 67 98 100 14 55 68 13 17 59 85 82 95 94 4 5 8 9 38 36 60 61 65 89 88 34 80 62 84
Volta 61: 79 20 52 78 30 35 40 63 7 16 24 98 99 14 53 55 67 100 13 59 68 85 82 95 94 4 17 36 38 60 65 89 5 9 8 34 61 88 62 80
Volta 62: 79 20 52 78 30 35 63 7 24 40 99 16 53 67 98 100 14 55 59 68 85 82 95 4 13 17 60 65 89 94 5 34 36 38 61 88 9 8 80 62
Volta 63: 79 20 78 35 52 63 7 30 99 24 40 53 67 98 14 16 55 59 68 85 100 4 13 17 65 82 89 94 95 34 36 60 88 5 8 9 38 61 80
Volta 64: 79 20 78 35 52 63 99 7 24 30 53 98 14 16 40 55 67 85 100 4 13 59 65 68 82 94 95 17 36 60 89 5 34 38 61 88 9 8 80
Volta 65: 79 78 20 35 63 52 99 30 53 98 7 14 24 40 55 100 13 16 59 65 68 67 85 82 95 94 4 60 17 34 38 36 61 89 88 5 8 9
Volta 66: 78 20 35 63 52 99 98 7 14 30 40 53 13 16 24 55 59 85 82 94 100 60 65 68 95 4 17 36 89 88 5 8 61 9
Volta 67: 78 35 63 20 52 99 98 7 14 40 53 13 16 24 30 55 59 85 94 100 60 68 82 95 4 17 36 65 5 8 61 88 89
Volta 68: 78 20 35 52 63 99 98 40 7 14 16 30 53 55 59 85 94 13 24 60 68 82 95 100 4 17 65 8 36 61 5 89 88
Volta 69: 78 20 35 63 99 52 98 40 7 16 59 85 13 14 24 30 53 55 60 68 94 17 65 82 95 100 4 8 36 61 5 89
Volta 70: 78 35 63 20 52 98 99 40 7 59 14 13 16 24 30 53 55 60 85 94 65 68 82 95 100 8 17 36 61 4 5 89
Volta 71: 78 35 20 63 99 40 52 98 7 59 16 24 53 55 85 14 13 30 60 65 68 95 94 8 17 36 61 82 100 4 5
Volta 72: 78 35 63 99 20 98 7 40 52 59 16 55 53 13 14 24 30 60 65 85 94 8 61 68 82 95 100 4 5 17 36
Volta 73: 78 35 99 20 63 98 7 16 40 52 53 59 13 24 30 55 85 14 60 65 61 68 82 95 94 5 8 17 100 4
Volta 74: 78 35 99 63 20 7 40 52 59 98 16 24 30 55 53 13 14 60 61 65 68 82 85 5 8 17 95 94 100 4
Volta 75: 78 35 99 63 20 7 40 16 24 30 52 53 55 59 98 14 13 68 85 5 8 17 60 65 61 82 95 94 100
Volta 76: 78 35 99 63 7 20 40 24 53 52 55 59 98 14 13 16 30 85 5 8 60 65 61 68 82 95 100 17 94
Volta 77: 78 35 99 63 7 20 40 55 52 98 14 16 24 30 53 59 85 5 13 60 65 68 82 100 8 17 61 95
Volta 78: 78 35 63 99 7 40 20 55 52 98 16 24 53 59 85 5 14 13 30 60 65 82 100 8 17 61 68 95
Volta 79: 78 35 63 99 7 20 40 55 16 24 52 59 85 98 14 30 53 65 82 5 13 60 68 100 8 17 61
Volta 80: 78 35 99 63 55 7 20 24 40 59 14 16 53 52 85 98 30 60 65 68 82 100 5 8 13 17 61
Volta 81: 78 35 63 99 7 24 40 55 59 16 20 52 53 85 14 30 60 65 68 82 100 98 5 8 13 17
Volta 82: 78 35 63 99 7 24 59 40 55 52 53 85 16 20 60 65 68 98 100 5 14 13 30 82 8 17
Volta 83: 78 35 63 99 7 59 24 40 53 55 52 20 16 68 85 98 100 5 14 30 60 65 82 8 13
Volta 84: 78 35 63 99 7 52 53 59 24 40 55 85 100 20 30 65 68 98 5 8 13 60 82
Volta 85: 78 35 99 63 52 7 24 53 59 100 30 40 55 68 85 98 5 13 20 60 65 8
Volta 86: 78 35 99 63 7 24 53 52 59 100 40 55 68 85 5 20 30 60 65 98 8 13
Volta 87: 78 35 99 63 7 24 52 53 100 40 59 68 5 20 55 60 85 98 30 65 8
Volta 88: 78 35 99 63 7 24 53 52 59 100 20 40 55 68 85 98 5 30 60 8 65
Volta 89: 78 35 99 63 7 24 53 52 59 100 20 55 68 85 40 60 98 5 8 30
Volta 90: 78 35 99 63 7 24 52 59 20 53 55 68 85 100 98 5 8 40 60 30
Volta 91: 78 35 99 63 7 20 24 53 55 52 59 68 100 85 98 5 40 60 8
Volta 92: 78 35 99 63 7 20 24 52 55 59 100 53 68 5 60 85 98 40 8
Volta 93: 78 35 99 63 7 20 24 59 100 53 55 52 68 5 60 85 98 40
Volta 94: 78 35 99 63 7 20 59 24 55 52 53 68 100 85 98 5 40 60
Volta 95: 78 35 99 63 20 7 24 55 53 59 100 52 68 98 5 85 40
Volta 96: 78 35 99 63 20 7 53 59 55 68 98 100 85 5 40
Volta 97: 78 35 99 63 20 53 59 7 68 100 98 55 5 85
Volta 98: 78 35 99 63 20 53 7 59 68 100 55 98 5 85
Volta 99: 78 35 99 63 53 7 20 59 100 55 68 98 5
Volta 100: 78 35 99 63 7 20 53 59 55 68 100 98 5
Volta 101: 78 35 99 63 7 20 53 59 100 55 68 98
Volta 102: 78 35 99 63 7 20 53 59 100 55 68 98
Volta 103: 78 35 99 63 7 20 53 55 59 100 68
Volta 104: 78 35 99 63 7 53 20 55 59 68 100
Volta 105: 78 35 99 63 7 20 53 55 59 68
Volta 106: 78 35 99 63 7 20 53 55 59 68
Volta 107: 78 35 99 63 7 20 55 53 59
Volta 108: 78 35 7 63 20 55 53 59
Volta 109: 78 35 7 63 20 55 53
Volta 110: 78 35 7 63 20 53 55
Volta 111: 35 78 63 7 20 53
Volta 112: 35 78 63 7 20 53
Volta 113: 35 78 63 7 20
Volta 114: 35 63 7 20
Volta 115: 35 7 63
Volta 116: 35 7 63
Volta 117: 35 7
Volta 118: 35 7

Ranqueamento Final:
1: Ciclista 7 - 22650.18 segundos
2: Ciclista 63 - 22201.50 segundos
3: Ciclista 20 - 22200.42 segundos
4: Ciclista 53 - 21751.26 segundos
5: Ciclista 35 - 21750.78 segundos
6: Ciclista 55 - 21451.26 segundos
7: Ciclista 59 - 21301.38 segundos
8: Ciclista 68 - 20851.62 segundos
9: Ciclista 100 - 20402.34 segundos
10: Ciclista 98 - 20102.34 segundos
11: Ciclista 5 - 19800.06 segundos
12: Ciclista 85 - 19351.98 segundos
13: Ciclista 40 - 19050.90 segundos
14: Ciclista 60 - 18601.38 segundos
15: Ciclista 8 - 18450.18 segundos
16: Ciclista 30 - 18000.66 segundos
17: Ciclista 65 - 17551.50 segundos
18: Ciclista 13 - 17100.30 segundos
19: Ciclista 82 - 16651.98 segundos
20: Ciclista 17 - 16350.42 segundos
21: Ciclista 61 - 15901.50 segundos
22: Ciclista 95 - 15452.22 segundos
23: Ciclista 94 - 15152.22 segundos
24: Ciclista 4 - 14850.06 segundos
25: Ciclista 36 - 14400.90 segundos
26: Ciclista 89 - 14102.10 segundos
27: Ciclista 88 - 13802.10 segundos
28: Ciclista 9 - 13500.18 segundos
29: Ciclista 80 - 13051.86 segundos
30: Ciclista 62 - 12751.50 segundos
31: Ciclista 84 - 12301.98 segundos
32: Ciclista 18 - 12000.42 segundos
33: Ciclista 19 - 11550.42 segundos
34: Ciclista 33 - 11100.78 segundos
35: Ciclista 46 - 10651.14 segundos
36: Ciclista 2 - 10350.06 segundos
37: Ciclista 47 - 10051.14 segundos
38: Ciclista 69 - 9601.62 segundos
39: Ciclista 77 - 9301.86 segundos
40: Ciclista 75 - 9001.74 segundos
41: Ciclista 74 - 8551.74 segundos
42: Ciclista 11 - 8100.30 segundos
43: Ciclista 76 - 7800.78 segundos
44: Ciclista 86 - 7202.10 segundos
45: Ciclista 12 - 6900.30 segundos
46: Ciclista 22 - 6600.54 segundos
47: Ciclista 54 - 6151.26 segundos
48: Ciclista 58 - 5701.38 segundos
49: Ciclista 91 - 5252.22 segundos
50: Ciclista 45 - 4951.02 segundos
51: Ciclista 50 - 4501.14 segundos
52: Ciclista 37 - 4350.90 segundos
53: Ciclista 41 - 3751.02 segundos
54: Ciclista 66 - 3301.62 segundos
55: Ciclista 72 - 2851.74 segundos
56: Ciclista 87 - 2402.10 segundos
57: Ciclista 83 - 1951.98 segundos
58: Ciclista 97 - 1502.34 segundos
59: Ciclista 92 - 1202.22 segundos
60: Ciclista 96 - 602.34 segundos

Ciclista 1 quebrou na volta 12 - 2550.00 segundos
Ciclista 3 quebrou na volta 36 - 6900.00 segundos
Ciclista 6 quebrou na volta 18 - 3300.12 segundos
Ciclista 10 quebrou na volta 42 - 8400.12 segundos
Ciclista 14 quebrou na volta 84 - 16650.24 segundos
Ciclista 15 quebrou na volta 6 - 1500.24 segundos
Ciclista 16 quebrou na volta 84 - 16500.36 segundos
Ciclista 21 quebrou na volta 60 - 12000.48 segundos
Ciclista 23 quebrou na volta 12 - 2400.48 segundos
Ciclista 24 quebrou na volta 96 - 18750.48 segundos
Ciclista 25 quebrou na volta 18 - 3300.48 segundos
Ciclista 26 quebrou na volta 18 - 3600.60 segundos
Ciclista 27 quebrou na volta 12 - 2550.60 segundos
Ciclista 28 quebrou na volta 48 - 9600.60 segundos
Ciclista 29 quebrou na volta 30 - 6000.60 segundos
Ciclista 31 quebrou na volta 12 - 2400.72 segundos
Ciclista 32 quebrou na volta 36 - 7800.72 segundos
Ciclista 34 quebrou na volta 66 - 13350.72 segundos
Ciclista 38 quebrou na volta 66 - 13200.84 segundos
Ciclista 39 quebrou na volta 36 - 6750.84 segundos
Ciclista 42 quebrou na volta 30 - 6000.96 segundos
Ciclista 43 quebrou na volta 18 - 3600.96 segundos
Ciclista 44 quebrou na volta 48 - 9600.96 segundos
Ciclista 48 quebrou na volta 6 - 1201.08 segundos
Ciclista 49 quebrou na volta 30 - 5551.08 segundos
Ciclista 51 quebrou na volta 24 - 5101.20 segundos
Ciclista 52 quebrou na volta 96 - 18751.20 segundos
Ciclista 56 quebrou na volta 6 - 1051.32 segundos
Ciclista 57 quebrou na volta 36 - 7201.32 segundos
Ciclista 64 quebrou na volta 6 - 1501.44 segundos
Ciclista 67 quebrou na volta 66 - 12901.56 segundos
Ciclista 70 quebrou na volta 30 - 6151.56 segundos
Ciclista 71 quebrou na volta 60 - 11701.68 segundos
Ciclista 73 quebrou na volta 12 - 2551.68 segundos
Ciclista 78 quebrou na volta 114 - 20851.80 segundos
Ciclista 79 quebrou na volta 66 - 12001.80 segundos
Ciclista 81 quebrou na volta 6 - 1351.92 segundos
Ciclista 90 quebrou na volta 48 - 9002.04 segundos
Ciclista 93 quebrou na volta 6 - 1202.16 segundos
Ciclista 99 quebrou na volta 108 - 20252.28 segundos
