Volta 1: 2 4 5 3 1 8 6 7 10 9 12 15 14 11 13 20 18 16 17 19 23 21 24 25 22 28 29 26 27 30 31 33 34 35 32 40 39 37 38 36 43 45 44 42 41 50 46 49 48 47
Volta 2: 4 5 1 9 8 7 10 6 13 12 14 11 15 17 16 19 20 22 21 26 29 27 28 30 33 32 35 31 34 38 39 36 45 41 42 43 44 50 3 2 18 23 24 25 37 40 48 47 46 49
Volta 3: 5 4 1 10 6 7 9 12 15 13 11 16 20 17 19 22 21 30 27 35 31 33 34 39 36 41 43 42 3 2 8 14 18 24 23 29 28 26 32 37 38 45 44 46 47 50 25 40 48
Volta 4: 4 5 7 9 6 11 12 13 16 17 19 20 27 30 31 34 33 39 43 42 41 3 1 8 10 15 18 21 22 28 29 35 36 38 37 45 50 46 47 2 14 23 24 26 32 40 44 48 25
Volta 5: 5 6 9 16 20 30 27 33 43 41 1 4 10 8 7 13 12 11 15 17 19 18 21 22 28 29 35 31 34 37 38 39 42 45 47 3 14 32 36 46 50 2 23 24 26 40 44 48
Volta 6: 9 20 41 5 1 6 7 13 11 17 16 21 22 30 27 28 29 31 33 34 37 39 42 43 3 4 8 10 12 18 19 35 32 36 45 46 47 50 2 14 23 24 26 40 44 48
Volta 7: 41 5 6 9 13 20 16 22 27 30 34 37 43 4 3 1 7 10 8 11 12 17 19 18 21 28 29 32 31 33 35 39 45 42 46 47 14 23 40 36 50 2 24 26 44
Volta 8: 41 5 9 20 16 27 30 34 37 43 4 1 7 6 8 13 11 12 18 19 22 21 28 29 33 35 32 39 42 45 3 10 14 17 23 31 36 46 47 50 2 24 26 40 44
Volta 9: 41 5 16 20 30 34 37 4 1 6 9 7 8 13 19 18 21 22 29 27 28 33 35 43 42 45 3 10 12 11 17 23 32 31 39 46 14 24 26 40 36 50 47 2
Volta 10: 41 16 30 37 5 4 8 6 7 13 20 18 19 21 27 29 28 34 43 45 3 1 10 9 12 11 17 22 23 32 35 31 33 39 42 14 24 26 36 46 47 50 40 2
Volta 11: 37 41 4 5 8 18 16 19 27 28 30 34 45 43 1 9 7 6 11 13 12 20 23 21 22 29 33 31 32 3 10 17 26 35 39 36 42 46 14 24 50 47 40
Volta 12: 37 41 4 8 19 16 18 28 27 30 34 45 43 5 1 9 6 7 11 13 20 22 21 29 31 3 10 12 17 23 33 35 32 39 36 42 46 24 26 47 50 14 40
Volta 13: 4 16 30 28 34 37 43 45 41 5 8 13 11 20 19 18 22 29 27 1 7 6 10 9 12 17 23 21 35 31 33 32 36 39 42 3 26 47 50 46 14 24
Volta 14: 4 30 28 34 37 41 8 11 19 16 18 43 45 5 10 7 9 13 12 17 20 23 22 21 27 29 31 32 36 39 42 1 6 26 35 33 46 50 47 3 24 14
Volta 15: 34 4 8 11 16 28 30 37 41 43 9 7 17 18 19 22 21 29 27 39 36 45 5 1 10 6 13 12 20 23 26 31 32 35 33 42 47 50 24 46 3
Volta 16: 4 8 11 16 30 28 34 43 41 17 18 19 21 29 37 39 45 5 7 9 10 13 12 20 22 27 32 31 33 36 42 50 47 1 6 24 23 26 35 3 46
Volta 17: 4 8 16 34 43 11 19 18 28 30 37 45 41 10 7 13 17 21 22 27 29 31 32 36 39 50 47 1 5 9 6 12 20 23 35 33 42 3 24 26
Volta 18: 8 43 11 19 16 30 28 34 37 41 45 7 13 17 18 22 21 27 31 32 5 9 12 23 29 35 39 42 50 1 6 20 26 33 3
Volta 19: 8 43 16 30 28 37 11 13 19 18 21 27 34 32 31 41 45 5 9 7 12 17 22 29 50 1 6 20 23 35 39 42 26 33
Volta 20: 8 43 16 11 13 19 18 21 28 30 34 31 37 45 41 9 7 17 27 32 50 5 1 12 20 22 29 35 39 42 6 23 26 33
Volta 21: 8 16 43 11 18 19 30 28 34 31 37 41 45 7 13 17 21 27 32 5 1 9 12 20 29 35 39 42 50 22 23 6 26
Volta 22: 8 43 18 16 28 34 37 45 41 7 11 13 19 17 21 27 30 31 1 5 9 12 20 29 35 32 39 42 50 22 23 6 26
Volta 23: 8 18 16 28 34 37 45 43 41 11 19 21 30 27 31 5 1 7 13 17 29 32 39 42 50 9 12 20 23 35 22 6
Volta 24: 8 18 28 34 37 43 11 16 19 21 30 31 45 41 5 7 13 17 29 27 32 39 1 9 12 20 23 35 42 50 22 6
Volta 25: 8 18 37 43 19 16 21 30 28 31 34 41 45 5 11 17 27 32 1 7 13 29 39 42 50 9 12 20 22 23 35
Volta 26: 8 18 37 43 16 19 21 30 28 31 41 5 17 27 34 45 1 7 11 29 32 39 9 13 20 35 42 50 12 23 22
Volta 27: 8 18 37 16 28 31 41 43 5 19 21 30 27 34 45 1 7 11 17 32 9 13 29 39 42 50 20 35 12 23
Volta 28: 8 37 18 28 31 41 43 5 19 16 21 30 27 34 45 1 7 11 32 9 13 17 29 39 20 35 42 50 12 23
Volta 29: 8 37 18 28 31 43 19 16 41 45 1 5 11 21 27 30 34 7 9 13 17 32 39 29 42 50 12 20 35
Volta 30: 8 37 28 31 43 18 45 5 11 19 16 30 27 34 41 1 7 21 32 9 13 17 29 39 50 42 12 20 35
Volta 31: 8 37 28 31 43 5 11 19 18 16 30 27 45 41 1 7 21 34 9 13 17 29 32 39 50 42 20 12
Volta 32: 8 31 37 43 28 5 16 19 18 45 1 11 30 27 34 41 9 7 13 21 29 32 17 39 50 20 42 12
Volta 33: 8 37 28 31 43 5 16 1 11 18 19 30 34 41 45 9 29 27 32 7 13 17 21 39 20 42 50
Volta 34: 8 37 28 31 43 5 16 1 18 30 34 45 9 11 19 27 29 41 7 13 17 21 32 39 20 42 50
Volta 35: 8 37 43 28 31 5 1 18 16 30 9 19 27 34 45 7 13 11 21 29 32 39 41 20 17 42
Volta 36: 37 43 28 31 1 16 5 9 18 27 30 34 45 7 13 11 19 29 39 17 21 32 41 20 42
Volta 37: 37 31 43 1 16 28 5 18 30 34 45 7 9 11 13 29 27 39 19 21 32 41 17 20
Volta 38: 37 31 1 16 28 43 5 18 34 45 9 29 27 30 39 7 13 11 19 41 17 20 21 32
Volta 39: 37 28 31 43 1 16 34 45 5 9 18 27 30 29 7 11 13 19 39 20 17 21 41
Volta 40: 37 28 1 31 34 43 5 18 16 29 45 7 9 13 19 30 27 39 11 20 21 41 17
Volta 41: 37 28 31 43 5 1 16 34 45 9 7 13 18 19 29 27 30 11 20 21 39 41
Volta 42: 37 28 31 43 16 45 1 9 19 18 29 27 30 34 7 13 11 21 39 41 20
Volta 43: 37 28 31 43 16 45 9 30 1 7 13 19 18 27 29 34 39 11 21 41
Volta 44: 37 28 31 43 45 16 30 1 9 13 19 29 27 7 18 21 34 39 41 11
Volta 45: 37 28 31 43 45 1 9 19 16 30 13 18 21 29 27 41 7 34 39
Volta 46: 37 31 43 28 9 16 30 45 1 13 19 27 29 41 7 18 21 34 39
Volta 47: 37 31 28 43 9 16 30 45 13 29 41 1 19 18 21 27 34 7
Volta 48: 37 31 9 16 28 43 30 45 1 13 18 27 29 41 19 21 34 7
Volta 49: 37 31 9 16 28 30 43 1 13 18 27 29 45 19 21 34 41
Volta 50: 37 31 9 16 28 30 13 18 27 43 45 1 21 29 34 41 19
Volta 51: 37 16 31 9 30 28 27 45 1 13 18 21 29 43 34 41
Volta 52: 37 16 31 30 9 28 45 1 18 21 27 43 13 29 41 34
Volta 53: 37 16 31 9 30 28 1 18 21 27 45 43 13 29 41
Volta 54: 37 30 1 9 28 27 43 18 21 29 13 41
Volta 55: 37 30 9 27 28 43 1 18 21 29 13
Volta 56: 37 30 9 28 27 43 1 18 21 29 13
Volta 57: 37 30 9 28 27 43 1 21 29 18
Volta 58: 37 30 9 28 27 43 1 29 18 21
Volta 59: 37 30 9 27 28 29 43 1 18
Volta 60: 37 30 9 29 28 43 1 18
Volta 61: 37 30 9 1 28 29 43
Volta 62: 37 30 9 1 28 29 43
Volta 63: 37 30 9 1 28 29
Volta 64: 37 30 1 9 29 28
Volta 65: 37 30 1 9 29
Volta 66: 37 30 1 9 29
Volta 67: 30 37 9 1
Volta 68: 30 37 9 1
Volta 69: 37 30 9
Volta 70: 37 30 9
Volta 71: 30 37
Volta 72: 30 37

Ranqueamento Final:
1: Ciclista 37 - 13800.90 segundos
2: Ciclista 30 - 13800.66 segundos
3: Ciclista 9 - 13650.18 segundos
4: Ciclista 1 - 13500.06 segundos
5: Ciclista 29 - 13050.66 segundos
6: Ciclista 28 - 12600.66 segundos
7: Ciclista 43 - 12451.02 segundos
8: Ciclista 18 - 12150.42 segundos
9: Ciclista 21 - 11700.54 segundos
10: Ciclista 13 - 11400.30 segundos
11: Ciclista 41 - 10951.02 segundos
12: Ciclista 34 - 10650.78 segundos
13: Ciclista 19 - 10200.42 segundos
14: Ciclista 7 - 9900.18 segundos
15: Ciclista 39 - 9450.90 segundos
16: Ciclista 11 - 9000.30 segundos
17: Ciclista 20 - 8550.42 segundos
18: Ciclista 17 - 8250.42 segundos
19: Ciclista 32 - 7800.78 segundos
20: Ciclista 42 - 7501.02 segundos
21: Ciclista 50 - 7201.14 segundos
22: Ciclista 12 - 6900.30 segundos
23: Ciclista 35 - 6450.78 segundos
24: Ciclista 23 - 6000.54 segundos
25: Ciclista 22 - 5550.54 segundos
26: Ciclista 6 - 5250.18 segundos
27: Ciclista 26 - 4800.66 segundos
28: Ciclista 33 - 4350.78 segundos
29: Ciclista 3 - 4050.06 segundos
30: Ciclista 46 - 3601.14 segundos
31: Ciclista 14 - 3300.30 segundos
32: Ciclista 40 - 2850.90 segundos
33: Ciclista 2 - 2550.06 segundos
34: Ciclista 44 - 1951.02 segundos
35: Ciclista 48 - 1501.14 segundos
36: Ciclista 25 - 1200.54 segundos
37: Ciclista 49 - 601.14 segundos

Ciclista 4 quebrou na volta 18 - 3450.00 segundos
Ciclista 5 quebrou na volta 42 - 8250.00 segundos
Ciclista 8 quebrou na volta 36 - 6450.12 segundos
Ciclista 10 quebrou na volta 18 - 3600.12 segundos
Ciclista 15 quebrou na volta 6 - 1200.24 segundos
Ciclista 16 quebrou na volta 54 - 10200.36 segundos
Ciclista 24 quebrou na volta 18 - 3900.48 segundos
Ciclista 27 quebrou na volta 60 - 11850.60 segundos
Ciclista 31 quebrou na volta 54 - 10350.72 segundos
Ciclista 36 quebrou na volta 18 - 3600.84 segundos
Ciclista 38 quebrou na volta 6 - 1200.84 segundos
Ciclista 45 quebrou na volta 54 - 10650.96 segundos
Ciclista 47 quebrou na volta 18 - 3751.08 segundos
