Volta 1: 2 3 4 5 1 8 6 7 10 9 15 12 11 14 13 17 18 19 20 16 22 21 25 23 24 26 30 28 27 29 33 35 34 31 32 40 36 39 38 37 41 45 42 44 43 47 49 48 46 50 51 52 53 54 55 57 58 56 60 59 62 61 63 65 64 67 68 70 69 66 75 73 74 71 72 80 76 77 78 79 83 82 84 81 85 90 89 87 88 86 94 92 93 95 91 98 99 97 96 100
Volta 2: 1 4 2 5 9 6 7 10 13 12 20 16 17 18 19 23 24 27 26 29 30 32 33 31 35 36 37 39 44 43 42 41 46 50 48 49 47 53 52 54 51 55 57 58 59 60 62 64 63 61 65 67 70 66 68 72 75 74 76 77 79 85 82 83 81 88 92 94 93 95 91 98 97 96 100 99 3 8 15 11 14 22 25 21 28 34 40 38 45 56 69 71 73 78 80 84 86 90 89 87
Volta 3: 1 5 9 7 10 6 12 18 19 17 23 27 29 31 37 39 43 41 46 52 51 55 60 57 59 63 61 70 67 75 77 76 83 85 82 88 94 91 92 95 98 96 97 100 3 4 2 13 11 15 14 20 16 22 25 24 21 30 26 34 32 33 35 40 36 38 45 42 44 47 48 50 49 53 54 58 56 65 64 62 68 66 72 74 78 80 79 84 81 86 89 93 99 8 28 69 73 71 90
Volta 4: 1 7 9 12 18 17 23 29 27 31 41 60 57 63 67 75 77 82 83 85 88 91 95 94 98 96 5 2 10 6 11 15 14 19 20 16 22 21 26 34 32 37 39 38 45 42 44 43 48 47 49 50 46 52 54 51 55 59 58 61 65 68 70 66 74 72 76 79 78 84 81 86 92 97 99 100 4 3 8 13 25 24 28 30 33 35 36 40 53 56 62 64 69 71 80 90 89 93 73
Volta 5: 1 7 12 18 23 31 41 57 60 67 75 77 82 88 91 95 94 98 5 2 9 10 6 14 11 16 17 19 21 27 26 29 32 39 37 43 45 48 49 50 55 52 54 58 59 61 63 66 68 70 72 78 79 76 83 81 85 84 86 92 97 96 4 8 15 20 22 24 30 28 34 33 35 36 40 38 42 44 47 46 53 51 56 64 62 65 69 74 71 80 93 99 100 3 13 25 89 90
Volta 6: 1 18 60 57 75 91 98 2 9 7 12 14 16 17 23 21 27 29 31 39 41 43 49 55 58 59 61 66 67 68 72 77 76 79 78 83 82 85 86 88 94 92 95 97 96 5 6 8 10 11 15 20 19 22 26 30 28 33 32 36 37 38 44 42 45 48 46 50 52 51 65 63 70 80 84 81 99 3 13 24 25 35 40 47 53 56 62 64 69 71 89 90 93 100
Volta 7: 1 57 60 98 2 7 9 12 14 18 16 23 21 31 41 43 49 55 59 58 61 66 72 75 77 79 82 86 88 94 95 92 91 10 6 11 20 17 19 22 26 29 28 27 33 32 39 42 45 48 50 52 63 70 67 68 78 80 76 83 81 85 84 96 97 5 3 8 15 13 24 25 30 35 40 37 38 36 44 47 46 53 51 56 62 65 64 69 71 89 90 93 99
Volta 8: 1 60 57 98 9 7 16 18 21 23 49 58 59 66 72 77 79 88 86 91 94 2 6 11 12 14 20 17 19 22 29 28 26 31 32 42 43 41 48 50 52 55 61 63 67 68 75 80 76 85 81 82 84 95 92 96 3 5 10 8 15 13 25 24 27 30 33 38 39 40 36 37 45 44 46 47 51 56 65 62 69 70 71 78 83 90 89 93 97 99 35 53 64
Volta 9: 1 57 9 16 21 49 60 58 66 72 86 94 98 2 7 14 12 18 17 19 20 22 23 26 32 31 42 43 41 48 50 55 59 61 67 75 77 80 79 81 84 82 85 88 91 92 95 3 5 8 10 6 15 13 11 25 28 29 40 38 39 44 45 47 52 51 56 63 62 70 68 69 78 76 83 90 93 96 97 99 24 27 30 35 33 36 37 46 53 65 71 89
Volta 10: 57 1 9 21 60 58 66 72 2 7 14 12 18 20 16 23 22 26 32 31 41 43 42 50 49 67 75 79 80 77 82 81 86 88 94 92 91 95 98 3 10 6 13 15 19 17 29 28 39 38 45 44 48 47 55 51 56 59 63 62 61 69 68 70 76 78 84 85 90 93 96 99 97 5 8 11 24 25 30 27 37 40 36 46 53 52 65 71 83 89 33 35
Volta 11: 21 57 58 1 2 7 9 12 14 16 26 43 41 42 49 60 66 72 75 80 77 79 82 88 86 91 94 3 15 13 18 17 19 20 22 23 28 29 31 32 45 50 48 55 51 59 61 69 68 67 76 84 85 81 95 92 93 98 97 96 5 6 10 8 11 25 24 30 36 38 37 39 40 44 47 53 52 56 62 63 65 70 78 83 90 99 27 33 46 71 89
Volta 12: 21 58 57 1 2 9 7 14 26 42 43 41 60 75 72 82 88 91 15 16 23 22 28 29 32 31 45 50 48 49 51 59 66 79 77 76 85 86 95 92 94 98 97 3 6 10 11 19 17 18 20 25 24 30 37 39 38 44 47 55 52 53 56 61 65 62 70 68 69 67 78 81 83 84 93 96 99 5 8 27 40 36 46 63 71 90 89 33
Volta 13: 58 2 1 7 14 21 26 42 57 88 91 9 15 16 23 22 29 28 41 43 48 49 60 66 72 75 77 82 86 95 92 94 98 97 3 10 6 11 20 18 19 17 24 32 31 37 39 45 50 47 51 52 55 59 65 68 67 69 70 76 79 78 83 85 84 93 99 96 5 25 30 40 38 36 44 53 56 63 61 62 71 81 89 90 8 27 46
Volta 14: 58 1 7 14 21 42 57 91 2 9 15 26 41 43 48 49 60 66 72 75 77 82 88 95 98 97 10 11 16 17 18 19 22 24 23 28 29 31 32 37 39 45 50 47 55 51 52 59 65 68 69 79 76 84 83 86 92 94 3 5 6 20 25 30 40 53 56 62 61 63 67 70 78 85 81 89 93 96 99 8 27 36 38 44 46 71 90
Volta 15: 7 42 58 1 2 14 21 41 48 49 57 72 77 91 95 9 15 11 19 22 24 26 29 32 37 43 47 55 51 59 60 65 66 69 75 82 84 83 88 86 92 94 98 97 5 3 6 10 18 20 17 16 23 28 31 40 39 45 50 52 56 62 68 70 67 76 78 79 81 93 99 8 25 30 36 38 44 46 53 63 61 85 89 96 27 71
Volta 16: 7 58 1 14 21 42 49 95 91 2 11 24 32 41 43 47 48 57 60 66 69 75 72 77 83 84 82 86 92 98 97 3 5 9 6 15 17 20 16 19 23 22 29 26 37 40 45 50 51 55 52 56 59 62 65 68 76 81 88 93 94 99 10 8 18 25 30 28 31 39 44 53 67 70 78 79 89 96 27 36 38 46 63 61 71 85
Volta 17: 58 1 7 42 49 95 14 24 21 32 43 47 48 60 72 75 77 82 83 91 92 97 3 2 5 6 9 11 16 19 17 23 22 26 37 40 45 41 50 55 51 56 57 59 62 65 66 68 69 76 84 86 88 94 93 99 98 10 8 15 18 20 29 28 52 70 67 78 79 81 96 25 30 31 38 36 39 44 46 53 61 63 71 89 27
Volta 18: 1 7 42 49 58 95 14 21 24 43 47 60 75 83 82 92 97 2 3 11 19 22 23 26 32 37 40 45 50 48 51 55 57 59 62 66 69 68 72 77 84 86 94 91 98 99 5 6 9 8 15 16 17 20 29 41 52 56 65 70 76 78 81 88 93 10 18 25 28 31 38 39 44 46 53 61 63 67 71 79 89 96 27 30 36
Volta 19: 1 7 42 49 21 43 58 75 82 95 3 2 14 23 24 26 32 37 45 47 50 55 51 57 60 59 68 69 66 72 77 84 83 91 94 92 99 98 97 5 9 8 11 15 20 19 17 16 22 29 40 41 48 52 56 62 65 70 76 78 81 86 88 93 6 10 18 25 46 53 61 67 71 89 96 28 27 30 31 39 38 44 63 79
Volta 20: 7 42 49 1 43 58 95 21 23 24 26 32 47 55 51 57 60 59 68 66 75 84 82 83 91 94 97 99 3 5 2 8 15 14 11 19 17 29 40 37 41 45 48 50 52 62 65 69 72 76 77 81 88 92 93 98 9 6 20 16 25 22 53 56 61 67 70 71 78 89 86 96 10 18 27 30 38 39 44 46 63 79 28 31
Volta 21: 42 49 1 7 43 23 24 21 26 32 51 55 57 60 59 58 68 75 82 83 84 95 94 97 2 3 11 19 29 37 40 41 45 47 52 69 66 72 77 81 88 91 92 99 98 5 8 6 9 15 14 17 16 48 50 53 65 61 62 70 71 76 78 89 86 93 20 18 25 22 27 30 38 44 46 56 63 67 79 96 10 39 28
Volta 22: 1 7 42 49 23 21 24 32 43 57 58 60 68 75 82 94 95 97 3 2 19 29 26 40 45 47 51 55 59 69 66 72 77 83 84 88 91 98 14 11 15 16 17 37 41 48 50 52 65 62 70 76 78 81 92 93 99 5 6 9 8 20 25 22 27 30 38 44 53 56 61 63 67 71 79 89 86 96 10 18 39 46 28
Volta 23: 1 7 49 32 42 43 68 75 82 94 97 2 3 24 23 21 26 47 55 59 57 60 58 66 84 88 95 14 19 17 29 40 37 41 45 48 50 51 52 62 65 69 72 77 78 83 81 91 99 98 5 6 11 15 20 16 22 27 38 53 56 61 63 70 71 76 79 86 93 92 96 8 10 9 18 25 30 39 44 67 89 46
Volta 24: 7 49 75 82 3 24 21 23 32 42 43 55 58 59 60 66 68 84 88 94 95 2 14 19 26 40 37 45 50 47 48 51 57 72 78 77 99 6 11 16 20 29 27 38 41 56 65 61 62 63 69 70 81 83 86 92 91 93 98 5 8 10 9 15 22 30 44 53 67 71 76 79 89 96 18 25 39 46
Volta 25: 49 7 75 82 24 32 42 55 60 59 58 68 66 84 94 95 3 2 14 19 23 21 26 37 43 45 50 47 48 51 57 72 88 99 11 20 29 27 40 38 41 65 62 63 69 78 77 81 83 86 91 92 5 6 9 8 10 15 16 22 30 44 53 56 61 70 67 71 79 76 93 98 96 39 89 18 25
Volta 26: 7 49 32 55 59 68 75 82 94 95 3 14 19 24 23 37 43 45 42 47 48 50 51 57 58 60 66 72 84 99 2 11 21 26 38 40 63 62 69 77 78 83 81 88 91 5 9 6 10 20 16 29 27 30 41 56 61 65 67 70 79 76 86 92 93 98 8 15 22 39 44 53 71 89 96 18 25
Volta 27: 7 49 59 68 82 94 95 3 14 23 24 32 37 43 47 55 58 57 66 75 84 2 19 26 38 40 42 45 48 50 51 60 63 62 69 72 81 88 99 5 6 10 11 16 20 21 29 30 27 41 61 70 77 78 76 83 86 93 92 91 98 9 8 15 22 39 44 53 56 65 67 71 79 89 96 18
Volta 28: 7 49 68 94 95 14 32 37 43 55 57 59 75 82 3 19 23 24 40 45 42 47 48 51 60 58 63 66 84 2 6 10 11 16 21 26 38 50 62 61 69 72 76 78 81 83 88 91 99 5 9 8 15 20 22 30 29 27 41 56 65 67 70 71 77 79 86 93 92 98 39 44 53 89 96 18
Volta 29: 7 49 68 94 14 37 59 82 95 3 24 23 32 45 43 42 55 57 58 66 75 6 11 19 16 21 26 40 38 48 47 51 60 62 63 72 76 84 88 99 2 5 8 10 9 15 22 30 29 41 50 56 61 65 67 70 69 79 78 83 81 86 91 93 92 98 20 27 39 44 71 77 89 53 96
Volta 30: 49 7 68 94 14 37 59 3 23 32 42 43 55 57 75 82 11 19 24 38 40 45 48 47 51 58 63 66 72 84 88 99 2 6 8 10 15 16 21 29 26 41 60 56 62 61 70 79 76 78 81 83 86 91 98 9 20 22 30 27 50 67 77 89 92 93 39 44 53 71 96
Volta 31: 49 7 68 94 37 59 3 14 32 55 57 75 82 11 23 40 43 42 45 48 51 58 72 88 99 6 8 10 15 16 19 24 21 26 38 41 47 56 60 63 62 66 70 76 79 84 81 86 98 2 9 20 22 29 30 50 61 78 77 83 92 93 91 27 39 44 67 71 89 53
Volta 32: 7 49 94 59 68 3 14 32 37 57 75 11 23 40 43 42 51 55 58 72 82 88 99 6 10 8 15 16 24 38 41 45 48 60 63 62 66 70 76 84 86 9 19 20 22 21 26 47 56 78 77 79 83 81 92 93 91 98 2 30 27 29 39 44 50 61 67 71 89 53
Volta 33: 7 49 59 68 94 14 32 37 75 3 40 43 42 55 57 58 82 88 99 10 6 15 11 23 45 48 51 66 70 72 76 84 8 19 20 16 21 24 26 38 41 47 56 60 62 63 79 78 77 83 86 92 93 98 9 22 29 27 30 50 61 67 71 81 91 2 39 44 89
Volta 34: 7 49 32 37 59 68 94 14 40 43 58 75 82 3 6 11 15 23 45 42 55 51 57 70 66 72 88 99 10 8 16 24 21 26 38 48 60 56 63 62 76 79 77 84 83 93 92 98 9 20 19 30 29 41 47 50 61 67 71 78 81 86 91 2 22 27 39 44 89
Volta 35: 7 49 32 37 59 14 43 68 75 82 94 3 6 15 23 40 42 45 55 51 57 58 88 99 10 11 16 24 21 38 48 56 60 63 70 66 72 76 83 84 92 93 98 8 19 26 29 41 47 50 62 67 71 77 78 79 81 86 91 2 9 20 22 30 39 61 27 44
Volta 36: 7 49 32 37 14 59 68 82 94 3 6 42 43 57 75 88 11 15 16 21 23 40 38 45 48 55 51 58 60 56 63 66 70 72 76 83 84 93 98 99 10 8 24 29 26 41 47 50 62 67 77 81 92 2 9 20 19 30 39 71 78 79 91 22 44 61 27
Volta 37: 7 49 32 37 14 68 6 43 59 75 82 88 94 3 15 11 21 23 40 42 51 55 60 57 66 72 10 16 26 38 45 48 50 47 56 58 62 63 67 70 76 77 83 84 93 92 98 99 8 9 20 24 29 41 71 78 81 2 19 30 39 79 91 22 44 61
Volta 38: 7 32 49 14 37 6 59 68 75 82 94 3 15 21 40 43 55 51 60 57 72 88 10 11 16 23 26 38 42 45 47 50 48 56 58 63 62 67 66 70 77 76 83 84 93 99 98 8 24 29 41 81 92 2 9 19 20 30 39 71 79 78 91 22 44 61
Volta 39: 7 32 49 14 37 6 59 68 75 82 15 21 40 43 51 55 88 94 3 11 23 45 42 50 47 48 60 57 58 56 62 63 67 66 70 72 77 84 93 99 10 16 24 29 26 38 41 76 81 83 92 98 8 9 20 19 39 71 79 78 91 2 30 44 22
Volta 40: 7 32 49 37 14 59 68 75 82 6 15 55 51 94 3 11 21 23 40 42 45 43 50 60 57 56 62 67 66 72 88 93 99 10 24 26 29 38 41 48 47 58 63 70 76 77 84 81 98 8 9 20 16 71 78 83 92 19 30 39 44 79 91 2 22
Volta 41: 7 49 32 37 14 68 75 82 15 51 59 3 6 11 21 23 43 42 45 50 55 60 66 72 88 93 94 10 29 38 40 47 56 57 58 62 63 70 67 77 76 81 84 98 99 20 16 24 26 41 48 71 83 92 9 8 30 39 78 91 2 19 44 79
Volta 42: 7 49 32 37 68 75 82 14 51 3 6 15 21 42 45 59 72 88 93 94 11 23 40 38 43 47 55 58 57 62 66 67 77 99 20 24 26 41 48 56 63 70 71 76 81 84 98 8 9 16 30 39 78 83 92 91 2 19 44 79
Volta 43: 7 32 37 49 68 75 82 14 51 3 6 15 21 42 45 59 93 94 11 23 40 38 55 62 66 67 72 88 99 20 24 43 48 47 57 56 58 70 76 77 81 84 98 16 26 30 39 41 63 71 78 83 92 91 2 8 9 19 44
Volta 44: 7 49 68 82 14 32 37 51 75 3 6 15 21 45 94 23 38 40 42 59 62 66 67 72 88 93 11 43 48 47 55 58 57 56 70 77 76 84 99 98 20 16 24 30 26 41 71 81 91 2 8 39 63 78 83 92 9 19 44
Volta 45: 82 7 14 32 49 51 68 75 6 15 21 37 45 3 38 40 42 59 62 66 72 88 94 93 11 23 43 48 47 55 56 67 76 77 99 16 20 24 30 41 57 58 70 84 81 98 26 39 63 71 78 92 91 2 8 9 83 19
Volta 46: 14 32 49 68 75 82 6 7 15 21 45 51 3 37 40 59 62 66 72 88 94 93 38 43 42 48 55 67 76 11 20 16 24 23 30 41 47 56 70 77 84 99 98 26 39 57 58 63 71 78 81 91 92 2 9 8 83 19
Volta 47: 32 68 82 6 7 14 15 45 49 51 75 21 40 62 72 94 3 37 38 42 48 59 66 76 88 93 11 20 23 30 41 43 47 55 56 70 67 77 84 98 16 24 26 58 57 78 81 92 99 2 8 39 63 71 91 9 83
Volta 48: 68 82 6 15 14 32 49 51 75 7 21 45 72 94 40 38 37 42 48 59 88 93 11 30 43 41 47 55 56 70 66 76 77 16 20 58 57 67 78 81 92 98 99 2 26 39 63 91 9 71 83
Volta 49: 68 82 14 32 49 75 6 15 21 51 7 40 45 48 59 72 88 94 93 11 30 37 38 42 43 41 47 55 56 70 76 77 16 20 57 67 66 78 81 92 99 98 2 26 39 58 63 91 9 71
Volta 50: 14 32 68 75 82 6 15 21 49 51 7 40 45 48 72 88 93 94 30 38 37 42 55 59 56 77 11 20 16 41 43 47 57 70 66 76 92 99 2 39 58 67 78 81 91 98 26 63 9 71
Volta 51: 14 68 75 82 15 32 51 6 21 45 49 88 93 94 7 37 40 38 48 55 59 72 77 11 20 30 43 42 41 56 57 66 70 76 99 16 47 58 67 78 81 91 92 98 2 26 39 63 9
Volta 52: 14 75 32 68 82 6 15 21 51 88 7 38 45 49 48 55 72 77 94 93 20 30 37 40 41 42 59 70 99 11 16 43 47 56 57 67 66 76 78 81 2 39 58 92 91 98 26 63 9
Volta 53: 14 32 68 75 82 6 15 51 88 7 21 45 49 55 77 93 94 20 40 37 38 48 59 70 72 11 16 30 41 43 42 57 76 78 81 99 39 47 56 58 67 66 92 2 26 63 91 98
Volta 54: 32 68 75 82 6 14 51 15 21 55 77 88 94 40 37 45 48 59 72 93 11 16 30 38 42 70 81 39 41 43 57 58 66 76 78 92 2 26 47 67 98 63
Volta 55: 14 32 68 75 82 6 15 21 55 51 77 37 48 59 88 93 94 11 16 30 40 42 45 70 72 81 39 38 41 57 58 66 78 76 43 67 92 98 2 26 47
Volta 56: 14 32 68 75 82 6 15 21 51 37 48 55 59 77 88 94 11 16 30 40 45 42 70 81 93 39 38 57 66 72 78 76 41 58 2 26 43 47 67 92 98
Volta 57: 14 32 82 6 15 21 51 68 75 55 77 88 94 16 30 37 42 45 48 59 81 93 11 40 39 57 70 72 76 78 38 41 58 66 2 43 67 26 47 92
Volta 58: 15 14 32 51 68 75 82 6 21 88 16 37 45 42 48 55 59 77 81 93 94 11 30 39 40 57 70 72 78 38 41 58 66 76 43 67 2 47 92 26
Volta 59: 15 68 6 14 21 32 51 75 82 88 42 55 59 77 81 94 93 16 30 37 45 48 57 70 72 78 11 40 39 41 58 66 76 38 43 2 47 67 92
Volta 60: 68 15 14 21 51 75 82 88 6 32 93 30 37 42 45 48 55 59 70 77 78 81 94 11 16 40 39 41 66 72 76 38 43 58 2 67 92 47
Volta 61: 68 15 51 75 88 6 14 21 32 82 93 37 45 42 55 59 70 77 78 81 16 30 39 40 41 48 72 76 94 11 38 58 66 43 67 92 2
Volta 62: 68 75 88 15 21 51 82 93 6 14 32 42 59 78 40 37 39 45 41 48 55 70 72 77 76 81 94 16 30 38 58 66 11 43 67 2 92
Volta 63: 68 88 15 51 75 82 6 14 21 32 59 78 93 40 37 42 45 41 48 70 77 81 94 16 30 38 39 55 72 76 11 43 58 67 66 2
Volta 64: 68 75 82 88 15 32 51 59 93 6 14 21 40 42 45 41 48 77 78 81 94 16 30 38 39 37 55 70 72 76 11 58 67 66 43 2
Volta 65: 68 75 82 15 32 51 59 88 6 14 21 40 41 42 48 77 78 81 94 93 16 30 38 37 45 70 72 76 11 39 55 58 67 66 43
Volta 66: 68 75 82 15 59 6 32 40 51 88 94 93 14 21 30 37 38 45 41 42 48 70 76 77 81 11 55 58 67 72 39 66 43
Volta 67: 75 82 59 68 6 15 32 40 51 88 93 94 14 21 37 38 41 42 48 70 77 81 30 45 55 58 67 72 76 11 66 39
Volta 68: 75 82 15 32 51 59 68 88 94 6 14 21 38 40 42 48 70 77 81 93 30 37 41 55 58 76 45 67 72 11 39 66
Volta 69: 75 82 15 51 59 68 88 6 21 32 40 42 70 77 93 94 14 30 38 37 48 81 41 55 58 67 72 76 11 39 45
Volta 70: 82 75 15 88 6 32 42 51 59 70 68 77 93 14 21 30 40 38 48 94 37 41 55 58 72 76 81 45 67 11 39
Volta 71: 75 82 15 32 42 51 59 70 68 88 93 6 14 21 38 40 77 94 30 48 55 72 37 41 58 76 81 45 67 11
Volta 72: 75 82 15 51 59 70 93 14 21 32 40 42 68 94 6 30 38 72 77 41 48 55 76 81 37 45 58 67 11
Volta 73: 82 75 15 93 14 21 40 51 59 68 70 6 30 32 42 77 94 38 48 55 72 76 81 37 41 45 58 67
Volta 74: 82 15 75 93 51 59 68 70 6 14 21 30 40 77 94 32 38 42 48 55 72 76 81 41 45 37 58 67
Volta 75: 82 15 70 75 93 6 14 30 40 51 59 68 21 32 42 48 72 76 77 94 38 45 41 55 81 37 58
Volta 76: 15 82 75 93 14 30 51 70 68 6 21 32 40 42 59 72 77 76 94 38 45 48 55 81 41 37 58
Volta 77: 15 82 14 30 51 70 75 93 6 21 32 40 68 76 77 94 42 48 59 72 81 38 45 41 55 37
Volta 78: 15 82 14 51 75 6 30 32 77 76 94 21 40 42 48 59 68 81 38 55 45 41 37
Volta 79: 15 51 75 82 14 30 32 77 6 21 40 42 48 59 68 76 94 55 81 38 41 45
Volta 80: 15 51 82 14 30 32 75 77 6 21 40 42 48 68 76 55 59 81 94 38 45 41
Volta 81: 15 51 82 14 30 32 75 77 21 40 42 48 68 76 6 81 94 38 55 59 45
Volta 82: 15 82 32 51 75 77 14 30 42 68 76 6 21 40 48 94 38 55 59 81 45
Volta 83: 15 82 51 77 14 32 68 75 76 6 21 30 40 42 38 48 81 94 55 59
Volta 84: 15 82 77 14 32 51 68 75 76 6 30 40 42 48 81 94 38 55 59
Volta 85: 15 82 77 14 32 51 6 30 68 75 76 42 40 48 81 94 38 55
Volta 86: 15 82 14 77 6 32 51 30 68 75 76 40 42 48 81 94 38 55
Volta 87: 15 82 6 14 51 77 30 32 68 75 76 42 94 40 38 48 81
Volta 88: 15 82 14 77 6 32 51 75 76 30 42 68 40 81 94 38 48
Volta 89: 15 82 14 77 6 51 30 32 42 75 76 68 81 94 38 40
Volta 90: 82 15 14 77 6 30 32 42 51 75 76 81 40 38 68 94
Volta 91: 15 77 82 14 6 30 32 75 76 42 51 81 68 38 40
Volta 92: 15 77 82 14 6 30 32 75 51 76 81 42 68 40 38
Volta 93: 82 15 77 14 30 32 75 6 76 81 42 51 40 68
Volta 94: 82 15 77 14 6 30 32 75 42 51 76 81 40 68
Volta 95: 82 15 14 77 6 30 75 32 51 76 81 40 42
Volta 96: 82 14 15 77 75 6 30 51 81 42 76 40
Volta 97: 14 82 15 75 77 6 30 51 76 81 42
Volta 98: 82 14 15 77 6 30 75 51 76 81 42
Volta 99: 82 15 6 14 30 75 77 81 51 76
Volta 100: 15 82 6 14 30 75 77 81 51 76
Volta 101: 15 82 6 30 75 77 14 81 51
Volta 102: 15 75 77 82 6 30 81 14 51
Volta 103: 15 75 82 30 77 6 14 81
Volta 104: 15 75 82 6 30 77 81 14
Volta 105: 75 15 82 6 30 77 81
Volta 106: 15 75 82 6 30 77 81
Volta 107: 75 82 6 15 30 77
Volta 108: 82 15 30 75 6 77
Volta 109: 82 15 75 6 30
Volta 110: 82 15 75 30 6
Volta 111: 15 75 82 30
Volta 112: 15 75 82 30
Volta 113: 15 75 82
Volta 114: 15 75 82
Volta 115: 15 75
Volta 116: 15 75

Ranqueamento Final:
1: Ciclista 75 - 11176.74 segundos
2: Ciclista 15 - 11175.30 segundos
3: Ciclista 82 - 11026.98 segundos
4: Ciclista 30 - 10950.66 segundos
5: Ciclista 6 - 10800.18 segundos
6: Ciclista 77 - 10576.86 segundos
7: Ciclista 81 - 10426.98 segundos
8: Ciclista 14 - 10275.30 segundos
9: Ciclista 51 - 10051.26 segundos
10: Ciclista 76 - 9901.86 segundos
11: Ciclista 42 - 9751.02 segundos
12: Ciclista 40 - 9600.90 segundos
13: Ciclista 68 - 9376.62 segundos
14: Ciclista 38 - 9225.90 segundos
15: Ciclista 94 - 9002.22 segundos
16: Ciclista 48 - 8851.14 segundos
17: Ciclista 55 - 8626.26 segundos
18: Ciclista 59 - 8401.38 segundos
19: Ciclista 45 - 8251.02 segundos
20: Ciclista 41 - 8101.02 segundos
21: Ciclista 37 - 7950.90 segundos
22: Ciclista 58 - 7726.38 segundos
23: Ciclista 67 - 7501.62 segundos
24: Ciclista 11 - 7350.30 segundos
25: Ciclista 39 - 7125.90 segundos
26: Ciclista 66 - 6901.62 segundos
27: Ciclista 43 - 6751.02 segundos
28: Ciclista 2 - 6675.06 segundos
29: Ciclista 92 - 6377.22 segundos
30: Ciclista 47 - 6226.14 segundos
31: Ciclista 26 - 6075.66 segundos
32: Ciclista 98 - 5777.34 segundos
33: Ciclista 63 - 5627.22 segundos
34: Ciclista 9 - 5475.18 segundos
35: Ciclista 71 - 5251.74 segundos
36: Ciclista 83 - 5026.98 segundos
37: Ciclista 19 - 4875.42 segundos
38: Ciclista 44 - 4651.02 segundos
39: Ciclista 79 - 4501.86 segundos
40: Ciclista 22 - 4275.54 segundos
41: Ciclista 61 - 4051.50 segundos
42: Ciclista 27 - 3900.66 segundos
43: Ciclista 89 - 3602.10 segundos
44: Ciclista 53 - 3451.26 segundos
45: Ciclista 96 - 3227.34 segundos
46: Ciclista 18 - 3075.42 segundos
47: Ciclista 25 - 2850.54 segundos
48: Ciclista 46 - 2626.14 segundos
49: Ciclista 28 - 2475.66 segundos
50: Ciclista 31 - 2250.78 segundos
51: Ciclista 36 - 2025.90 segundos
52: Ciclista 85 - 1801.98 segundos
53: Ciclista 90 - 1577.10 segundos
54: Ciclista 33 - 1425.78 segundos
55: Ciclista 35 - 1200.78 segundos
56: Ciclista 64 - 976.50 segundos
57: Ciclista 100 - 752.34 segundos
58: Ciclista 73 - 601.74 segundos
59: Ciclista 87 - 302.10 segundos

Ciclista 1 quebrou na volta 24 - 2250.00 segundos
Ciclista 3 quebrou na volta 48 - 4725.00 segundos
Ciclista 4 quebrou na volta 6 - 750.00 segundos
Ciclista 5 quebrou na volta 30 - 3150.00 segundos
Ciclista 7 quebrou na volta 54 - 5250.12 segundos
Ciclista 8 quebrou na volta 48 - 5025.12 segundos
Ciclista 10 quebrou na volta 42 - 4200.12 segundos
Ciclista 12 quebrou na volta 12 - 1125.24 segundos
Ciclista 13 quebrou na volta 12 - 1200.24 segundos
Ciclista 16 quebrou na volta 66 - 6600.36 segundos
Ciclista 17 quebrou na volta 24 - 2400.36 segundos
Ciclista 20 quebrou na volta 54 - 5325.36 segundos
Ciclista 21 quebrou na volta 84 - 8325.48 segundos
Ciclista 23 quebrou na volta 48 - 4800.48 segundos
Ciclista 24 quebrou na volta 48 - 4875.48 segundos
Ciclista 29 quebrou na volta 42 - 4200.60 segundos
Ciclista 32 quebrou na volta 96 - 9450.72 segundos
Ciclista 34 quebrou na volta 6 - 675.72 segundos
Ciclista 49 quebrou na volta 54 - 5326.08 segundos
Ciclista 50 quebrou na volta 42 - 4201.08 segundos
Ciclista 52 quebrou na volta 24 - 2401.20 segundos
Ciclista 54 quebrou na volta 6 - 601.20 segundos
Ciclista 56 quebrou na volta 54 - 5476.32 segundos
Ciclista 57 quebrou na volta 60 - 5926.32 segundos
Ciclista 60 quebrou na volta 42 - 4201.32 segundos
Ciclista 62 quebrou na volta 48 - 4651.44 segundos
Ciclista 65 quebrou na volta 30 - 3076.44 segundos
Ciclista 69 quebrou na volta 30 - 3076.56 segundos
Ciclista 70 quebrou na volta 78 - 7576.56 segundos
Ciclista 72 quebrou na volta 78 - 7726.68 segundos
Ciclista 74 quebrou na volta 6 - 751.68 segundos
Ciclista 78 quebrou na volta 66 - 6526.80 segundos
Ciclista 80 quebrou na volta 12 - 1126.80 segundos
Ciclista 84 quebrou na volta 48 - 4801.92 segundos
Ciclista 86 quebrou na volta 36 - 3677.04 segundos
Ciclista 88 quebrou na volta 72 - 6977.04 segundos
Ciclista 91 quebrou na volta 54 - 5627.16 segundos
Ciclista 93 quebrou na volta 78 - 7577.16 segundos
Ciclista 95 quebrou na volta 30 - 2852.16 segundos
Ciclista 97 quebrou na volta 24 - 2252.28 segundos
Ciclista 99 quebrou na volta 54 - 5402.28 segundos
