Volta 1: 2 5 3 1 4 6 9 10 7 8 11 13 14 12 15 18 17 19 20 16 22 24 21 23 25 30 29 28 27 26 33 32 35 34 31 39 40 36 37 38 42 44 41 45 43 48 46 49 47 50 54 55 53 51 52 59 58 56 60 57 63 64 61 65 62 67 68 70 69 66 71 73 72 75 74 79 76 78 80 77 83 84 85 82 81 87 89 86 88 90 95 91 92 93 94 100 98 99 96 97
Volta 2: 5 1 8 6 10 9 13 14 19 20 16 23 24 21 22 27 26 28 30 29 31 32 34 37 39 36 38 42 43 41 45 49 46 47 50 53 54 52 51 55 59 60 58 57 65 63 64 61 62 68 66 69 67 73 72 71 74 75 76 78 77 80 79 85 81 84 82 87 90 88 89 86 94 92 93 97 100 98 99 96 2 4 3 7 11 12 15 18 17 25 33 35 40 44 48 56 70 83 91 95
Volta 3: 5 6 10 8 14 20 23 22 21 24 29 28 34 32 37 39 38 36 42 45 49 50 55 52 59 60 58 62 65 61 63 68 66 73 72 71 75 74 79 78 80 77 85 81 90 86 88 89 94 93 92 98 1 3 2 7 9 13 15 11 12 19 16 17 25 30 26 27 35 33 31 40 43 44 41 48 47 46 54 53 51 56 57 64 67 70 69 76 83 82 84 87 91 97 99 100 96 4 18
Volta 4: 5 8 10 14 20 21 23 22 24 28 29 32 34 36 38 39 37 42 49 52 55 59 60 58 62 63 65 61 66 75 74 71 80 79 77 78 81 89 90 88 94 93 92 1 2 3 7 6 15 13 12 11 17 19 16 30 27 26 40 43 45 41 50 47 46 48 53 54 51 57 64 68 69 73 72 76 85 82 83 84 86 87 91 97 99 96 98 100 4 9 18 25 31 33 35 44 56 70 67
Volta 5: 10 14 21 22 24 37 39 38 36 42 55 59 60 58 63 66 74 71 75 78 77 81 3 5 6 8 15 11 12 20 16 23 28 29 26 34 32 43 41 47 49 50 52 54 57 65 62 64 61 73 72 80 79 76 85 87 89 86 88 90 93 94 92 100 99 4 2 1 9 7 13 18 19 17 25 27 30 33 31 35 40 44 45 48 46 51 53 56 70 68 69 84 83 82 91 96 97 98
Volta 6: 14 22 21 37 39 38 60 59 58 66 75 71 74 81 5 6 8 10 16 20 24 23 26 29 34 32 36 42 41 43 49 55 52 57 62 63 65 61 72 79 80 76 77 78 85 90 89 88 87 92 94 93 100 2 4 3 1 7 11 12 15 19 17 25 30 27 28 31 45 44 50 46 47 48 54 51 53 56 64 69 73 83 84 82 86 91 97 98 99 96 9 13 18 33 35 70
Volta 7: 14 21 60 59 58 74 75 5 8 10 20 24 22 23 29 34 32 38 37 39 42 41 43 49 55 52 57 65 63 62 61 66 71 76 80 77 79 81 88 90 94 1 3 4 2 6 7 12 15 11 16 19 17 26 28 30 36 48 46 54 51 53 64 69 72 78 85 86 89 87 93 92 97 100 96 98 99 9 13 25 27 35 31 44 45 50 47 56 73 83 82 84 91 18 33
Volta 8: 14 21 59 58 75 74 5 10 20 23 24 29 32 34 39 38 37 43 49 52 60 57 61 62 71 76 81 90 88 94 4 2 3 1 8 6 7 12 11 17 16 22 30 42 41 48 54 55 65 63 66 72 77 78 80 79 85 89 87 93 92 96 98 99 97 100 13 15 19 25 28 26 27 31 36 45 44 50 46 47 53 51 56 64 69 84 82 83 86 9 18 33 35 73 91
Volta 9: 14 58 10 20 21 23 34 38 39 43 49 59 60 57 61 62 75 74 5 3 1 8 6 12 17 16 24 22 30 29 32 37 41 42 48 54 52 63 65 66 71 80 78 79 76 77 81 88 89 87 90 94 92 100 96 4 2 7 11 15 26 27 36 47 50 51 53 55 56 64 69 72 83 85 86 93 99 98 97 13 19 18 25 28 35 31 45 44 46 82 84 9 33 73
Volta 10: 14 20 23 34 39 49 60 57 59 58 61 74 5 3 1 8 6 10 21 24 37 38 43 42 48 52 62 75 71 76 78 81 87 89 88 94 100 4 2 7 11 12 15 17 16 22 30 29 32 41 47 50 54 55 53 65 63 66 72 79 77 80 85 90 93 92 96 97 98 19 18 25 28 27 26 35 36 44 45 46 51 56 64 69 83 82 84 86 99 9 13 31 33 73
Volta 11: 14 39 58 74 1 10 20 23 24 21 34 37 38 49 48 59 57 60 62 61 75 81 87 88 89 4 5 3 6 8 17 22 30 29 32 41 43 42 47 55 52 53 54 65 63 71 77 76 78 85 94 92 96 100 2 7 15 12 11 16 19 25 27 26 28 36 44 50 51 69 66 72 79 80 82 83 90 93 97 98 99 13 18 35 33 45 46 56 64 84 86 9 31
Volta 12: 14 39 74 1 10 20 23 24 34 38 48 49 58 57 59 62 75 87 88 3 6 22 21 29 42 43 41 47 53 52 54 60 76 77 81 89 94 96 100 2 4 7 12 15 11 16 19 17 25 28 30 26 32 36 44 50 55 65 63 69 72 71 80 79 78 82 85 83 92 93 97 99 18 27 35 33 45 46 51 66 84 86 90 9 13 31 56 64
Volta 13: 14 1 10 23 39 38 49 48 59 57 62 74 75 20 21 24 29 34 43 41 53 52 54 58 60 77 76 89 88 87 94 100 4 3 6 15 11 19 17 25 22 30 26 28 32 36 42 47 55 65 72 71 81 83 92 99 96 97 2 7 12 18 16 27 35 44 46 50 51 63 66 69 80 78 79 85 82 84 90 93 13 33 31 45 56 86 9
Volta 14: 10 14 23 39 48 57 59 62 1 20 24 21 34 38 49 60 75 74 76 77 87 89 88 100 4 3 6 11 15 19 25 22 30 29 26 32 36 41 42 43 47 52 53 55 54 58 65 81 94 97 96 99 7 12 17 18 16 28 27 44 50 46 63 71 72 78 80 79 85 84 83 93 92 2 35 33 45 51 56 69 66 82 86 90 9 13 31
Volta 15: 10 39 48 57 62 1 14 20 21 23 34 38 49 59 75 74 88 100 4 15 19 22 25 24 29 26 30 32 36 43 41 42 47 52 54 58 60 76 77 81 89 87 94 99 97 3 6 7 11 12 16 18 27 28 44 46 53 55 63 65 71 72 80 78 79 85 84 92 96 2 17 33 35 50 56 66 69 83 82 90 93 9 13 45 51 86
Volta 16: 10 39 57 1 14 20 21 23 34 48 49 59 62 74 100 4 15 24 29 38 36 42 41 43 54 52 75 76 77 88 97 99 3 11 19 18 25 22 26 27 28 30 32 44 47 46 53 60 58 65 72 71 80 81 85 84 89 87 94 96 2 6 7 12 17 16 35 33 50 55 56 63 79 78 90 92 93 9 13 51 66 69 83 82 45 86
Volta 17: 39 1 10 14 20 23 34 57 62 74 100 4 24 21 38 36 41 48 49 54 52 59 77 88 97 3 11 15 19 18 22 30 26 27 29 32 42 43 46 47 60 58 65 71 75 72 80 76 85 81 84 87 89 96 99 6 7 12 16 17 25 28 33 44 50 53 55 56 63 78 79 92 93 94 2 9 35 51 66 69 82 83 90 13 45
Volta 18: 39 1 10 14 23 62 74 4 20 34 36 41 49 52 57 59 88 97 15 11 22 21 24 27 26 29 30 38 42 48 46 54 58 65 71 76 77 80 81 89 96 99 3 7 6 18 25 28 32 43 44 50 47 55 60 75 78 84 85 87 92 94 9 12 17 16 33 35 53 51 56 63 66 79 82 93 2 13 69 83 90 45
Volta 19: 39 1 10 4 14 20 23 34 36 41 52 59 62 74 88 15 11 24 22 30 26 46 49 54 57 65 71 76 80 81 89 96 97 3 7 18 21 29 27 32 38 43 42 44 48 50 47 55 60 58 75 78 77 87 92 99 6 9 12 16 17 25 28 33 53 56 63 66 79 84 82 85 93 94 2 13 35 51 69 83 90
Volta 20: 39 1 10 14 20 23 34 52 74 88 4 24 26 36 41 49 54 59 62 65 71 80 76 89 97 3 7 15 11 18 22 21 30 29 32 42 43 47 50 46 48 57 58 77 81 99 96 6 9 12 17 16 25 28 27 33 38 44 55 56 60 66 75 79 78 85 84 87 92 94 93 2 35 53 51 63 69 83 82 90 13
Volta 21: 1 10 39 20 34 88 4 14 23 26 36 41 54 52 59 62 65 74 76 80 97 3 11 15 22 24 30 32 42 43 49 46 48 47 57 58 71 77 81 89 99 96 7 6 12 18 17 21 25 29 27 44 50 55 60 56 75 78 79 87 9 16 28 35 33 38 53 63 66 85 82 84 90 92 93 94 2 51 69 83
Volta 22: 10 39 1 34 4 14 20 23 26 52 59 74 76 80 88 3 15 11 22 32 36 42 41 49 46 48 54 58 57 65 62 71 81 89 97 99 12 21 24 27 29 30 44 43 50 47 75 78 77 96 7 9 6 17 18 16 25 28 33 38 55 53 60 56 63 66 79 84 85 90 87 92 94 35 51 69 82 93 2 83
Volta 23: 10 39 1 34 23 59 74 76 88 3 4 15 14 20 22 26 32 36 46 48 54 52 65 80 81 89 99 11 24 29 30 27 44 41 42 49 50 47 57 58 62 75 71 77 96 97 12 16 17 18 21 43 55 53 56 60 63 66 78 79 85 84 90 92 94 6 7 9 25 28 35 33 38 69 82 87 93 2 51
Volta 24: 10 1 34 39 23 74 76 4 15 20 22 26 32 36 48 46 52 54 59 80 81 89 88 99 3 11 14 24 29 44 42 58 65 71 75 77 12 17 18 21 27 41 47 50 53 55 60 57 62 79 85 92 97 9 7 16 28 33 56 63 66 69 78 84 82 87 90 94 93 6 25 35 38 51 2
Volta 25: 1 10 39 34 74 76 15 23 22 26 32 36 88 99 4 3 14 20 48 46 52 54 59 65 77 80 81 89 11 12 18 21 24 29 27 44 42 41 50 47 53 55 57 58 75 71 79 85 7 9 16 17 28 56 60 63 62 69 78 84 82 90 87 92 93 94 97 6 25 33 51 66 35 38
Volta 26: 10 1 34 39 74 76 22 32 99 4 15 14 20 23 26 36 46 48 54 52 59 80 81 88 89 3 12 18 21 24 44 42 50 53 58 57 65 71 79 77 85 7 11 17 16 27 29 41 47 55 60 63 75 78 84 90 94 92 97 6 9 25 28 33 51 56 62 66 69 82 87 93 35 38
Volta 27: 10 1 34 39 74 76 32 99 15 23 22 26 36 48 54 59 80 89 88 3 4 12 14 20 18 21 44 50 46 53 52 58 65 71 79 77 85 81 16 17 24 27 29 41 42 47 55 57 60 75 90 94 92 9 6 7 11 28 33 56 63 69 78 84 82 87 93 97 25 51 62 66 35
Volta 28: 10 39 76 1 34 32 74 15 22 23 26 36 48 59 80 88 99 4 12 14 18 21 46 50 52 54 53 58 71 77 79 85 81 89 3 20 17 16 27 41 44 42 55 60 65 75 90 94 92 6 11 24 29 47 56 57 63 69 84 87 93 97 7 9 25 28 33 51 62 66 78 82 35
Volta 29: 10 39 1 32 34 74 76 15 22 26 48 59 99 12 14 21 23 36 52 54 71 79 77 80 85 88 4 3 20 16 18 17 27 41 50 46 53 58 65 75 81 89 90 24 29 44 42 47 55 60 57 87 93 94 92 97 6 9 7 11 28 51 56 62 63 69 66 78 84 82 25 33
Volta 30: 10 39 76 1 15 26 34 32 59 74 14 12 21 22 36 48 54 52 71 80 85 88 99 3 4 18 17 23 27 46 50 53 58 75 79 77 81 89 16 20 29 42 44 47 60 57 90 92 94 9 24 28 55 63 69 84 87 93 97 6 7 11 33 62 78
Volta 31: 39 1 10 26 34 32 74 76 15 12 22 21 36 48 52 59 85 88 99 4 3 14 17 23 27 54 58 71 79 80 81 89 18 20 29 44 46 50 53 60 75 77 94 16 28 42 47 57 63 69 84 87 90 92 97 6 9 7 24 33 55 93 11 62
Volta 32: 39 1 26 76 10 12 15 22 21 32 34 36 52 74 85 88 99 4 3 14 48 54 59 71 79 81 17 20 18 23 27 29 44 46 50 53 60 58 75 80 77 89 94 16 42 47 63 84 87 90 92 97 6 7 9 28 55 57 69 93 11 24 33 62
Volta 33: 39 1 10 12 22 21 26 34 36 52 74 76 88 3 14 15 32 59 79 85 81 99 4 17 23 27 46 48 54 53 58 71 77 89 94 20 16 18 29 42 44 50 47 60 63 75 80 87 7 6 28 57 84 90 93 92 97 9 11 24 33 55 69
Volta 34: 39 1 12 21 26 34 76 3 10 14 22 36 52 59 74 85 88 4 15 32 54 71 79 81 89 99 18 16 20 17 23 27 29 42 44 48 46 53 60 58 63 75 77 80 94 7 6 47 50 84 87 92 97 9 11 28 55 57 69 90 93 24 33
Volta 35: 39 1 21 34 3 10 12 22 26 36 52 76 88 4 14 15 32 54 59 74 71 79 85 81 99 16 18 17 20 23 27 42 46 53 58 60 63 80 77 89 94 7 29 44 48 47 50 75 84 87 92 97 9 6 11 28 55 57 69 90 93 24
Volta 36: 39 1 21 34 3 12 26 52 76 88 4 10 15 22 32 36 54 74 79 85 99 14 18 20 17 42 46 53 59 60 71 80 77 81 7 16 23 27 29 44 48 50 58 63 84 87 89 94 6 9 11 47 75 90 93 92 97 28 55 57 69 24
Volta 37: 39 1 12 21 26 34 88 3 4 10 15 22 32 36 52 74 76 79 85 99 20 17 18 42 46 53 54 60 59 71 80 81 7 14 16 23 27 29 58 63 77 84 89 94 9 6 11 44 47 48 50 75 87 92 97 57 69 90 93 28 55
Volta 38: 39 1 12 21 34 4 3 15 22 26 36 52 79 76 88 10 18 17 32 42 46 54 53 59 71 74 80 85 81 99 7 20 16 23 27 60 77 84 89 94 6 9 11 14 29 44 48 50 58 63 87 97 47 57 69 75 90 92 93 28 55
Volta 39: 39 1 12 4 21 26 34 79 76 88 3 10 15 17 22 32 36 46 53 54 52 74 80 85 99 18 20 27 42 60 59 71 77 84 81 89 94 7 11 14 16 23 44 48 50 63 97 9 6 29 47 58 75 90 87 92 28 57 69 93
Volta 40: 39 1 4 12 21 26 34 76 17 22 32 36 46 53 52 74 79 85 88 99 3 10 15 20 27 42 54 60 59 71 80 94 7 14 11 18 16 50 48 77 81 84 89 97 6 9 23 29 44 47 58 63 90 87 92 28 69 75 93 57
Volta 41: 39 1 4 12 21 26 76 17 34 46 53 52 74 79 88 3 15 20 22 27 32 36 54 59 60 80 85 99 10 7 11 14 16 18 42 48 71 81 84 94 97 9 6 50 47 63 77 90 87 89 92 23 29 28 44 58 69 75 93
Volta 42: 39 12 21 26 4 1 17 53 74 79 76 3 20 22 27 32 34 46 52 60 59 80 85 88 99 7 14 11 15 16 18 36 54 71 84 94 97 10 42 47 48 50 63 77 81 89 90 92 9 6 29 44 23 28 58 93 75
Volta 43: 39 21 26 4 1 12 17 53 76 79 20 34 46 52 59 60 74 80 88 3 7 11 18 22 27 32 36 54 71 85 99 97 10 14 15 16 42 47 48 63 77 81 84 90 92 94 9 44 50 89 6 23 28 29 93 58
Volta 44: 39 21 26 1 4 12 76 17 20 34 46 53 52 59 79 80 88 7 11 22 27 36 60 74 71 85 97 99 3 10 14 15 18 32 47 48 54 77 84 81 90 94 9 16 44 42 50 63 89 92 6 29 28 93 23 58
Volta 45: 39 21 26 1 12 76 4 17 34 53 52 59 80 7 20 22 27 36 46 60 74 71 79 88 99 97 3 10 15 11 18 32 47 48 54 77 85 84 14 16 44 42 50 63 81 89 90 92 94 9 93 6 23 28 29
Volta 46: 39 21 1 12 26 76 4 34 52 53 7 17 22 27 46 60 59 74 71 80 88 97 10 11 18 20 32 36 47 54 77 79 85 84 99 3 14 15 16 44 42 50 48 89 90 92 94 9 63 81 93 6 29 28 23
Volta 47: 39 21 12 26 76 4 1 34 52 27 46 53 71 74 80 97 7 17 20 18 22 36 54 59 60 84 88 99 3 10 14 11 16 32 42 48 47 50 79 77 85 89 90 9 15 44 63 81 92 94 29 93 6 28
Volta 48: 39 21 12 26 4 1 52 76 27 97 18 20 17 22 36 46 60 71 74 80 88 99 3 10 7 11 14 16 32 42 47 48 59 77 79 84 85 89 44 50 90 92 9 15 29 63 81 94 93 6 28
Volta 49: 39 21 26 1 4 12 52 27 76 97 36 46 60 74 71 80 99 10 7 18 20 16 17 22 32 42 48 47 79 84 89 88 3 14 11 50 59 77 85 90 92 9 44 63 81 93 6 15 29 94
Volta 50: 39 21 26 52 4 1 12 27 76 97 60 74 7 10 16 20 18 22 32 36 42 48 46 71 79 80 84 89 99 3 14 17 47 59 77 85 90 88 92 9 11 44 50 81 93 15 29 63 94 6
Volta 51: 39 21 26 4 12 27 52 76 97 1 60 74 7 10 16 18 32 36 42 46 71 79 80 84 89 99 17 20 22 48 47 77 90 88 92 3 9 14 11 50 59 81 85 93 29 44 63 15 94
Volta 52: 39 21 26 4 12 27 52 76 1 60 74 97 32 36 46 71 79 80 84 89 99 7 10 17 18 20 16 42 48 47 90 88 92 3 14 11 22 50 59 77 85 9 63 81 93 15 29 44 94
Volta 53: 39 21 4 26 27 52 76 1 12 74 46 60 71 80 79 84 97 10 7 17 20 18 32 36 42 48 47 90 89 99 3 14 16 59 77 85 88 92 9 11 22 50 63 81 15 93 29 44
Volta 54: 39 21 4 27 26 52 1 12 74 60 79 97 7 18 36 42 48 46 71 80 84 89 99 10 16 17 32 47 85 90 88 92 3 11 14 50 59 63 77 9 15 22 81 93 29 44
Volta 55: 39 21 4 1 27 26 52 74 12 60 79 7 42 46 71 80 89 97 99 10 17 18 16 32 36 48 47 84 88 90 92 3 11 14 50 59 77 85 15 22 63 9 29 81 93
Volta 56: 39 21 4 27 52 74 1 12 26 79 42 60 71 80 89 99 97 7 10 32 48 47 46 84 90 92 3 14 16 17 18 36 50 59 77 85 88 11 15 22 63 9 93 29 81
Volta 57: 21 39 52 74 4 1 26 27 12 71 79 7 42 48 60 80 89 92 99 97 3 10 14 17 16 32 46 47 50 59 77 84 88 90 18 22 36 63 85 15 11 93 9 29
Volta 58: 21 39 4 26 52 74 1 12 27 79 7 42 48 60 71 80 92 97 99 3 10 17 16 32 50 46 59 77 84 88 90 89 14 18 36 47 63 85 11 15 22 9 93 29
Volta 59: 21 39 4 52 74 1 12 26 27 42 48 71 79 80 99 97 3 7 16 17 32 50 46 59 60 90 88 89 92 10 14 47 63 77 84 15 11 18 36 85 22 9 93
Volta 60: 21 39 52 74 4 1 26 42 48 71 79 3 7 27 32 46 59 60 80 92 97 99 10 14 16 17 47 50 63 77 84 89 90 88 18 36 15 22 85 9 93
Volta 61: 21 39 52 4 74 1 71 3 27 26 32 42 46 48 60 80 79 92 97 99 7 10 16 17 47 50 59 77 89 90 88 14 18 36 63 84 15 85 9 22
Volta 62: 21 39 52 74 4 3 1 26 42 60 71 80 92 99 10 16 27 32 48 46 47 50 59 79 77 90 97 7 14 18 17 36 63 84 89 88 15 9 22 85
Volta 63: 21 39 52 74 4 1 3 26 42 60 71 92 99 16 27 32 48 46 59 80 79 90 7 10 18 50 47 63 77 84 89 97 15 14 17 36 88 9 22
Volta 64: 21 39 52 4 74 1 42 60 99 3 27 26 46 48 59 71 79 80 90 92 10 16 32 47 50 63 77 84 89 97 7 14 18 17 36 88 15 22 9
Volta 65: 21 39 52 74 4 1 3 26 42 48 60 59 71 80 92 99 10 16 27 32 46 50 47 63 79 77 84 90 97 7 17 89 88 15 14 18 22 36
Volta 66: 21 52 74 4 3 26 42 48 60 59 71 80 99 1 27 46 63 79 84 92 97 10 16 17 32 47 77 88 89 7 36 14 18 22
Volta 67: 21 52 74 3 4 26 60 71 80 99 1 27 42 48 46 59 63 84 92 97 10 16 47 79 77 88 7 17 32 36 89 14 18
Volta 68: 21 52 4 3 74 26 27 42 46 48 59 60 71 80 97 99 1 10 47 63 79 84 88 92 17 16 32 77 7 14 18 36 89
Volta 69: 21 52 3 74 4 27 26 42 48 46 60 71 80 97 99 10 47 59 63 79 84 92 1 16 17 77 88 18 32 36 7 14
Volta 70: 21 52 74 3 4 42 48 71 97 27 26 46 59 60 80 79 84 92 99 1 10 17 47 63 88 16 32 77 7 14 18 36
Volta 71: 21 52 74 4 42 48 97 3 26 27 46 60 71 80 92 99 1 10 17 47 59 63 79 84 16 32 77 88 7 14 18
Volta 72: 21 52 74 48 97 3 27 26 42 71 80 99 46 47 59 79 84 1 17 16 32 63 88 77 7 14 18
Volta 73: 21 52 74 48 97 3 27 42 71 99 26 47 59 80 79 84 16 17 32 46 63 88 1 77 7 14
Volta 74: 21 52 74 27 48 71 97 3 26 42 59 80 79 99 16 17 32 46 47 84 88 1 63 77 7 14
Volta 75: 21 52 74 27 48 71 3 26 42 59 80 79 99 97 16 46 47 84 88 1 17 32 63 77 7
Volta 76: 21 52 74 71 27 42 48 79 97 3 16 26 59 80 84 88 99 17 32 47 46 63 77 1 7
Volta 77: 21 52 74 27 42 48 71 79 3 16 26 59 80 99 97 32 46 47 63 77 84 88 1 17
Volta 78: 74 27 42 71 79 3 26 48 59 80 99 16 32 77 84 88 97 1 17 47 63
Volta 79: 74 71 79 27 26 42 48 80 3 16 32 59 77 88 99 97 1 17 47 84
Volta 80: 74 27 26 42 48 71 79 3 32 77 80 99 1 16 17 47 59 84 88 97
Volta 81: 74 26 42 48 71 79 27 32 77 99 3 16 47 59 80 84 88 1 17
Volta 82: 74 26 71 79 27 42 48 77 3 16 32 47 59 80 84 88 99 1 17
Volta 83: 74 71 79 26 42 48 77 16 27 32 47 80 84 99 3 59 88 1
Volta 84: 74 26 42 71 79 77 27 32 48 47 84 3 16 59 80 88 99 1
Volta 85: 74 26 71 79 42 77 27 32 48 47 59 84 88 99 3 16 80
Volta 86: 74 26 79 71 77 32 42 47 48 59 84 3 16 27 80 88 99
Volta 87: 74 26 71 77 79 32 42 59 3 16 27 48 47 80 84 88
Volta 88: 74 26 79 59 71 77 3 16 32 42 48 47 80 84 27 88
Volta 89: 74 26 79 59 71 77 16 42 47 48 80 3 27 32 84
Volta 90: 74 26 59 77 48 71 3 16 27 32 42 47 80 84
Volta 91: 74 26 59 77 48 71 16 27 32 47 80 3 42
Volta 92: 74 26 77 48 59 71 16 27 32 47 80 3 42
Volta 93: 74 26 48 59 77 71 16 27 32 47 3 80
Volta 94: 74 26 59 77 48 71 16 27 47 3 32 80
Volta 95: 74 26 77 48 59 47 71 3 16 27 32
Volta 96: 74 26 77 59 47 48 71 3 16 27 32
Volta 97: 74 26 77 48 59 71 3 27 47 16
Volta 98: 74 26 77 48 71 3 47 59 16 27
Volta 99: 74 77 26 71 3 48 47 59 16
Volta 100: 74 77 26 3 71 48 47 59 16
Volta 101: 74 77 3 26 71 47 48 59
Volta 102: 3 71 77 59 47 48
Volta 103: 3 77 59 71 47
Volta 104: 3 71 77 47 59
Volta 105: 3 77 71 47
Volta 106: 3 77 71 47
Volta 107: 3 77 71
Volta 108: 3 77 71
Volta 109: 3 77
Volta 110: 3 77

Ranqueamento Final:
1: Ciclista 77 - 2161.86 segundos
2: Ciclista 71 - 2131.74 segundos
3: Ciclista 3 - 2115.06 segundos
4: Ciclista 47 - 2101.14 segundos
5: Ciclista 59 - 2056.38 segundos
6: Ciclista 48 - 2026.14 segundos
7: Ciclista 16 - 1995.42 segundos
8: Ciclista 27 - 1950.66 segundos
9: Ciclista 32 - 1905.78 segundos
10: Ciclista 80 - 1876.86 segundos
11: Ciclista 42 - 1846.02 segundos
12: Ciclista 84 - 1786.98 segundos
13: Ciclista 88 - 1757.10 segundos
14: Ciclista 99 - 1712.34 segundos
15: Ciclista 1 - 1680.06 segundos
16: Ciclista 17 - 1635.42 segundos
17: Ciclista 97 - 1592.34 segundos
18: Ciclista 63 - 1561.50 segundos
19: Ciclista 7 - 1545.18 segundos
20: Ciclista 14 - 1500.30 segundos
21: Ciclista 18 - 1485.42 segundos
22: Ciclista 36 - 1425.90 segundos
23: Ciclista 89 - 1382.10 segundos
24: Ciclista 22 - 1350.54 segundos
25: Ciclista 9 - 1320.18 segundos
26: Ciclista 85 - 1276.98 segundos
27: Ciclista 93 - 1247.22 segundos
28: Ciclista 29 - 1215.66 segundos
29: Ciclista 81 - 1171.98 segundos
30: Ciclista 44 - 1141.02 segundos
31: Ciclista 94 - 1082.22 segundos
32: Ciclista 6 - 1050.18 segundos
33: Ciclista 28 - 1005.66 segundos
34: Ciclista 23 - 975.54 segundos
35: Ciclista 58 - 931.38 segundos
36: Ciclista 75 - 901.74 segundos
37: Ciclista 57 - 856.38 segundos
38: Ciclista 55 - 811.26 segundos
39: Ciclista 24 - 780.54 segundos
40: Ciclista 33 - 735.78 segundos
41: Ciclista 62 - 691.50 segundos
42: Ciclista 78 - 646.86 segundos
43: Ciclista 35 - 615.78 segundos
44: Ciclista 38 - 570.90 segundos
45: Ciclista 2 - 540.06 segundos
46: Ciclista 83 - 496.98 segundos
47: Ciclista 13 - 450.30 segundos
48: Ciclista 45 - 421.02 segundos
49: Ciclista 86 - 377.10 segundos
50: Ciclista 31 - 330.78 segundos
51: Ciclista 64 - 286.50 segundos
52: Ciclista 73 - 241.74 segundos
53: Ciclista 91 - 197.22 segundos
54: Ciclista 70 - 151.62 segundos
55: Ciclista 67 - 106.62 segundos
56: Ciclista 95 - 62.22 segundos

Ciclista 4 quebrou na volta 72 - 1395.00 segundos
Ciclista 5 quebrou na volta 12 - 240.00 segundos
Ciclista 8 quebrou na volta 12 - 240.12 segundos
Ciclista 10 quebrou na volta 72 - 1440.12 segundos
Ciclista 11 quebrou na volta 60 - 1230.24 segundos
Ciclista 12 quebrou na volta 60 - 1170.24 segundos
Ciclista 15 quebrou na volta 66 - 1335.24 segundos
Ciclista 19 quebrou na volta 18 - 360.36 segundos
Ciclista 20 quebrou na volta 54 - 1080.36 segundos
Ciclista 21 quebrou na volta 78 - 1440.48 segundos
Ciclista 25 quebrou na volta 30 - 645.48 segundos
Ciclista 26 quebrou na volta 102 - 2010.60 segundos
Ciclista 30 quebrou na volta 24 - 495.60 segundos
Ciclista 34 quebrou na volta 48 - 915.72 segundos
Ciclista 37 quebrou na volta 12 - 225.84 segundos
Ciclista 39 quebrou na volta 66 - 1215.84 segundos
Ciclista 40 quebrou na volta 6 - 135.84 segundos
Ciclista 41 quebrou na volta 30 - 615.96 segundos
Ciclista 43 quebrou na volta 24 - 495.96 segundos
Ciclista 46 quebrou na volta 78 - 1561.08 segundos
Ciclista 49 quebrou na volta 24 - 481.08 segundos
Ciclista 50 quebrou na volta 66 - 1306.08 segundos
Ciclista 51 quebrou na volta 30 - 631.20 segundos
Ciclista 52 quebrou na volta 78 - 1486.20 segundos
Ciclista 53 quebrou na volta 48 - 946.20 segundos
Ciclista 54 quebrou na volta 48 - 961.20 segundos
Ciclista 56 quebrou na volta 30 - 631.32 segundos
Ciclista 60 quebrou na volta 72 - 1411.32 segundos
Ciclista 61 quebrou na volta 12 - 226.44 segundos
Ciclista 65 quebrou na volta 30 - 616.44 segundos
Ciclista 66 quebrou na volta 30 - 631.56 segundos
Ciclista 68 quebrou na volta 6 - 136.56 segundos
Ciclista 69 quebrou na volta 42 - 886.56 segundos
Ciclista 72 quebrou na volta 18 - 376.68 segundos
Ciclista 74 quebrou na volta 102 - 1906.68 segundos
Ciclista 76 quebrou na volta 54 - 1036.80 segundos
Ciclista 79 quebrou na volta 90 - 1756.80 segundos
Ciclista 82 quebrou na volta 30 - 631.92 segundos
Ciclista 87 quebrou na volta 42 - 857.04 segundos
Ciclista 90 quebrou na volta 66 - 1307.04 segundos
Ciclista 92 quebrou na volta 72 - 1427.16 segundos
Ciclista 96 quebrou na volta 24 - 482.28 segundos
Ciclista 98 quebrou na volta 12 - 257.28 segundos
Ciclista 100 quebrou na volta 18 - 332.28 segundos
