Volta 1: 5 4 3 2 1 8 7 10 6 9 14 11 12 15 13 20 18 16 17 19 25 22 24 23 21 26 30 29 27 28 32 35 34 31 33 40 39 38 37 36 43 41 42 44 45 46 50 49 47 48
Volta 2: 1 5 3 9 10 7 6 8 14 15 11 12 17 18 20 24 21 22 25 23 29 28 31 35 34 33 36 37 41 42 43 44 48 50 46 49 47 4 2 13 19 16 26 30 27 32 38 39 40 45
Volta 3: 1 5 6 8 12 15 14 18 29 28 31 43 41 47 4 3 7 10 9 11 13 19 17 16 20 21 22 23 24 25 27 30 26 32 33 35 34 36 40 37 38 42 44 48 50 49 46 2 39
Volta 4: 1 5 6 8 14 15 18 29 43 41 4 3 10 9 12 11 19 20 17 25 22 24 21 27 30 28 35 31 34 32 33 40 38 36 44 48 50 46 49 47 2 7 13 16 23 26 37 42 39
Volta 5: 1 14 18 29 41 5 4 3 9 8 6 11 15 12 19 22 25 28 27 33 31 34 36 40 38 43 47 2 10 13 20 16 17 24 23 21 30 26 32 35 37 44 42 46 49 50 48 7
Volta 6: 18 29 41 1 4 8 9 6 15 14 12 11 19 22 34 31 33 36 43 47 2 5 3 17 20 21 25 23 24 27 28 26 35 32 38 44 48 49 50 46 10 7 13 16 30 37 42
Volta 7: 18 41 6 8 9 14 15 11 19 22 29 34 31 36 43 47 2 4 3 5 1 12 17 23 26 28 33 38 44 50 48 49 7 13 20 16 25 21 24 27 30 32 35 37 46 10
Volta 8: 41 6 9 11 14 18 29 34 36 4 2 1 8 15 12 19 22 31 38 43 47 49 50 5 3 7 13 20 17 24 23 25 28 27 26 33 35 37 44 46 48 16 21 30 32 10
Volta 9: 6 9 14 18 34 41 1 8 11 15 19 22 29 31 36 43 47 2 4 7 13 12 17 23 25 28 33 38 44 50 48 49 46 3 5 16 20 24 21 26 30 27 35 37 32
Volta 10: 9 6 14 18 41 1 8 15 11 19 22 29 34 31 43 47 4 2 7 13 12 17 25 23 28 38 36 44 50 46 48 5 3 16 20 24 30 26 27 35 33 37 49 21 32
Volta 11: 9 6 14 18 8 11 19 29 34 41 43 47 1 2 4 7 13 15 17 25 22 23 31 36 44 46 5 3 12 24 27 30 28 33 38 48 50 20 16 26 35 37 49 21
Volta 12: 6 9 8 14 18 34 43 1 7 11 15 19 17 22 25 29 31 36 41 46 47 5 4 2 12 13 23 28 27 38 44 48 3 16 24 26 30 33 35 37 50 20 21 49
Volta 13: 6 9 8 14 18 43 1 11 19 17 22 34 31 36 47 4 5 2 7 15 13 25 23 29 28 38 44 41 46 48 3 12 30 27 33 35 37 50 20 16 24 21 26
Volta 14: 6 9 14 18 43 1 8 22 34 47 4 7 11 15 17 19 23 31 36 38 44 41 3 2 5 13 25 29 30 27 28 35 37 48 50 46 12 20 16 24 26 33 21
Volta 15: 6 9 18 43 1 14 22 34 4 8 11 15 19 17 23 31 36 47 7 25 29 30 27 35 38 41 44 46 50 5 2 3 12 13 20 24 28 33 37 48 16 26
Volta 16: 1 6 9 14 18 43 8 15 11 17 19 22 23 34 31 36 47 4 7 25 29 30 38 41 44 46 5 2 12 13 20 24 27 35 33 48 50 3 16 28 26 37
Volta 17: 6 9 14 18 43 1 8 15 19 22 23 31 34 36 4 7 11 17 25 38 44 46 47 2 13 12 20 24 27 30 29 35 41 50 3 5 33 48 16 26 28
Volta 18: 6 8 9 14 15 18 19 22 31 34 43 1 4 7 11 23 25 36 44 46 47 13 17 20 29 27 35 38 41 50 2 3 12 24 30 33 48 5 26 28 16
Volta 19: 8 6 9 14 18 19 22 43 4 1 7 11 15 23 34 31 44 47 13 20 25 29 36 38 41 46 3 2 17 24 30 27 35 50 48 5 12 26 33 28
Volta 20: 8 14 18 19 22 43 4 9 6 11 23 34 1 7 15 20 25 29 31 36 44 41 46 47 3 13 17 30 27 35 38 50 48 2 5 12 24 33 28 26
Volta 21: 19 18 43 4 8 9 6 14 11 22 23 7 20 25 29 34 36 44 1 15 17 27 30 31 38 41 46 47 2 3 13 33 35 48 50 5 12 24 28
Volta 22: 19 18 43 4 8 6 14 22 23 9 11 25 29 34 1 7 20 27 30 31 36 44 41 46 47 3 2 15 13 17 33 35 38 48 50 5 12 24 28
Volta 23: 19 43 18 23 22 4 6 8 9 11 14 25 29 34 1 7 20 30 27 36 44 47 46 2 13 15 17 31 38 41 50 48 5 3 24 35 33 12
Volta 24: 43 18 23 8 14 11 29 1 4 7 20 25 30 34 36 47 46 2 15 27 31 38 44 50 48 5 3 13 17 35 33 41 12 24
Volta 25: 43 23 8 11 14 18 4 20 25 30 29 34 36 46 2 1 7 27 44 50 47 3 5 13 15 17 31 33 38 41 48 12 35
Volta 26: 43 11 18 23 8 14 20 25 29 34 36 4 1 7 30 27 46 50 47 3 2 15 17 31 33 38 44 48 5 13 12 41 35
Volta 27: 43 11 18 23 8 14 20 25 29 36 4 7 30 34 47 1 17 27 31 38 44 46 48 50 3 2 5 12 15 33 13 41
Volta 28: 11 18 43 8 14 23 25 29 36 4 7 20 34 1 17 30 27 31 50 47 48 3 2 15 38 44 46 5 12 13 33 41
Volta 29: 11 18 43 8 23 25 4 7 14 20 29 36 17 30 31 34 47 50 1 2 15 27 38 44 46 48 5 3 33 12 13
Volta 30: 43 11 18 25 8 7 14 20 23 29 4 17 30 31 34 36 1 15 27 38 50 48 46 47 5 3 33 44 13 12
Volta 31: 43 11 18 8 14 25 23 29 4 7 20 31 36 15 17 30 34 48 50 1 3 5 27 33 38 44 46 47 13
Volta 32: 43 11 18 8 25 29 7 14 20 23 31 36 4 15 17 30 48 50 5 1 3 27 34 33 38 44 47 46 13
Volta 33: 11 18 43 8 25 29 7 14 23 31 4 15 20 30 36 50 1 17 34 38 44 46 48 47 5 3 27 33
Volta 34: 18 8 11 25 43 7 14 23 29 31 4 15 30 36 1 20 34 47 50 3 17 27 33 38 44 46 48 5
Volta 35: 18 11 25 43 8 23 29 31 4 7 14 15 30 1 20 36 47 50 3 17 34 33 38 44 48 27 46
Volta 36: 18 11 8 23 43 4 29 31 7 15 30 36 50 1 3 20 34 38 44 47 17 27 33 48 46
Volta 37: 11 18 43 8 23 29 31 4 7 30 50 1 15 20 34 36 38 44 47 3 17 27 33 48
Volta 38: 11 18 43 8 29 31 4 23 30 50 7 15 20 36 38 47 1 3 17 27 34 33 44 48
Volta 39: 18 11 31 43 8 30 29 4 7 15 20 23 47 50 3 33 38 36 44 1 17 27 34
Volta 40: 18 11 43 8 29 30 31 4 7 15 20 23 50 3 33 38 47 1 17 27 34 36 44
Volta 41: 18 11 43 30 29 31 8 7 15 4 20 23 50 1 3 17 27 33 34 36 38 47
Volta 42: 11 43 31 7 29 30 4 8 15 23 3 20 17 27 33 38 36 50 47 1 34
Volta 43: 11 43 31 7 30 29 8 15 23 4 3 17 20 33 1 27 38 36 47 50
Volta 44: 11 31 43 29 8 7 15 30 4 17 23 3 20 33 47 1 27 38 36 50
Volta 45: 11 31 43 29 8 7 15 30 23 4 3 17 33 1 20 27 36 38 47
Volta 46: 31 43 11 8 29 7 15 23 30 4 17 33 3 1 20 27 38 36 47
Volta 47: 31 43 11 8 29 7 15 30 4 23 1 3 17 20 27 33 38 36
Volta 48: 31 11 43 8 29 15 4 7 23 30 1 3 17 33 20 27 36 38
Volta 49: 11 31 43 29 8 15 7 23 30 3 1 4 17 33 20 27 36
Volta 50: 31 11 29 43 8 15 7 23 30 17 33 4 3 1 27 36 20
Volta 51: 31 43 15 11 29 8 7 17 23 30 3 33 4 1 27 36
Volta 52: 31 43 11 29 8 15 7 30 3 17 23 33 1 4 27 36
Volta 53: 31 11 29 43 15 8 30 3 7 17 33 4 23 1 27
Volta 54: 31 11 29 43 15 30 3 7 17 33 4 1 23 27
Volta 55: 11 29 31 43 15 30 3 33 4 7 17 1 23
Volta 56: 29 31 11 15 43 3 30 17 33 4 7 1 23
Volta 57: 29 11 31 43 3 15 30 33 7 17 1 4
Volta 58: 29 11 31 3 15 43 30 33 4 7 17 1
Volta 59: 29 31 11 15 43 3 30 33 4 7 17
Volta 60: 29 31 15 11 43 30 3 17 33 4 7
Volta 61: 29 31 15 11 30 43 3 17 33 4
Volta 62: 29 31 11 15 30 43 3 17 33 4
Volta 63: 29 31 15 43 3 11 30 17 33
Volta 64: 29 31 15 3 30 43 11 17 33
Volta 65: 29 31 15 3 30 43 11 17
Volta 66: 29 31 3 15 30 11 43 17
Volta 67: 29 31 15 3 30 43 11
Volta 68: 29 31 15 3 30 11 43
Volta 69: 29 31 15 3 30 11
Volta 70: 29 31 15 3 30 11
Volta 71: 29 31 15 3 30
Volta 72: 29 31 3 15 30
Volta 73: 29 31 15 3
Volta 74: 29 31 15 3
Volta 75: 29 31 15
Volta 76: 29 31 15
Volta 77: 31 29
Volta 78: 31 29

Ranqueamento Final:
1: Ciclista 29 - 1485.66 segundos
2: Ciclista 31 - 1470.78 segundos
3: Ciclista 15 - 1455.30 segundos
4: Ciclista 3 - 1440.06 segundos
5: Ciclista 30 - 1425.66 segundos
6: Ciclista 11 - 1395.30 segundos
7: Ciclista 43 - 1351.02 segundos
8: Ciclista 17 - 1335.42 segundos
9: Ciclista 33 - 1305.78 segundos
10: Ciclista 4 - 1275.06 segundos
11: Ciclista 7 - 1230.18 segundos
12: Ciclista 1 - 1200.06 segundos
13: Ciclista 23 - 1155.54 segundos
14: Ciclista 27 - 1110.66 segundos
15: Ciclista 36 - 1065.90 segundos
16: Ciclista 20 - 1035.42 segundos
17: Ciclista 38 - 990.90 segundos
18: Ciclista 47 - 961.14 segundos
19: Ciclista 50 - 916.14 segundos
20: Ciclista 34 - 870.78 segundos
21: Ciclista 44 - 826.02 segundos
22: Ciclista 48 - 781.14 segundos
23: Ciclista 46 - 766.14 segundos
24: Ciclista 5 - 720.06 segundos
25: Ciclista 13 - 675.30 segundos
26: Ciclista 12 - 660.30 segundos
27: Ciclista 41 - 601.02 segundos
28: Ciclista 35 - 570.78 segundos
29: Ciclista 24 - 525.54 segundos
30: Ciclista 28 - 480.66 segundos
31: Ciclista 26 - 450.66 segundos
32: Ciclista 16 - 420.42 segundos
33: Ciclista 37 - 360.90 segundos
34: Ciclista 21 - 330.54 segundos
35: Ciclista 49 - 286.14 segundos
36: Ciclista 32 - 240.78 segundos
37: Ciclista 10 - 210.18 segundos
38: Ciclista 42 - 151.02 segundos
39: Ciclista 39 - 120.90 segundos
40: Ciclista 45 - 61.02 segundos

Ciclista 2 quebrou na volta 30 - 630.00 segundos
Ciclista 6 quebrou na volta 24 - 480.12 segundos
Ciclista 8 quebrou na volta 54 - 1065.12 segundos
Ciclista 9 quebrou na volta 24 - 480.12 segundos
Ciclista 14 quebrou na volta 36 - 720.24 segundos
Ciclista 18 quebrou na volta 42 - 780.36 segundos
Ciclista 19 quebrou na volta 24 - 435.36 segundos
Ciclista 22 quebrou na volta 24 - 465.48 segundos
Ciclista 25 quebrou na volta 36 - 675.48 segundos
Ciclista 40 quebrou na volta 6 - 135.84 segundos
