Volta 1: 2 5 3 1 4 6 9 10 7 8 11 13 14 12 15 18 17 19 20 16 22 24 21 23 25 30 29 28 27 26 33 32 35 34 31 39 40 36 37 38 42 44 41 45 43 48 46 49 47 50 54 55 53 51 52 59 58 56 60 57 63 64 61 65 62 67 68 70 69 66 71 73 72 75 74 79 76 78 80 77 83 84 85 82 81 87 89 86 88 90 95 91 92 93 94 100 98 99 96 97
Volta 2: 3 1 8 7 10 9 15 12 19 20 16 24 21 25 22 27 26 28 30 29 32 35 33 40 39 36 38 42 43 41 44 49 46 47 48 53 54 52 51 55 60 58 57 56 65 63 64 61 62 68 69 70 67 73 72 71 74 75 76 78 77 80 79 83 85 81 82 87 90 88 89 86 94 91 93 97 100 98 99 96 2 5 4 6 11 14 13 18 17 23 31 34 37 45 50 59 66 84 95 92
Volta 3: 3 7 10 8 12 20 22 21 24 25 29 27 35 32 39 38 36 40 43 41 48 47 51 54 56 60 57 65 61 64 63 68 69 73 72 71 75 74 79 78 80 77 83 85 87 86 88 89 91 94 93 99 2 1 6 9 13 11 15 14 19 18 16 23 28 30 26 34 33 37 42 45 44 46 49 53 55 52 58 59 62 70 67 66 76 81 84 82 90 95 97 98 96 100 4 5 17 31 50
Volta 4: 7 10 20 21 24 25 22 27 29 35 32 36 40 38 41 47 54 51 56 60 57 64 65 61 63 68 69 74 71 72 78 79 80 77 89 87 86 91 93 94 3 1 2 9 6 8 14 13 15 11 12 18 19 16 23 30 28 33 39 37 43 42 45 49 48 46 52 55 59 58 62 75 73 76 82 85 83 84 81 90 88 95 100 96 98 99 4 5 17 26 31 34 44 50 53 67 66 70 97
Volta 5: 10 22 29 27 32 38 41 47 51 60 57 65 61 64 69 68 74 80 86 91 94 93 6 7 8 15 12 14 11 20 18 16 19 24 23 25 21 28 30 35 33 39 37 40 36 45 42 48 54 59 56 58 62 63 73 72 71 79 78 76 77 81 83 85 87 89 96 100 2 4 3 1 9 13 17 26 34 31 44 43 46 49 52 55 53 70 67 75 84 82 88 90 95 99 98 5 50 66
Volta 6: 10 22 38 41 60 57 61 69 80 91 8 7 6 11 12 16 20 19 18 25 24 21 29 27 28 35 32 33 36 40 39 37 47 54 51 56 59 58 65 63 68 74 71 76 78 79 81 83 86 89 87 93 100 4 3 2 1 9 14 13 15 26 30 34 43 45 42 48 46 49 53 55 52 62 70 72 75 73 77 84 82 85 88 95 96 98 99 17 44 50 67 66 5
Volta 7: 10 22 38 41 60 57 91 6 12 18 21 25 24 29 27 28 32 35 36 37 39 47 51 54 58 61 65 69 68 74 71 76 79 78 80 81 83 86 87 93 4 3 9 7 8 13 11 14 15 20 19 16 30 33 40 43 45 48 49 52 53 55 59 56 62 63 72 73 77 85 82 89 88 95 100 98 2 1 17 26 34 44 42 50 46 67 70 66 75 84 99 96
Volta 8: 10 38 41 57 60 12 18 22 27 29 28 35 54 68 69 74 79 80 78 81 86 91 4 6 8 11 15 14 19 20 24 25 21 33 32 40 36 39 37 45 43 47 55 51 56 59 58 61 65 63 71 76 82 83 89 88 87 93 100 98 1 3 2 9 7 13 16 26 30 34 42 44 46 49 48 52 53 62 66 67 70 72 75 73 77 84 85 95 96 99 17 50
Volta 9: 10 38 60 57 18 22 35 41 68 74 80 78 86 91 4 6 12 14 15 11 20 19 24 21 25 27 29 28 32 37 40 36 39 47 54 55 51 58 56 65 63 61 69 71 76 79 81 83 87 93 98 3 2 1 7 9 8 13 16 30 33 34 43 45 42 48 46 52 59 62 70 82 85 84 88 89 95 99 100 17 26 44 49 53 66 67 75 72 73 77 96
Volta 10: 10 18 22 35 38 41 60 57 68 78 80 86 4 6 14 11 12 20 19 25 21 29 27 32 40 37 39 36 47 54 51 56 63 61 65 69 71 74 79 76 87 91 2 3 1 9 7 8 15 13 16 24 28 33 34 43 48 46 55 58 59 62 81 85 82 83 89 88 93 95 99 100 98 30 26 42 45 44 49 52 53 67 66 70 72 73 75 77 84 96 17
Volta 11: 10 18 22 38 60 57 68 78 80 86 6 11 21 27 35 40 36 41 47 54 51 61 63 65 69 74 79 76 87 91 2 1 4 9 8 15 14 12 20 19 24 25 29 28 34 32 37 39 46 48 55 56 62 71 85 93 95 98 3 7 13 16 26 33 43 42 44 45 52 59 58 70 67 66 72 81 83 84 82 88 89 99 100 30 49 53 75 73 77 96
Volta 12: 10 60 68 78 86 11 18 22 36 38 41 54 63 61 65 76 80 79 87 91 4 2 8 9 14 19 25 21 27 29 32 35 34 37 40 39 47 46 51 56 62 71 85 93 98 3 7 13 15 20 16 24 28 33 43 42 48 55 59 58 66 72 81 84 83 82 89 95 99 100 30 26 45 53 52 70 67 73 75 77 88 49 96
Volta 13: 10 60 68 78 86 11 18 22 36 38 61 63 65 80 79 4 14 25 21 27 35 37 40 41 46 47 54 56 62 71 76 85 87 91 98 2 8 9 7 15 19 20 24 28 29 33 34 32 39 42 43 48 51 55 59 58 66 72 84 82 81 95 93 100 99 3 13 16 26 30 45 53 52 67 70 75 83 89 88 49 73 77
Volta 14: 10 60 68 11 18 22 38 36 80 78 86 4 14 27 40 41 46 54 56 61 65 63 62 71 79 76 91 98 2 8 9 15 25 21 24 28 34 35 32 39 37 42 47 55 51 59 58 85 81 84 87 93 3 7 13 19 20 16 29 30 33 43 45 48 53 52 66 70 67 72 75 82 89 95 99 100 26 49 73 77 83 88
Volta 15: 60 68 10 11 22 36 38 78 86 14 18 27 40 41 54 65 61 62 63 76 80 79 91 98 4 2 15 24 25 34 35 32 37 46 47 51 56 59 71 84 81 85 87 93 9 8 7 19 20 21 28 29 30 33 39 42 43 48 52 55 58 70 67 66 72 75 82 89 95 100 3 13 16 26 45 53 73 77 99 49 83
Volta 16: 60 68 10 11 22 36 78 14 27 38 65 63 61 79 76 80 86 91 98 4 2 18 25 35 32 34 37 40 41 46 51 54 56 62 71 85 81 87 93 9 8 7 15 20 19 21 24 28 29 33 39 43 42 48 47 59 58 67 66 75 72 84 100 3 13 16 30 26 53 55 52 70 77 82 89 95 99 45 49 73 83
Volta 17: 68 11 22 36 60 78 10 14 27 38 61 76 80 79 2 35 37 41 54 56 63 65 71 81 85 86 91 98 4 7 9 8 15 20 19 18 24 25 21 29 28 33 34 32 40 39 42 47 48 46 51 58 59 62 67 66 75 72 87 93 16 30 43 53 52 55 70 77 84 95 100 3 13 26 45 49 82 89 99 73
Volta 18: 68 22 60 78 10 14 11 36 61 80 76 2 27 35 38 54 63 71 79 91 98 4 9 7 15 18 24 21 29 28 33 34 32 40 42 41 47 48 51 58 56 65 66 75 86 93 8 20 19 16 25 30 39 43 52 59 70 67 72 84 87 100 13 49 53 55 77 82 89 95 3 26 73 99
Volta 19: 68 22 11 14 60 61 78 76 10 27 36 38 63 79 80 98 4 2 7 15 18 24 29 33 35 40 41 47 48 54 56 65 75 71 86 93 91 9 19 25 21 28 30 32 34 39 42 51 58 67 66 70 72 84 100 8 13 20 16 43 49 52 53 55 59 77 82 89 87 3 26 95 73
Volta 20: 68 14 11 22 61 78 76 10 36 60 63 80 98 2 7 15 18 24 29 27 35 33 40 38 48 47 54 56 65 75 71 79 86 91 4 9 19 21 28 34 32 39 42 41 51 58 70 67 66 84 93 100 8 13 16 20 25 30 49 55 52 59 72 82 43 53 77 87 89 95 3 26 73
Volta 21: 68 14 22 61 11 36 60 63 76 78 10 15 24 27 29 33 35 40 38 48 47 54 56 65 75 71 80 79 86 98 4 2 7 18 28 39 42 67 91 93 9 8 13 20 19 16 21 32 34 41 49 55 51 58 70 66 72 84 100 25 30 43 52 53 59 77 82 87 89 3 26 95
Volta 22: 68 14 61 11 22 60 76 78 10 15 24 29 35 33 40 36 38 47 48 56 63 86 2 4 7 18 27 28 39 54 65 67 75 71 80 79 93 91 98 20 21 34 32 41 42 49 51 55 58 66 70 72 84 100 9 8 13 16 19 25 30 43 53 52 59 77 82 89 3 26 87 95
Volta 23: 14 61 68 22 60 76 78 10 11 24 29 35 33 38 36 40 47 48 56 63 2 7 15 18 28 27 54 65 67 71 75 79 86 98 4 20 21 34 39 49 51 58 66 80 84 91 93 8 9 19 16 30 32 43 41 42 55 52 53 59 70 72 77 82 89 100 13 25 26 87 3
Volta 24: 14 61 22 60 10 11 24 29 33 36 38 56 76 78 2 7 15 28 35 40 48 47 63 65 67 71 75 79 86 98 4 20 18 27 39 49 54 51 58 80 84 93 8 19 21 32 34 42 66 70 72 77 82 100 9 16 30 43 41 53 52 55 59 87 89 3 25 26
Volta 25: 14 61 22 10 11 33 36 38 56 60 76 2 7 24 28 29 35 40 47 48 63 71 75 78 79 86 98 4 15 18 27 39 51 54 58 65 67 84 93 8 20 21 32 34 42 49 66 70 80 77 100 9 16 19 30 43 41 52 53 55 59 72 82 89 25 87 3
Volta 26: 14 22 61 10 11 36 38 56 76 2 7 29 35 33 40 48 47 60 63 78 86 98 24 28 39 58 65 67 71 75 79 84 93 4 15 18 21 27 34 32 42 51 54 70 80 100 8 19 16 20 30 41 49 66 77 82 9 25 43 55 53 52 59 72 89 87 3
Volta 27: 14 61 10 22 76 2 11 29 35 33 36 38 48 60 56 98 7 24 40 47 63 65 67 75 79 78 84 86 4 15 18 28 27 34 32 39 54 51 58 71 93 20 16 19 21 30 42 66 70 80 77 82 100 8 9 25 43 41 49 52 55 59 89 87 53 72
Volta 28: 14 61 10 22 11 33 38 56 60 76 98 2 7 29 35 40 36 47 48 63 65 67 75 84 86 4 18 24 28 27 39 58 71 78 79 93 15 16 19 21 34 32 54 51 66 70 80 82 100 9 20 25 30 43 42 55 52 77 87 8 41 49 59 89 53 72
Volta 29: 14 10 22 61 33 38 56 76 2 7 11 29 35 36 47 48 60 63 65 67 75 84 86 98 4 24 28 27 40 39 78 79 93 15 19 18 32 54 51 58 70 71 80 82 100 9 16 25 21 30 34 42 52 55 66 77 87 20 41 43 49 59 89 8 53
Volta 30: 10 14 61 22 33 38 56 2 11 35 60 63 75 84 4 7 24 28 29 40 36 47 65 67 78 79 86 98 15 18 19 27 39 54 58 70 71 93 9 16 21 30 42 51 66 80 77 20 25 34 43 41 55 52 89 87 8 49 53 59
Volta 31: 14 10 22 38 56 61 11 35 33 63 4 2 7 24 40 36 60 75 84 86 98 19 18 28 29 27 39 47 65 67 70 79 78 93 9 15 16 21 42 51 54 58 71 80 20 25 30 34 43 55 52 66 77 87 8 41 49 53 89
Volta 32: 10 14 22 38 56 61 11 33 63 2 4 7 35 40 60 75 84 86 98 18 24 29 27 39 36 47 70 67 78 79 93 9 15 19 28 42 54 58 65 71 80 16 25 21 30 43 52 51 66 87 8 20 34 53 55 77 89 41 49
Volta 33: 10 14 22 56 61 33 38 63 4 7 11 35 60 75 84 98 2 18 24 29 36 40 47 67 70 86 15 19 28 27 39 42 65 79 78 93 9 21 25 43 52 51 54 58 66 71 80 87 8 20 16 30 34 55 53 41 77 89
Volta 34: 10 14 22 61 33 38 56 4 7 11 60 63 75 84 2 18 24 29 35 40 70 86 98 27 28 39 36 42 47 65 67 79 78 93 15 19 21 43 54 52 80 9 8 16 25 30 53 51 58 66 71 87 20 34 41 55 89 77
Volta 35: 22 61 10 14 33 56 4 38 63 7 11 24 35 40 60 75 84 98 2 18 27 28 29 36 39 42 47 65 67 70 78 86 93 15 19 43 52 79 80 8 9 21 51 53 54 58 71 87 16 20 25 30 34 41 55 66 89
Volta 36: 61 10 22 56 4 14 33 38 24 35 60 63 75 84 98 2 7 11 29 28 40 39 36 67 70 78 86 15 19 18 27 42 52 65 80 79 93 8 9 43 54 58 87 16 20 25 41 51 53 66 71 30 34 55 89
Volta 37: 61 10 22 56 4 33 38 14 60 63 75 7 11 24 29 28 35 36 40 70 67 78 84 98 2 39 42 52 65 79 86 93 9 8 15 19 18 27 80 87 16 25 43 41 54 51 53 58 66 71 20 34 55 30
Volta 38: 10 22 61 4 56 14 33 38 7 11 24 28 35 36 60 63 67 75 84 98 2 29 40 39 70 79 78 86 8 9 15 19 27 42 52 65 80 87 93 18 41 43 51 53 54 66 71 16 20 25 34 58 30 55
Volta 39: 10 22 56 61 4 33 38 7 14 24 35 36 63 75 84 11 28 29 40 60 67 70 78 86 98 2 9 19 39 42 52 65 79 80 87 93 8 15 18 27 53 16 25 34 43 41 54 51 58 66 71 20 30
Volta 40: 10 22 61 4 33 38 56 14 24 63 75 7 11 29 28 35 36 40 60 70 67 78 84 98 39 42 52 65 79 86 87 93 2 9 8 15 19 18 27 53 80 16 43 41 51 54 58 66 71 20 25 34 30
Volta 41: 10 22 61 4 56 33 38 63 14 11 24 28 40 36 60 70 67 75 78 84 98 7 29 35 39 79 86 87 93 2 8 9 15 19 27 42 52 65 80 18 43 41 51 54 53 58 66 16 20 25 34 71
Volta 42: 10 61 4 22 56 33 38 63 24 28 36 75 84 7 14 11 29 35 40 60 70 67 79 78 86 93 98 9 8 39 42 52 87 2 15 18 19 27 41 43 51 53 58 65 66 80 20 16 34 54 71 25
Volta 43: 10 22 61 4 38 56 63 28 33 84 14 24 40 36 60 67 70 75 78 93 98 9 8 7 11 29 35 39 42 79 86 2 15 18 19 27 43 52 53 51 58 65 80 87 20 34 41 54 66 71 16
Volta 44: 10 61 4 22 38 56 63 28 84 14 24 33 40 36 60 70 67 75 78 93 98 9 8 7 11 29 39 42 79 86 2 15 18 19 35 51 58 65 87 27 34 43 41 53 52 66 71 80 16 20 54
Volta 45: 10 22 38 61 63 4 56 14 28 33 36 60 75 78 84 93 98 9 7 8 24 39 40 67 70 79 86 2 11 29 42 51 58 65 15 19 18 27 35 43 53 52 80 87 20 16 34 41 66 71
Volta 46: 10 61 63 4 22 38 56 14 28 33 36 60 84 98 8 67 75 79 78 86 93 7 9 11 24 29 39 40 42 58 65 70 2 15 27 35 43 51 87 19 18 20 16 34 41 52 53 66 80 71
Volta 47: 61 10 22 38 56 63 4 33 60 84 8 14 28 36 67 75 79 86 98 9 7 11 24 29 40 39 42 65 78 93 15 27 35 51 58 70 2 18 16 34 41 43 53 66 80 87 19 20 52
Volta 48: 61 10 22 56 4 38 60 14 33 36 67 75 79 84 86 9 8 11 39 65 78 93 7 15 24 29 27 35 40 42 51 58 70 16 34 41 53 66 80 87 18 20 43 52 19
Volta 49: 10 22 56 61 4 60 14 33 38 67 75 79 86 8 11 36 84 7 9 15 24 27 29 39 40 42 51 58 65 70 78 93 16 35 66 80 87 18 34 41 43 53 20 52
Volta 50: 22 61 10 56 4 14 33 38 60 75 86 11 36 67 79 84 8 7 24 27 40 39 51 58 65 70 78 93 9 15 29 35 42 87 16 18 34 41 43 53 66 80 20 52
Volta 51: 22 10 56 61 4 14 38 60 75 33 36 79 84 86 7 8 11 24 39 40 51 58 67 70 78 93 15 27 29 35 42 65 87 9 18 43 53 66 80 20 16 34 41
Volta 52: 10 22 56 61 4 14 60 33 36 38 75 86 8 7 11 24 39 58 67 70 78 79 84 15 29 27 35 40 51 87 93 9 42 65 66 80 20 18 16 34 43 41 53
Volta 53: 22 10 56 60 61 4 14 33 38 75 86 8 7 36 58 70 79 78 84 11 24 27 29 35 39 40 51 67 93 9 15 42 80 87 20 18 34 43 65 66 16 41
Volta 54: 22 10 56 60 61 4 14 38 86 33 36 70 75 79 78 84 8 7 11 24 29 39 51 58 67 93 9 15 27 35 40 42 87 20 65 66 80 16 41
Volta 55: 10 22 60 56 61 4 14 38 33 36 70 75 78 84 86 7 8 11 29 39 67 79 93 24 27 35 40 42 51 58 87 9 15 20 80 16 65 66
Volta 56: 10 22 60 61 4 14 38 56 33 36 78 86 7 70 67 75 79 84 93 8 11 29 27 39 42 51 58 9 15 20 24 35 40 87 16 65 66 80
Volta 57: 22 61 10 14 60 56 4 38 86 7 33 36 70 75 78 79 84 8 11 29 27 39 42 67 93 24 40 51 58 87 9 15 16 20 35 65 66
Volta 58: 22 61 10 14 60 38 56 86 4 33 36 75 79 84 7 27 29 39 67 70 78 93 8 11 40 42 51 58 87 9 15 24 35 66 16 20 65
Volta 59: 61 10 22 60 14 56 4 33 38 75 84 86 29 36 67 70 79 78 93 8 7 11 27 40 39 42 51 58 87 15 24 66 9 20 16 35
Volta 60: 10 22 60 61 14 56 4 38 84 86 33 36 75 78 93 7 29 39 51 79 8 15 11 27 40 42 58 66 87 9 20 24 16 35
Volta 61: 22 60 61 10 4 14 56 84 86 38 78 93 29 33 36 39 51 75 79 8 7 15 11 27 40 42 58 87 20 66 9 24 16
Volta 62: 22 60 10 61 4 14 56 86 38 78 84 29 33 39 36 75 79 93 7 11 15 27 42 51 58 87 8 20 40 66 9 16 24
Volta 63: 10 22 60 61 56 86 4 14 38 78 84 29 33 36 75 93 7 39 51 58 79 8 15 11 20 27 40 42 87 9 66 16
Volta 64: 22 60 61 10 56 4 14 38 78 86 33 36 75 84 7 29 39 51 58 79 93 8 11 15 27 42 87 20 40 9 66 16
Volta 65: 22 61 10 60 56 78 86 4 14 33 38 84 7 29 39 36 51 58 75 79 8 11 15 93 20 27 40 42 87 9 66
Volta 66: 22 61 10 60 86 4 38 56 78 84 14 29 33 39 36 51 7 58 79 8 11 40 42 87 93 20 27 9 66
Volta 67: 22 61 10 60 86 4 38 56 78 84 14 33 36 29 39 51 58 7 8 11 79 93 20 27 40 42 87 9
Volta 68: 22 61 10 60 86 38 78 84 4 14 33 36 56 39 51 8 29 58 79 93 7 11 27 40 42 87 20 9
Volta 69: 22 10 60 61 86 84 4 33 38 56 78 14 36 51 8 29 39 58 79 93 7 11 27 87 40 42 20
Volta 70: 22 10 60 61 86 4 33 38 56 78 84 14 36 29 39 51 79 7 8 11 27 58 87 93 40 42 20
Volta 71: 22 10 60 61 86 4 38 56 78 84 14 33 36 29 51 7 8 11 39 79 87 93 27 42 58 40
Volta 72: 22 61 86 10 60 38 56 78 4 33 84 14 29 36 51 7 8 39 87 11 27 42 58 40
Volta 73: 22 61 86 10 60 56 4 33 38 78 84 14 29 51 7 36 39 8 11 27 42 58 87
Volta 74: 86 10 22 61 60 56 4 38 78 14 29 33 84 51 7 8 27 39 36 11 42 58 87
Volta 75: 86 10 22 61 56 4 38 60 14 29 33 78 84 51 8 7 27 36 39 11 42 58
Volta 76: 86 10 61 22 4 38 60 56 29 33 14 51 78 84 7 8 36 39 11 27 58 42
Volta 77: 86 10 61 4 22 38 56 60 29 33 51 78 84 14 39 7 8 36 58 11 27
Volta 78: 86 10 61 22 60 4 29 33 38 56 51 84 14 39 78 8 7 36 58 11 27
Volta 79: 86 61 10 22 60 4 29 33 38 56 14 51 78 84 7 36 39 58 8 11
Volta 80: 61 86 60 10 22 29 38 4 33 56 14 84 7 39 51 58 78 8 11 36
Volta 81: 61 86 10 22 38 60 4 29 33 56 84 7 14 39 51 58 78 11 8
Volta 82: 61 86 22 38 60 10 29 33 56 4 14 39 51 78 84 7 58 8 11
Volta 83: 86 22 60 61 38 4 10 29 33 56 78 84 7 14 39 51 58 8
Volta 84: 61 86 22 60 4 10 29 33 38 56 78 84 14 39 51 58 8 7
Volta 85: 86 60 61 4 22 29 33 38 56 10 78 84 14 39 51 58 8
Volta 86: 86 61 22 29 33 60 4 38 56 78 10 14 51 84 39 58 8
Volta 87: 61 86 22 33 4 29 38 60 56 78 10 51 84 14 39 58
Volta 88: 86 33 61 22 38 60 56 4 29 78 10 14 39 51 58 84
Volta 89: 61 86 22 33 56 4 29 38 60 78 10 14 39 51 58
Volta 90: 86 33 56 61 22 38 4 10 14 39 60 78 58 51
Volta 91: 33 56 61 86 22 38 4 10 39 60 78 14 58
Volta 92: 33 86 38 56 61 22 4 10 39 60 58 78 14
Volta 93: 33 86 38 56 22 61 4 39 60 58 78 10
Volta 94: 33 38 86 22 56 61 4 39 60 58 78 10
Volta 95: 33 86 22 38 56 4 60 58 61 78 39
Volta 96: 33 86 38 22 58 78 4 60 61
Volta 97: 33 86 38 22 4 58 60 78
Volta 98: 33 86 38 4 22 60 58 78
Volta 99: 33 86 38 22 58 60 4
Volta 100: 33 38 86 4 22 60 58
Volta 101: 33 38 86 4 22 60
Volta 102: 38 86 33 22 60
Volta 103: 38 86 33 22
Volta 104: 38 86 33 22
Volta 105: 86 38 33
Volta 106: 38 86 33
Volta 107: 38 86
Volta 108: 86 38

Ranqueamento Final:
1: Ciclista 38 - 2055.90 segundos
2: Ciclista 86 - 2042.10 segundos
3: Ciclista 33 - 2040.78 segundos
4: Ciclista 22 - 2025.54 segundos
5: Ciclista 60 - 1996.38 segundos
6: Ciclista 58 - 1951.38 segundos
7: Ciclista 78 - 1906.86 segundos
8: Ciclista 61 - 1876.50 segundos
9: Ciclista 10 - 1845.18 segundos
10: Ciclista 14 - 1815.30 segundos
11: Ciclista 51 - 1786.26 segundos
12: Ciclista 84 - 1726.98 segundos
13: Ciclista 8 - 1710.18 segundos
14: Ciclista 7 - 1665.18 segundos
15: Ciclista 11 - 1635.30 segundos
16: Ciclista 36 - 1590.90 segundos
17: Ciclista 27 - 1560.66 segundos
18: Ciclista 42 - 1531.02 segundos
19: Ciclista 87 - 1487.10 segundos
20: Ciclista 40 - 1455.90 segundos
21: Ciclista 20 - 1425.42 segundos
22: Ciclista 9 - 1395.18 segundos
23: Ciclista 66 - 1366.62 segundos
24: Ciclista 16 - 1335.42 segundos
25: Ciclista 24 - 1275.54 segundos
26: Ciclista 35 - 1230.78 segundos
27: Ciclista 65 - 1186.50 segundos
28: Ciclista 80 - 1141.86 segundos
29: Ciclista 41 - 1111.02 segundos
30: Ciclista 53 - 1066.26 segundos
31: Ciclista 52 - 1036.26 segundos
32: Ciclista 19 - 1005.42 segundos
33: Ciclista 71 - 961.74 segundos
34: Ciclista 54 - 916.26 segundos
35: Ciclista 25 - 885.54 segundos
36: Ciclista 30 - 855.66 segundos
37: Ciclista 55 - 811.26 segundos
38: Ciclista 89 - 767.10 segundos
39: Ciclista 77 - 736.86 segundos
40: Ciclista 49 - 691.14 segundos
41: Ciclista 59 - 646.38 segundos
42: Ciclista 72 - 616.74 segundos
43: Ciclista 3 - 585.06 segundos
44: Ciclista 26 - 525.66 segundos
45: Ciclista 95 - 497.22 segundos
46: Ciclista 73 - 451.74 segundos
47: Ciclista 99 - 407.34 segundos
48: Ciclista 83 - 376.98 segundos
49: Ciclista 88 - 317.10 segundos
50: Ciclista 96 - 287.34 segundos
51: Ciclista 17 - 240.42 segundos
52: Ciclista 50 - 196.14 segundos
53: Ciclista 5 - 165.06 segundos
54: Ciclista 97 - 107.34 segundos
55: Ciclista 92 - 62.22 segundos

Ciclista 1 quebrou na volta 12 - 240.00 segundos
Ciclista 2 quebrou na volta 48 - 975.00 segundos
Ciclista 4 quebrou na volta 102 - 1995.00 segundos
Ciclista 6 quebrou na volta 12 - 225.12 segundos
Ciclista 12 quebrou na volta 12 - 240.24 segundos
Ciclista 13 quebrou na volta 24 - 510.24 segundos
Ciclista 15 quebrou na volta 66 - 1320.24 segundos
Ciclista 18 quebrou na volta 54 - 1110.36 segundos
Ciclista 21 quebrou na volta 36 - 750.48 segundos
Ciclista 23 quebrou na volta 6 - 135.48 segundos
Ciclista 28 quebrou na volta 48 - 930.60 segundos
Ciclista 29 quebrou na volta 90 - 1740.60 segundos
Ciclista 31 quebrou na volta 6 - 150.72 segundos
Ciclista 32 quebrou na volta 30 - 615.72 segundos
Ciclista 34 quebrou na volta 54 - 1110.72 segundos
Ciclista 37 quebrou na volta 18 - 360.84 segundos
Ciclista 39 quebrou na volta 96 - 1875.84 segundos
Ciclista 43 quebrou na volta 54 - 1110.96 segundos
Ciclista 44 quebrou na volta 12 - 255.96 segundos
Ciclista 45 quebrou na volta 18 - 390.96 segundos
Ciclista 46 quebrou na volta 18 - 361.08 segundos
Ciclista 47 quebrou na volta 36 - 706.08 segundos
Ciclista 48 quebrou na volta 30 - 586.08 segundos
Ciclista 56 quebrou na volta 96 - 1861.32 segundos
Ciclista 57 quebrou na volta 12 - 226.32 segundos
Ciclista 62 quebrou na volta 18 - 361.44 segundos
Ciclista 63 quebrou na volta 48 - 901.44 segundos
Ciclista 64 quebrou na volta 6 - 121.44 segundos
Ciclista 67 quebrou na volta 60 - 1171.56 segundos
Ciclista 68 quebrou na volta 24 - 421.56 segundos
Ciclista 69 quebrou na volta 12 - 226.56 segundos
Ciclista 70 quebrou na volta 60 - 1171.56 segundos
Ciclista 74 quebrou na volta 12 - 241.68 segundos
Ciclista 75 quebrou na volta 66 - 1291.68 segundos
Ciclista 76 quebrou na volta 30 - 571.80 segundos
Ciclista 79 quebrou na volta 72 - 1426.80 segundos
Ciclista 81 quebrou na volta 18 - 346.92 segundos
Ciclista 82 quebrou na volta 30 - 601.92 segundos
Ciclista 85 quebrou na volta 18 - 361.92 segundos
Ciclista 90 quebrou na volta 6 - 137.04 segundos
Ciclista 91 quebrou na volta 24 - 482.16 segundos
Ciclista 93 quebrou na volta 72 - 1442.16 segundos
Ciclista 94 quebrou na volta 6 - 107.16 segundos
Ciclista 98 quebrou na volta 48 - 932.28 segundos
Ciclista 100 quebrou na volta 30 - 602.28 segundos
