Volta 1: 3 4 1 2 5 9 10 6 8 7 14 13 15 12 11 19 16 20 18 17 24 23 21 22 25 26 30 29 27 28 32 34 31 33 35 37 38 39 40 36 43 42 45 44 41 50 47 48 49 46
Volta 2: 2 1 5 3 10 9 6 8 14 11 13 15 20 18 17 16 25 24 21 23 22 26 30 29 28 33 34 32 31 35 36 39 43 41 48 46 47 50 4 7 12 19 27 37 38 40 45 42 44 49
Volta 3: 2 5 10 8 9 14 16 18 20 21 24 25 28 26 29 35 34 39 41 46 48 50 4 3 1 6 7 12 15 11 13 19 17 22 23 30 33 32 31 38 40 36 37 42 44 43 45 47 27
Volta 4: 2 5 10 9 14 16 21 24 34 39 48 50 46 3 4 1 8 6 13 11 18 20 17 25 23 22 26 29 28 31 35 40 38 36 45 43 41 42 47 7 12 15 19 30 27 33 32 37 44
Volta 5: 5 2 10 9 16 21 24 48 50 4 3 8 14 17 18 20 22 25 29 34 35 36 40 39 41 42 43 45 47 46 1 6 7 15 12 11 13 19 23 26 27 28 30 33 31 38 32 37
Volta 6: 5 2 9 16 21 48 50 3 10 8 14 20 24 25 29 34 35 39 42 41 47 4 6 12 13 15 18 17 22 23 27 26 30 28 31 33 38 40 36 45 43 1 7 19 32 37
Volta 7: 5 16 48 2 3 10 9 14 25 21 29 35 39 41 50 8 6 13 15 20 17 18 24 22 28 30 34 33 31 36 38 40 42 43 47 1 4 12 19 23 26 27 32 45 7
Volta 8: 5 16 48 2 3 10 9 14 25 21 29 35 50 6 15 13 17 20 24 28 31 33 34 39 38 40 41 43 42 47 1 4 8 18 22 23 26 30 32 36 45 7 12 19 27
Volta 9: 5 3 9 14 16 25 29 35 48 50 2 10 15 13 20 17 21 24 28 34 40 39 41 47 1 4 6 18 22 23 26 30 31 33 32 36 38 45 43 42 8 7 12 19
Volta 10: 5 3 14 25 35 50 48 2 9 10 13 16 17 20 28 29 39 41 47 4 1 6 15 22 21 24 23 32 33 34 31 40 36 38 45 43 7 19 18 30 26 42 8 12
Volta 11: 5 3 25 35 48 2 9 14 16 29 28 39 41 47 50 4 10 6 13 15 17 20 22 23 21 34 40 45 43 1 7 24 26 30 31 32 33 36 38 42 8 19 18
Volta 12: 5 35 2 14 16 25 28 48 50 47 9 10 13 20 17 21 29 34 39 43 41 1 4 7 6 15 22 24 23 32 38 40 36 42 45 8 19 18 30 26 33 31
Volta 13: 5 2 16 25 35 48 10 14 13 20 17 21 29 28 43 41 50 47 4 1 6 7 9 15 22 23 34 40 39 45 8 19 24 26 32 33 36 38 42 18 30
Volta 14: 5 2 16 25 48 13 14 20 21 28 29 35 41 50 1 4 7 9 10 6 15 17 22 34 39 43 47 8 19 23 32 38 40 45 18 24 30 26 33 36 42
Volta 15: 5 2 16 48 13 14 20 25 28 29 35 4 1 7 9 10 6 17 21 22 41 43 50 8 15 19 23 34 38 39 40 47 18 24 26 33 32 36 45 30
Volta 16: 5 2 16 48 13 14 20 25 29 35 4 1 9 7 17 21 28 41 10 6 22 23 34 39 43 50 47 8 15 19 24 26 32 40 38 45 18 30 33 36
Volta 17: 5 16 2 13 14 20 25 29 35 48 1 7 17 28 4 10 9 6 21 39 41 43 8 19 23 22 26 34 38 40 45 47 50 15 18 24 33 32 30
Volta 18: 5 16 2 13 25 1 7 14 17 20 28 29 35 4 10 6 9 21 39 43 23 26 34 40 41 47 8 18 24 22 32 38 45 50 15 30
Volta 19: 5 16 2 13 25 7 17 20 28 35 4 1 6 9 14 29 39 10 21 23 26 34 40 41 43 8 18 22 32 38 45 47 50 24 15
Volta 20: 5 16 2 7 13 25 35 1 4 6 14 17 20 29 28 39 9 23 21 26 34 40 41 43 8 10 18 22 32 38 45 50 47 24 15
Volta 21: 5 16 2 7 13 25 35 1 4 6 17 20 28 39 9 14 21 29 26 40 41 18 22 23 32 34 38 43 47 50 8 10 45 24
Volta 22: 5 16 2 25 35 4 1 6 7 13 28 39 14 17 20 26 29 9 18 21 32 38 40 41 43 47 50 8 23 22 34 45 10 24
Volta 23: 5 16 2 25 4 7 13 35 39 1 6 17 20 28 29 26 9 14 18 21 41 47 50 8 22 32 34 40 38 45 43 10 23
Volta 24: 5 16 2 25 4 7 35 39 13 20 17 26 1 14 21 29 28 41 47 50 8 9 18 22 40 45 10 34 32 38 43 23
Volta 25: 5 16 25 2 7 35 39 4 13 17 1 20 29 26 41 50 47 9 8 14 18 21 22 28 40 10 34 45 43 32 38
Volta 26: 5 16 25 2 4 7 17 35 39 1 13 20 26 47 50 8 9 22 29 28 40 41 14 18 21 34 45 10 32 38 43
Volta 27: 5 25 2 16 4 7 35 39 1 13 17 47 50 9 8 20 28 29 26 41 14 18 22 40 10 21 32 34 45 38
Volta 28: 25 5 2 16 4 7 35 1 13 39 50 47 9 17 20 29 28 26 8 14 41 10 18 21 22 34 32 40 45 38
Volta 29: 25 5 16 2 4 7 35 1 39 47 13 17 26 29 50 8 9 14 20 28 41 21 22 10 18 32 34 40 45
Volta 30: 25 5 16 2 4 7 35 39 47 13 17 29 26 50 8 9 14 28 20 41 18 22 21 40 10 34 45
Volta 31: 25 16 5 4 7 2 35 39 47 29 26 50 9 13 14 17 28 8 20 41 22 21 18 40 10 34
Volta 32: 25 16 4 5 7 35 39 47 2 26 50 9 14 13 17 28 29 8 20 21 41 18 22 40 10 34
Volta 33: 25 16 7 4 5 35 47 2 26 39 9 14 17 29 28 50 8 13 20 21 18 22 41 10 40
Volta 34: 16 25 7 4 35 47 5 2 26 39 9 14 17 28 29 50 13 8 20 21 18 22 41 10 40
Volta 35: 25 7 16 47 4 5 26 35 39 2 14 17 29 50 9 13 28 20 8 18 21 22 41 10
Volta 36: 7 16 25 47 4 26 39 14 17 29 35 50 13 20 28 8 18 22 41 21 10
Volta 37: 7 16 25 47 4 26 14 17 35 39 50 29 13 20 28 8 18 22 41 21
Volta 38: 7 16 25 47 4 14 17 26 35 39 29 50 20 8 13 18 28 22 21 41
Volta 39: 7 16 25 47 4 17 26 35 39 14 50 20 29 13 18 8 22 28 21
Volta 40: 7 47 4 16 25 26 35 39 14 17 50 29 20 18 8 13 22 28 21
Volta 41: 47 4 7 16 25 26 39 14 17 35 50 20 18 29 13 8 22 28
Volta 42: 4 7 25 47 16 14 26 35 39 17 50 20 29 18 28 8 22
Volta 43: 7 25 4 16 47 14 35 26 39 20 17 29 50 18 28 8
Volta 44: 7 4 16 25 47 14 26 35 39 17 20 50 29 18 28 8
Volta 45: 7 4 25 47 16 14 35 39 20 26 50 17 29 18 28
Volta 46: 7 4 25 47 16 14 26 35 39 20 50 17 29 18 28
Volta 47: 7 4 25 16 47 14 26 39 20 35 50 29 17 18
Volta 48: 7 25 4 47 16 14 26 35 39 20 29 50 18 17
Volta 49: 7 4 25 47 16 14 26 39 35 50 20 18 29
Volta 50: 7 4 25 47 16 26 14 39 20 29 35 50 18
Volta 51: 7 4 47 25 16 26 14 39 20 29 35 50
Volta 52: 7 47 4 16 25 26 14 39 29 35 20 50
Volta 53: 7 47 4 16 25 26 14 39 35 20 29
Volta 54: 7 4 47 16 25 14 26 35 39 20 29
Volta 55: 7 47 4 16 25 26 14 35 39 20
Volta 56: 7 4 47 16 25 14 26 39 35 20
Volta 57: 7 4 47 16 25 26 14 35 39
Volta 58: 4 7 16 47 25 14 26 35 39
Volta 59: 4 7 16 47 25 26 14 35
Volta 60: 16 47 7 25 26 14 35
Volta 61: 47 16 7 25 26 14
Volta 62: 16 47 7 26 25 14
Volta 63: 7 16 47 26 25
Volta 64: 16 47 7 26 25
Volta 65: 16 47 7 26
Volta 66: 16 7 47 26
Volta 67: 16 7 47
Volta 68: 16 7 47
Volta 69: 16 7
Volta 70: 16 7

Ranqueamento Final:
1: Ciclista 7 - 6525.18 segundos
2: Ciclista 47 - 6451.14 segundos
3: Ciclista 16 - 6400.42 segundos
4: Ciclista 26 - 6375.66 segundos
5: Ciclista 25 - 6225.54 segundos
6: Ciclista 14 - 6075.30 segundos
7: Ciclista 35 - 5850.78 segundos
8: Ciclista 39 - 5625.90 segundos
9: Ciclista 20 - 5550.42 segundos
10: Ciclista 29 - 5325.66 segundos
11: Ciclista 50 - 5176.14 segundos
12: Ciclista 18 - 5025.42 segundos
13: Ciclista 17 - 4800.42 segundos
14: Ciclista 28 - 4650.66 segundos
15: Ciclista 8 - 4650.18 segundos
16: Ciclista 22 - 4350.54 segundos
17: Ciclista 21 - 4200.54 segundos
18: Ciclista 41 - 3976.02 segundos
19: Ciclista 10 - 3825.18 segundos
20: Ciclista 40 - 3600.90 segundos
21: Ciclista 34 - 3450.78 segundos
22: Ciclista 45 - 3226.02 segundos
23: Ciclista 38 - 3000.90 segundos
24: Ciclista 43 - 2776.02 segundos
25: Ciclista 23 - 2625.54 segundos
26: Ciclista 24 - 2475.54 segundos
27: Ciclista 15 - 2250.30 segundos
28: Ciclista 30 - 2025.66 segundos
29: Ciclista 36 - 1800.90 segundos
30: Ciclista 42 - 1576.02 segundos
31: Ciclista 31 - 1350.78 segundos
32: Ciclista 12 - 1200.30 segundos
33: Ciclista 27 - 975.66 segundos
34: Ciclista 37 - 750.90 segundos
35: Ciclista 44 - 526.02 segundos
36: Ciclista 49 - 301.14 segundos

Ciclista 1 quebrou na volta 30 - 2925.00 segundos
Ciclista 2 quebrou na volta 36 - 3450.00 segundos
Ciclista 3 quebrou na volta 12 - 1125.00 segundos
Ciclista 4 quebrou na volta 60 - 5550.00 segundos
Ciclista 5 quebrou na volta 36 - 3450.00 segundos
Ciclista 6 quebrou na volta 24 - 2400.12 segundos
Ciclista 9 quebrou na volta 36 - 3525.12 segundos
Ciclista 11 quebrou na volta 6 - 675.24 segundos
Ciclista 13 quebrou na volta 42 - 4200.24 segundos
Ciclista 19 quebrou na volta 18 - 1875.36 segundos
Ciclista 32 quebrou na volta 30 - 3150.72 segundos
Ciclista 33 quebrou na volta 18 - 1950.72 segundos
Ciclista 46 quebrou na volta 6 - 601.08 segundos
Ciclista 48 quebrou na volta 18 - 1651.08 segundos
