Volta 1: 2 5 3 1 4 6 9 10 7 8 11 13 14 12 15 18 17 19 20 16 22 24 21 23 25 30 29 28 27 26 33 32 35 34 31 39 40 36 37 38 42 44 41 45 43 48 46 49 47 50 54 55 53 51 52 59 58 56 60 57 63 64 61 65 62 67 68 70 69 66 71 73 72 75 74 79 76 78 80 77 83 84 85 82 81 87 89 86 88 90 95 91 92 93 94 100 98 99 96 97
Volta 2: 5 1 6 7 10 9 15 12 19 20 18 24 21 25 22 27 26 28 30 29 31 35 34 37 40 36 38 42 41 45 44 49 46 47 48 53 54 52 51 55 59 60 58 56 65 63 64 61 62 68 66 70 67 73 72 71 74 75 76 78 77 80 79 83 85 81 82 87 90 88 89 86 92 91 93 97 100 98 99 96 2 4 3 8 11 14 13 16 17 23 33 32 39 43 50 57 69 84 95 94
Volta 3: 5 6 7 10 15 19 22 21 24 25 26 30 34 35 37 38 36 40 44 42 48 47 55 54 56 60 58 65 61 64 63 68 66 73 72 71 75 74 76 79 78 80 85 82 87 90 86 89 91 93 92 98 2 1 8 9 11 13 14 12 20 16 18 23 28 29 27 32 33 31 39 45 41 43 46 49 50 51 52 53 59 62 69 70 67 77 84 83 81 88 95 99 96 97 100 4 3 17 57
Volta 4: 6 10 15 19 21 24 22 25 30 26 35 34 38 36 37 44 42 47 54 55 60 56 58 65 64 63 61 68 74 73 75 79 80 76 78 89 90 86 91 92 93 1 5 2 9 7 11 12 14 20 18 23 27 28 29 31 40 43 41 46 50 49 48 53 52 51 62 67 70 66 69 72 71 82 83 85 88 87 95 98 96 99 4 8 13 17 16 32 33 39 45 59 77 84 81 97 100 3 57
Volta 5: 10 6 15 22 26 38 36 44 42 47 55 58 56 60 65 61 68 75 79 89 93 91 5 1 9 7 11 12 20 19 18 23 25 21 24 29 27 30 34 35 31 40 37 43 41 50 48 54 52 63 62 64 67 66 71 74 72 73 80 78 76 82 85 87 90 86 92 99 98 2 4 8 13 14 16 17 28 33 32 39 45 49 46 51 53 59 70 69 77 83 81 84 88 95 97 96 100 3
Volta 6: 10 15 22 38 36 44 42 58 60 65 61 68 79 89 91 93 5 6 7 18 24 25 23 21 26 27 34 43 48 55 52 56 63 64 66 67 73 72 75 76 80 82 85 87 86 92 4 1 2 9 8 11 13 17 16 28 30 29 33 31 32 37 40 45 41 50 49 53 51 54 62 69 71 74 77 78 83 84 81 90 88 95 96 99 100 97 98 14 46 59 3
Volta 7: 10 15 36 38 44 60 58 65 79 89 93 5 6 18 21 25 22 24 23 42 48 55 56 61 64 63 68 75 72 73 80 76 82 87 86 91 4 9 7 8 13 11 27 28 26 30 29 34 31 40 37 43 41 45 50 49 52 53 54 62 66 67 74 71 78 77 83 85 81 84 90 88 92 95 96 99 1 2 14 17 16 33 32 46 51 59 69 97 98 100
Volta 8: 10 15 38 36 60 58 65 79 89 6 18 22 44 48 55 56 61 63 64 68 73 80 86 87 93 5 4 8 9 13 25 23 24 21 27 28 26 34 37 40 41 45 42 52 66 72 75 76 78 83 82 85 88 91 92 99 1 2 7 14 11 16 29 30 31 32 43 46 49 50 51 54 53 59 62 69 67 71 74 77 81 84 90 95 98 100 97 96 17 33
Volta 9: 10 15 60 6 18 22 38 36 44 55 58 61 65 63 79 86 87 89 93 4 5 13 25 21 24 27 26 34 40 37 42 48 52 56 64 68 73 72 75 78 76 80 82 83 85 88 91 92 2 9 7 8 14 11 16 23 29 28 31 32 41 45 49 46 54 53 59 62 69 66 71 74 77 84 95 97 99 96 1 30 43 50 51 67 81 90 100 98 17
Volta 10: 15 10 18 22 38 36 60 58 65 61 63 79 86 89 93 6 13 25 26 27 34 44 42 48 55 52 64 68 73 78 85 82 87 91 92 5 4 2 8 14 21 24 28 32 31 37 40 45 41 49 53 56 66 74 72 71 75 76 77 80 84 83 88 95 99 1 7 9 11 16 23 30 29 43 50 46 51 54 59 62 67 69 81 90 98 100 97 96 17
Volta 11: 15 10 22 38 60 58 63 79 93 18 25 34 36 44 55 61 65 64 73 78 82 87 86 89 92 2 6 8 13 14 21 24 26 27 31 40 37 41 45 42 48 49 53 52 56 66 68 75 76 77 85 84 88 91 95 99 4 5 7 9 11 23 29 30 28 32 43 50 54 51 59 62 67 69 74 71 72 80 83 90 100 96 1 16 46 81 98 97
Volta 12: 10 15 38 58 63 79 93 18 22 36 44 60 65 64 61 78 86 13 25 26 34 37 41 49 55 52 68 75 73 84 82 85 88 87 91 95 4 5 2 6 8 14 11 21 24 23 30 29 27 31 40 48 54 51 69 71 77 76 99 100 96 1 9 16 28 32 43 50 46 62 67 72 74 80 81 83 90 98 97
Volta 13: 15 38 63 10 18 36 58 60 64 65 61 79 78 93 13 22 26 34 44 52 55 68 73 85 84 87 86 88 91 95 2 4 8 14 11 23 25 24 21 27 29 31 37 41 48 49 51 54 69 75 71 77 82 100 96 99 5 6 28 30 40 43 50 62 67 72 74 80 76 83 81 90 98 1 9 16 32 46
Volta 14: 15 38 63 10 18 60 58 61 64 78 93 22 26 36 44 55 52 65 73 79 86 87 88 91 2 8 13 14 34 31 37 48 51 68 75 71 77 85 84 95 99 100 5 4 6 11 21 25 23 24 27 29 30 40 41 50 49 54 62 67 69 72 80 76 82 90 96 1 16 28 43 46 74 81 83 98 9 32
Volta 15: 38 63 10 15 18 60 58 61 78 93 22 36 44 55 65 64 73 79 88 8 13 26 34 31 37 51 52 68 71 85 87 86 91 95 2 6 14 11 25 21 23 29 40 41 50 48 49 54 62 67 69 75 72 77 84 82 99 100 96 5 4 24 30 27 28 43 74 80 76 81 83 90 1 9 16 46 98
Volta 16: 38 63 10 18 78 93 15 22 36 44 55 60 58 64 61 73 79 8 26 34 31 37 52 65 68 71 85 86 88 95 91 2 11 14 13 21 29 40 41 50 48 51 62 67 75 72 82 84 87 100 99 5 4 6 25 24 23 28 27 30 49 54 69 74 76 77 80 90 96 1 16 43 83 81 98 9 46
Volta 17: 38 63 18 93 10 15 36 44 55 60 61 73 78 22 26 31 34 37 52 58 64 65 71 79 85 86 88 95 91 2 8 13 14 29 51 67 68 75 72 87 99 4 5 11 25 21 23 28 40 41 50 48 49 54 62 74 77 80 82 84 100 96 6 16 24 30 27 43 69 76 81 83 90 1 9 98
Volta 18: 38 18 63 93 15 36 44 73 78 10 22 52 58 60 64 65 61 71 79 88 91 95 2 8 14 29 31 34 51 68 72 85 86 87 99 5 4 11 13 21 40 41 49 50 48 54 75 74 80 77 82 100 96 6 16 25 24 23 30 28 62 76 84 81 1 9 43 69 83 90 98
Volta 19: 38 18 63 93 15 36 44 10 22 52 60 73 71 78 8 29 31 34 51 58 61 65 64 72 79 85 88 86 95 91 99 2 5 14 13 11 21 48 68 75 80 82 87 100 4 24 23 25 30 28 40 41 50 49 54 62 74 77 81 84 96 6 9 16 43 69 76 83 1 90
Volta 20: 18 38 63 15 36 44 93 10 22 73 71 78 29 31 52 51 58 60 64 65 61 72 79 86 95 91 2 8 11 34 48 68 85 88 100 99 4 5 14 13 21 24 28 40 41 50 49 54 62 75 74 80 77 81 82 87 96 9 16 25 23 30 43 76 84 1 6 69 83 90
Volta 21: 18 38 15 44 63 93 10 22 36 71 73 31 52 60 64 78 86 95 2 8 11 29 34 51 58 65 61 68 72 79 85 91 99 100 5 4 13 14 41 50 48 49 62 74 80 77 81 87 88 9 24 25 21 30 28 40 43 54 75 76 82 84 96 1 6 16 23 69 83
Volta 22: 18 38 15 10 22 36 44 63 71 93 31 52 60 64 73 78 2 29 34 51 58 65 61 68 72 79 85 86 95 91 100 4 8 11 13 50 48 49 62 77 80 81 87 88 99 5 14 21 30 28 40 41 54 74 75 84 1 6 9 16 25 24 23 43 69 76 82 96 83
Volta 23: 18 38 10 15 22 36 44 63 93 60 64 73 71 29 34 31 51 52 58 61 79 78 85 91 95 100 2 49 50 65 62 68 72 77 81 86 87 88 99 4 8 11 14 13 28 41 48 74 75 80 84 5 1 9 24 21 25 23 30 40 43 54 69 82 96 6 16 76
Volta 24: 18 38 10 63 93 15 22 36 44 71 73 29 31 51 60 64 61 79 85 91 100 34 49 50 52 58 62 68 72 77 78 81 86 88 87 95 99 4 2 13 41 48 75 80 84 5 8 9 14 11 25 21 23 30 28 40 43 82 96 1 6 24 54 69 76
Volta 25: 38 10 18 93 15 22 36 44 63 73 29 51 64 71 79 91 100 31 58 60 61 68 72 77 78 85 81 87 88 95 4 2 34 41 50 49 48 52 62 86 99 5 8 13 21 25 28 30 75 80 84 82 1 6 9 14 11 23 40 43 54 69 96 24
Volta 26: 38 10 15 18 36 44 63 93 22 29 51 71 73 79 100 31 60 58 64 68 72 77 78 85 87 91 4 2 34 49 50 48 52 62 61 81 86 88 95 99 5 8 13 21 28 41 80 9 11 14 25 23 30 54 69 75 84 82 96 1 6 40 43 24
Volta 27: 38 10 18 44 93 15 22 36 51 63 79 100 29 60 64 72 71 73 77 85 87 4 2 31 34 48 52 58 61 68 78 81 86 88 91 99 13 21 28 41 49 50 62 80 95 5 8 11 25 30 54 69 75 82 84 96 6 9 14 23 40 43 1
Volta 28: 38 10 18 44 15 36 63 93 100 22 29 51 60 64 73 71 79 85 2 34 31 52 58 68 72 77 88 86 87 91 99 4 13 21 28 41 48 62 61 78 80 81 5 11 25 30 50 49 69 75 84 82 95 96 8 9 14 23 40 54 1 6 43
Volta 29: 38 10 18 44 63 93 100 15 22 36 51 60 2 29 31 34 64 68 72 71 73 79 77 85 86 91 99 4 13 21 28 41 48 52 58 62 61 80 78 88 87 5 50 75 81 82 95 96 8 11 25 23 30 40 49 54 69 84 1 6 9 14
Volta 30: 38 10 18 100 22 36 44 63 93 15 29 31 34 51 60 64 73 85 99 2 13 48 52 58 61 62 68 71 72 79 78 77 86 87 91 4 5 21 28 41 75 80 81 82 88 8 11 23 40 49 50 69 84 1 9 14 25 54
Volta 31: 38 10 100 18 22 36 44 93 15 29 51 60 64 63 85 99 2 31 34 48 62 61 68 71 73 79 77 86 87 4 5 13 28 41 52 58 72 78 80 81 88 91 8 11 23 21 49 50 69 75 82 84 1 9 14 25 40
Volta 32: 38 100 10 18 22 36 93 29 44 60 63 99 2 15 31 51 64 68 73 85 86 87 28 34 41 48 52 58 62 61 72 71 80 78 79 77 81 88 91 5 4 8 11 13 21 69 75 84 82 1 14 23 40 50 49 9 25
Volta 33: 100 10 22 36 38 18 29 60 93 2 31 44 51 63 68 73 85 99 15 34 41 48 64 62 61 72 71 78 77 79 80 81 86 87 5 4 8 13 28 52 58 69 75 84 88 91 1 11 21 23 40 50 49 82 9 14
Volta 34: 22 38 100 10 18 29 36 60 93 31 44 51 2 34 41 63 62 64 61 68 71 73 72 77 79 80 85 81 86 99 4 5 8 13 15 28 48 52 78 84 88 87 91 1 21 40 50 58 69 75 82 11 23 49 9 14
Volta 35: 22 38 100 10 18 36 93 29 51 60 2 31 44 63 62 61 64 68 73 72 71 77 79 85 81 86 99 4 8 13 15 28 34 41 48 52 80 78 84 88 5 1 50 69 75 82 87 91 11 21 23 40 49 58 9
Volta 36: 22 100 10 38 93 18 29 36 60 31 44 63 61 62 64 68 72 71 79 81 85 86 4 2 8 15 28 34 41 73 77 84 99 5 1 13 48 50 52 75 80 78 87 88 11 21 49 69 82 9 23 40
Volta 37: 22 38 93 100 10 18 29 36 60 44 63 68 72 79 81 86 2 4 8 15 31 34 64 62 61 73 71 77 85 99 5 1 13 28 41 48 50 52 75 78 84 88 87 11 21 49 69 80 82 23 9
Volta 38: 38 100 10 22 93 18 29 36 60 63 72 79 81 86 2 4 15 34 44 62 64 68 71 77 5 1 8 13 28 31 41 48 52 61 75 73 85 84 87 88 99 21 49 50 69 78 80 11 23 82 9
Volta 39: 38 22 100 10 18 29 36 60 63 79 81 86 93 4 2 15 64 62 72 1 5 8 28 34 31 44 41 52 61 68 73 71 77 84 88 99 13 21 48 50 75 78 85 87 11 49 69 80 82 23
Volta 40: 38 22 100 18 36 63 79 86 93 10 15 29 60 64 72 81 4 1 2 8 28 34 44 41 52 61 62 77 99 5 21 31 48 50 68 73 71 78 84 87 88 13 49 69 75 80 85 11 23 82
Volta 41: 22 38 100 86 93 15 18 29 36 60 63 64 79 81 2 4 1 8 10 28 34 44 41 52 62 72 99 5 31 50 48 61 68 71 73 77 84 87 88 21 49 75 80 78 85 13 23 69 11
Volta 42: 38 22 86 100 15 36 63 79 4 18 29 34 60 62 72 81 99 5 2 1 8 10 28 31 44 41 50 48 52 61 68 73 77 88 75 71 78 85 84 13 21 49 69 80 11 23
Volta 43: 38 22 100 15 36 63 86 4 18 29 60 79 81 1 5 2 10 28 34 41 44 52 62 73 72 77 88 99 8 31 48 50 61 68 75 71 78 85 13 21 49 69 80 84 11
Volta 44: 22 38 15 63 100 4 18 29 36 60 79 81 86 2 1 5 10 28 34 44 41 52 62 73 72 88 8 31 50 61 78 77 99 21 49 48 69 68 71 75 80 85 84 13 11
Volta 45: 15 22 38 63 60 79 81 100 2 4 1 10 18 28 29 36 52 62 73 88 86 5 34 44 41 50 61 72 77 99 8 31 68 69 75 71 78 80 84 85 13 21 48 49
Volta 46: 15 22 38 63 60 79 81 100 2 4 18 36 52 62 73 86 88 1 5 10 29 28 34 44 41 50 72 77 99 8 31 61 68 69 71 75 78 84 85 13 21 48 80 49
Volta 47: 15 22 38 63 4 2 18 36 52 60 79 81 88 86 100 5 29 28 34 41 62 72 73 1 10 8 31 44 50 61 69 75 78 77 84 99 48 68 71 85 13 21 80
Volta 48: 38 63 15 2 60 79 81 86 88 100 4 5 28 34 36 52 73 1 10 29 41 50 61 69 75 72 77 99 8 31 44 71 78 84 13 21 48 80
Volta 49: 38 15 63 2 60 79 81 100 28 34 36 52 73 86 88 4 5 10 29 41 50 69 72 75 77 99 1 8 31 44 61 71 78 84 13 21 48
Volta 50: 15 38 63 2 100 34 36 60 73 79 81 86 88 5 10 28 41 52 75 72 99 1 4 8 29 44 50 61 69 71 77 13 21 31 78 84 48
Volta 51: 63 2 15 38 34 36 60 73 79 86 88 100 5 10 28 41 52 72 81 8 44 61 75 71 77 99 4 1 13 21 29 31 50 69 78 84
Volta 52: 63 2 15 38 34 36 60 73 79 86 5 10 28 41 52 72 81 88 100 61 75 4 1 8 21 29 31 44 50 69 71 78 77 99 13 84
Volta 53: 2 38 63 15 34 36 60 73 79 86 10 81 100 5 28 41 52 61 72 88 4 8 29 44 50 75 71 77 99 1 13 21 31 69 78
Volta 54: 2 63 15 34 36 38 60 86 10 73 79 81 5 28 52 61 88 8 29 41 44 72 75 77 4 1 21 31 50 69 71 78 99 13
Volta 55: 63 2 34 36 60 86 10 15 38 81 5 28 61 73 79 8 29 44 41 52 72 75 88 1 4 31 71 77 99 21 50 69 78
Volta 56: 2 36 60 63 86 10 15 34 38 81 5 28 61 73 79 8 29 44 41 52 72 75 88 31 71 77 99 4 1 21 69 78 50
Volta 57: 2 60 63 86 10 34 36 81 15 28 38 61 79 5 8 44 41 75 73 72 29 52 71 77 88 99 1 4 21 31 69 78
Volta 58: 2 60 63 10 34 36 81 86 15 28 61 79 5 8 38 73 29 44 41 52 75 72 77 88 1 21 31 71 99 4 69 78
Volta 59: 2 63 36 60 81 86 10 15 34 61 8 28 38 73 79 5 29 44 41 52 75 72 88 1 71 77 4 21 31 69 99
Volta 60: 63 36 60 81 15 34 61 86 8 10 28 38 79 44 52 5 1 29 41 71 72 75 77 88 4 31 69 99 21
Volta 61: 63 60 81 36 8 15 28 34 38 61 86 10 52 79 1 5 44 75 72 88 4 29 31 41 71 77 99 69
Volta 62: 60 63 81 36 8 15 28 38 61 10 34 52 79 86 1 44 75 72 88 5 29 41 71 4 31 69 77 99
Volta 63: 81 60 63 28 36 38 61 8 10 15 34 86 1 52 75 72 79 88 5 41 44 71 4 29 31 69 77
Volta 64: 81 63 28 36 60 10 15 38 61 86 1 8 34 52 72 79 88 5 44 75 4 29 41 71 77 31 69
Volta 65: 81 60 63 10 28 38 36 61 86 1 8 15 34 52 79 44 72 88 4 5 29 41 75 77 31 71
Volta 66: 81 63 28 36 60 61 1 8 10 15 34 38 52 86 72 4 41 75 77 88 5 29 31 71
Volta 67: 81 28 60 63 10 15 36 38 52 61 86 1 8 34 72 41 75 4 29 77 88 5 31
Volta 68: 81 28 60 63 10 15 36 52 61 86 1 8 34 38 72 41 75 4 29 77 88 5 31
Volta 69: 81 60 10 28 52 63 86 1 15 34 38 36 61 72 8 75 4 41 77 29 88 5
Volta 70: 81 28 60 63 1 10 15 34 36 38 52 61 72 86 75 4 8 77 41 88 29 5
Volta 71: 81 28 60 63 1 10 15 52 61 72 86 34 38 36 4 75 77 8 41 29 88
Volta 72: 81 60 1 15 61 63 86 10 34 36 38 52 72 4 75 8 41 77 29 88
Volta 73: 81 60 1 15 63 86 10 34 38 36 52 61 72 4 75 8 41 77 29
Volta 74: 81 60 15 63 86 1 10 36 52 61 72 4 34 38 75 8 29 41 77
Volta 75: 81 60 15 86 10 63 61 72 1 4 38 36 52 8 34 75 41 29
Volta 76: 81 60 15 86 63 1 10 52 61 72 4 8 34 38 36 75 41 29
Volta 77: 81 60 15 86 1 10 52 63 61 4 8 36 72 75 34 38 41
Volta 78: 81 60 15 86 10 1 4 63 61 75 72 8 34 38 36 41
Volta 79: 81 60 86 10 15 1 63 72 4 34 38 61 75 8 36
Volta 80: 81 60 86 10 15 4 1 34 61 63 72 8 38 36 75
Volta 81: 81 60 15 86 10 1 4 34 61 63 72 36 8 38
Volta 82: 81 60 15 86 10 61 63 72 4 1 34 36 8 38
Volta 83: 81 60 15 86 10 61 72 4 1 34 63 36 8
Volta 84: 60 81 15 10 61 72 4 63 1 34 36 8
Volta 85: 60 81 15 4 10 61 72 34 36 63 1
Volta 86: 60 81 15 10 4 34 36 63 61 72 1
Volta 87: 81 60 15 10 61 63 72 4 34 36
Volta 88: 81 60 15 10 4 36 63 61 72 34
Volta 89: 81 60 15 10 4 36 61 63 72
Volta 90: 81 60 15 10 4 36 63 61 72
Volta 91: 81 60 15 10 4 36 61 63
Volta 92: 60 81 15 10 4 36 63 61
Volta 93: 60 81 15 10 4 36 63
Volta 94: 60 81 15 10 36 4 63
Volta 95: 60 81 15 10 36 4
Volta 96: 60 81 15 10 36 4
Volta 97: 60 81 15 10 36
Volta 98: 60 81 15 36 10
Volta 99: 60 81 15 36
Volta 100: 60 81 15 36
Volta 101: 60 81 15
Volta 102: 60 81 15
Volta 103: 60 81
Volta 104: 60 81

Ranqueamento Final:
1: Ciclista 81 - 1951.98 segundos
2: Ciclista 15 - 1950.30 segundos
3: Ciclista 60 - 1936.38 segundos
4: Ciclista 36 - 1935.90 segundos
5: Ciclista 10 - 1920.18 segundos
6: Ciclista 4 - 1905.06 segundos
7: Ciclista 63 - 1876.50 segundos
8: Ciclista 61 - 1816.50 segundos
9: Ciclista 72 - 1786.74 segundos
10: Ciclista 34 - 1755.78 segundos
11: Ciclista 1 - 1725.06 segundos
12: Ciclista 8 - 1680.18 segundos
13: Ciclista 38 - 1635.90 segundos
14: Ciclista 75 - 1591.74 segundos
15: Ciclista 41 - 1561.02 segundos
16: Ciclista 29 - 1530.66 segundos
17: Ciclista 77 - 1486.86 segundos
18: Ciclista 88 - 1457.10 segundos
19: Ciclista 5 - 1440.06 segundos
20: Ciclista 31 - 1395.78 segundos
21: Ciclista 71 - 1336.74 segundos
22: Ciclista 69 - 1306.62 segundos
23: Ciclista 99 - 1262.34 segundos
24: Ciclista 21 - 1230.54 segundos
25: Ciclista 78 - 1186.86 segundos
26: Ciclista 50 - 1156.14 segundos
27: Ciclista 13 - 1110.30 segundos
28: Ciclista 84 - 1066.98 segundos
29: Ciclista 48 - 1036.14 segundos
30: Ciclista 80 - 991.98 segundos
31: Ciclista 49 - 961.14 segundos
32: Ciclista 11 - 930.30 segundos
33: Ciclista 23 - 885.54 segundos
34: Ciclista 82 - 841.98 segundos
35: Ciclista 9 - 810.18 segundos
36: Ciclista 40 - 765.90 segundos
37: Ciclista 14 - 735.30 segundos
38: Ciclista 25 - 690.54 segundos
39: Ciclista 54 - 660.18 segundos
40: Ciclista 43 - 616.02 segundos
41: Ciclista 24 - 585.54 segundos
42: Ciclista 76 - 541.86 segundos
43: Ciclista 83 - 496.98 segundos
44: Ciclista 90 - 452.10 segundos
45: Ciclista 98 - 407.34 segundos
46: Ciclista 46 - 376.14 segundos
47: Ciclista 32 - 330.78 segundos
48: Ciclista 97 - 272.34 segundos
49: Ciclista 17 - 240.42 segundos
50: Ciclista 33 - 195.78 segundos
51: Ciclista 3 - 165.06 segundos
52: Ciclista 57 - 121.38 segundos
53: Ciclista 94 - 62.22 segundos

Ciclista 2 quebrou na volta 60 - 1125.00 segundos
Ciclista 6 quebrou na volta 30 - 660.12 segundos
Ciclista 7 quebrou na volta 12 - 255.12 segundos
Ciclista 12 quebrou na volta 6 - 120.24 segundos
Ciclista 16 quebrou na volta 24 - 525.36 segundos
Ciclista 18 quebrou na volta 48 - 945.36 segundos
Ciclista 19 quebrou na volta 6 - 120.36 segundos
Ciclista 20 quebrou na volta 6 - 120.36 segundos
Ciclista 22 quebrou na volta 48 - 900.48 segundos
Ciclista 26 quebrou na volta 18 - 360.60 segundos
Ciclista 27 quebrou na volta 18 - 390.60 segundos
Ciclista 28 quebrou na volta 72 - 1395.60 segundos
Ciclista 30 quebrou na volta 30 - 630.60 segundos
Ciclista 35 quebrou na volta 6 - 120.72 segundos
Ciclista 37 quebrou na volta 18 - 345.84 segundos
Ciclista 39 quebrou na volta 6 - 135.84 segundos
Ciclista 42 quebrou na volta 12 - 255.96 segundos
Ciclista 44 quebrou na volta 66 - 1320.96 segundos
Ciclista 45 quebrou na volta 12 - 240.96 segundos
Ciclista 47 quebrou na volta 6 - 106.08 segundos
Ciclista 51 quebrou na volta 36 - 706.20 segundos
Ciclista 52 quebrou na volta 78 - 1516.20 segundos
Ciclista 53 quebrou na volta 12 - 256.20 segundos
Ciclista 55 quebrou na volta 18 - 331.20 segundos
Ciclista 56 quebrou na volta 12 - 256.32 segundos
Ciclista 58 quebrou na volta 36 - 751.32 segundos
Ciclista 59 quebrou na volta 12 - 271.32 segundos
Ciclista 62 quebrou na volta 48 - 946.44 segundos
Ciclista 64 quebrou na volta 42 - 826.44 segundos
Ciclista 65 quebrou na volta 24 - 481.44 segundos
Ciclista 66 quebrou na volta 12 - 241.56 segundos
Ciclista 67 quebrou na volta 18 - 361.56 segundos
Ciclista 68 quebrou na volta 48 - 976.56 segundos
Ciclista 70 quebrou na volta 6 - 136.56 segundos
Ciclista 73 quebrou na volta 60 - 1171.68 segundos
Ciclista 74 quebrou na volta 24 - 511.68 segundos
Ciclista 79 quebrou na volta 66 - 1291.80 segundos
Ciclista 85 quebrou na volta 48 - 991.92 segundos
Ciclista 86 quebrou na volta 84 - 1622.04 segundos
Ciclista 87 quebrou na volta 42 - 857.04 segundos
Ciclista 89 quebrou na volta 12 - 242.04 segundos
Ciclista 91 quebrou na volta 36 - 752.16 segundos
Ciclista 92 quebrou na volta 12 - 227.16 segundos
Ciclista 93 quebrou na volta 42 - 797.16 segundos
Ciclista 95 quebrou na volta 30 - 617.16 segundos
Ciclista 96 quebrou na volta 30 - 632.28 segundos
Ciclista 100 quebrou na volta 54 - 1052.28 segundos
