Volta 1: 5 4 3 2 1 8 7 10 6 9 14 11 12 15 13 20 18 16 17 19 25 22 24 23 21 26 30 29 27 28 32 35 34 31 33 40 39 38 37 36 43 41 42 44 45 46 50 49 47 48
Volta 2: 4 3 2 9 10 7 6 8 14 13 15 12 19 16 20 24 21 22 25 23 28 27 31 35 32 33 36 37 41 42 45 43 48 50 46 49 47 1 5 11 18 17 29 26 30 34 38 39 40 44
Volta 3: 4 3 10 7 12 15 14 19 28 27 35 43 41 48 1 5 2 9 6 8 13 11 17 20 16 18 24 22 23 21 25 30 29 26 33 32 31 34 39 37 38 36 42 45 50 47 46 49 40
Volta 4: 4 3 10 7 12 19 27 28 43 41 2 1 6 8 15 13 14 17 20 18 25 24 22 21 26 29 32 35 33 31 38 39 45 42 47 50 46 49 48 5 9 11 16 23 30 34 36 37 40
Volta 5: 4 3 10 12 19 28 27 41 43 2 6 7 15 14 17 20 24 22 26 35 31 39 38 49 1 5 8 13 18 23 21 25 29 30 33 32 37 36 45 42 47 50 48 46 9 11 16 34
Volta 6: 3 4 19 27 43 41 7 10 6 14 12 20 22 28 35 39 38 5 1 8 15 13 17 18 24 21 26 30 29 32 31 45 42 50 47 48 49 9 11 23 25 36 37 46 34
Volta 7: 27 4 3 6 7 14 19 22 28 39 38 43 41 10 8 12 13 15 18 20 17 24 30 26 32 35 31 42 50 49 47 48 5 1 9 11 21 23 29 37 36 45 25 46
Volta 8: 27 7 6 14 19 22 28 38 39 41 43 4 3 10 13 15 20 26 35 31 42 47 49 50 1 8 9 11 12 18 17 21 23 24 30 29 32 36 37 45 48 5 25 46
Volta 9: 27 7 6 14 19 22 28 3 4 10 13 20 31 35 39 38 41 42 43 1 9 8 15 11 18 17 23 24 30 26 29 32 37 50 49 47 5 12 21 25 36 45 48
Volta 10: 27 6 7 14 19 28 3 4 10 20 22 35 31 39 42 41 43 8 9 15 13 24 29 26 38 37 47 50 5 1 11 12 18 17 23 25 30 32 36 45 49 48 21
Volta 11: 27 6 7 14 19 28 10 20 22 31 39 42 43 41 3 4 8 13 15 24 26 29 35 37 47 1 9 11 12 18 17 23 25 30 32 36 38 45 49 50 48 5
Volta 12: 27 6 7 19 28 14 20 22 39 42 43 41 3 4 8 10 13 15 24 26 29 35 47 9 12 17 25 32 37 36 45 48 50 49 5 11 18 23 30 38
Volta 13: 27 7 6 14 19 28 39 42 43 3 8 10 20 22 29 26 35 41 47 4 9 13 15 24 25 32 37 45 50 49 12 11 17 36 48 5 18 23 30
Volta 14: 7 6 27 14 19 28 39 42 43 20 22 29 26 35 41 47 3 8 10 15 25 24 4 9 13 12 17 32 36 37 45 49 50 11 23 30 48 5 18
Volta 15: 7 27 6 19 42 14 20 22 28 26 39 43 3 10 8 24 25 29 35 41 47 4 9 15 13 32 37 45 49 12 11 17 23 30 36 50 48 5
Volta 16: 7 27 19 42 6 22 28 39 43 8 14 20 25 24 26 29 41 47 4 3 10 35 37 49 9 15 13 11 12 30 32 36 45 50 17 23 48 5
Volta 17: 7 19 27 42 6 43 14 20 22 24 25 28 39 47 4 8 10 29 26 35 41 49 3 9 13 12 11 15 30 32 37 36 45 50 23 48 17
Volta 18: 7 27 6 19 42 43 14 20 25 28 4 10 8 24 26 29 39 41 47 9 13 11 30 35 36 45 50 49 3 12 15 23 32 37 17 48
Volta 19: 7 27 6 19 42 14 20 25 28 43 4 8 41 47 9 10 24 29 26 30 35 39 45 50 49 12 15 11 13 23 32 36 37 3 17
Volta 20: 7 6 27 14 19 28 42 43 8 20 25 47 4 10 24 29 30 26 35 39 45 41 50 9 11 13 36 49 3 12 15 17 23 32 37
Volta 21: 7 6 27 14 19 42 20 25 28 43 47 4 8 10 24 29 30 35 39 50 9 13 11 26 41 45 49 3 12 15 17 23 32 36
Volta 22: 6 7 27 14 42 19 20 28 43 8 24 25 30 35 39 47 4 10 11 13 26 29 45 41 50 49 3 9 15 17 12 23 32 36
Volta 23: 7 6 27 42 14 20 43 8 19 25 28 35 47 4 10 13 24 29 26 30 39 45 41 50 49 3 9 15 11 17 12 32 23
Volta 24: 6 27 7 42 8 20 25 28 43 4 13 19 24 26 29 30 35 39 47 50 3 9 11 45 49 15 17 23 32
Volta 25: 6 27 42 7 8 25 20 19 24 26 30 28 35 39 43 50 47 4 3 11 13 29 49 9 15 45 17 23
Volta 26: 6 27 42 7 8 20 19 25 26 30 28 35 39 43 47 50 4 3 11 24 29 49 13 45 9 15 17 23
Volta 27: 6 27 42 7 8 20 25 28 30 35 47 4 3 19 24 26 29 39 43 50 11 13 49 15 17 45 9
Volta 28: 6 27 42 7 8 20 25 35 4 19 30 29 28 26 39 43 50 47 3 11 13 24 49 17 45 9 15
Volta 29: 6 27 42 8 7 20 25 28 26 30 35 43 47 50 3 4 11 19 24 29 39 49 13 17 9 45
Volta 30: 27 42 7 20 8 25 30 26 35 43 50 4 19 24 29 49 47 3 11 17 39 9 13
Volta 31: 27 42 7 20 25 35 43 50 4 8 19 24 30 26 11 17 29 39 49 47 3 9
Volta 32: 42 27 7 20 25 35 4 8 19 26 30 43 50 17 24 29 39 47 49 9 11 3
Volta 33: 42 27 20 7 25 4 8 19 26 30 35 43 50 17 29 39 47 11 24 49 9
Volta 34: 27 42 20 7 25 4 8 19 30 35 17 26 29 39 43 50 47 24 49 9 11
Volta 35: 42 27 7 20 4 8 19 25 30 35 26 29 39 50 17 24 43 47 49 9
Volta 36: 42 27 20 8 7 19 35 4 25 30 26 50 17 29 39 43 47 49 9
Volta 37: 42 27 7 20 35 4 8 19 26 50 17 25 30 29 39 43 47 49
Volta 38: 42 27 7 20 4 26 35 8 19 17 39 43 49 50 25 29 30 47
Volta 39: 42 27 7 20 35 4 8 17 19 26 49 25 29 39 43 50 30
Volta 40: 42 7 27 20 35 4 8 17 26 19 29 43 50 49 25 30 39
Volta 41: 42 7 27 20 8 17 35 4 19 26 43 49 30 29 50 25
Volta 42: 42 7 27 8 20 35 4 17 26 49 19 43 50 25 29 30
Volta 43: 42 7 27 35 4 8 20 19 17 26 43 49 29 50 25
Volta 44: 7 42 27 4 20 35 8 17 26 43 49 19 50 25 29
Volta 45: 7 27 42 35 4 8 20 17 49 19 26 43 50 25
Volta 46: 7 42 27 4 35 8 20 17 26 43 50 49 19 25
Volta 47: 7 42 27 4 8 17 26 35 43 49 50 20 19
Volta 48: 42 7 27 8 17 26 35 4 20 19 43 49 50
Volta 49: 42 7 27 35 4 8 19 17 26 43 49 20
Volta 50: 7 27 42 4 8 17 19 35 49 20 26 43
Volta 51: 7 42 27 17 19 35 4 8 20 26 49
Volta 52: 42 7 27 35 19 17 49 4 8 20 26
Volta 53: 42 7 27 35 19 17 4 8 20 49
Volta 54: 42 7 17 19 35 20 49
Volta 55: 42 7 17 19 20 35
Volta 56: 42 7 17 19 20 35
Volta 57: 42 7 17 20 19
Volta 58: 42 7 17 19 20
Volta 59: 42 7 17 19
Volta 60: 7 17 19
Volta 61: 7 17
Volta 62: 7 17

Ranqueamento Final:
1: Ciclista 17 - 1200.42 segundos
2: Ciclista 19 - 1185.42 segundos
3: Ciclista 7 - 1185.18 segundos
4: Ciclista 20 - 1155.42 segundos
5: Ciclista 35 - 1125.78 segundos
6: Ciclista 49 - 1095.06 segundos
7: Ciclista 26 - 1050.66 segundos
8: Ciclista 43 - 1006.02 segundos
9: Ciclista 50 - 961.14 segundos
10: Ciclista 25 - 945.54 segundos
11: Ciclista 29 - 900.66 segundos
12: Ciclista 30 - 855.66 segundos
13: Ciclista 39 - 810.90 segundos
14: Ciclista 47 - 766.14 segundos
15: Ciclista 9 - 750.18 segundos
16: Ciclista 11 - 705.30 segundos
17: Ciclista 3 - 675.06 segundos
18: Ciclista 13 - 631.02 segundos
19: Ciclista 15 - 600.30 segundos
20: Ciclista 23 - 585.54 segundos
21: Ciclista 32 - 525.78 segundos
22: Ciclista 36 - 480.90 segundos
23: Ciclista 37 - 435.90 segundos
24: Ciclista 48 - 406.14 segundos
25: Ciclista 5 - 375.06 segundos
26: Ciclista 18 - 330.42 segundos
27: Ciclista 38 - 270.90 segundos
28: Ciclista 21 - 240.54 segundos
29: Ciclista 46 - 196.14 segundos
30: Ciclista 34 - 165.78 segundos
31: Ciclista 40 - 105.90 segundos
32: Ciclista 44 - 61.02 segundos

Ciclista 1 quebrou na volta 12 - 270.00 segundos
Ciclista 2 quebrou na volta 6 - 120.00 segundos
Ciclista 4 quebrou na volta 54 - 1095.00 segundos
Ciclista 6 quebrou na volta 30 - 540.12 segundos
Ciclista 8 quebrou na volta 54 - 1080.12 segundos
Ciclista 10 quebrou na volta 24 - 495.12 segundos
Ciclista 12 quebrou na volta 24 - 510.24 segundos
Ciclista 14 quebrou na volta 24 - 450.24 segundos
Ciclista 16 quebrou na volta 6 - 150.36 segundos
Ciclista 22 quebrou na volta 18 - 345.48 segundos
Ciclista 24 quebrou na volta 36 - 735.48 segundos
Ciclista 27 quebrou na volta 54 - 1020.60 segundos
Ciclista 28 quebrou na volta 30 - 600.60 segundos
Ciclista 31 quebrou na volta 12 - 225.72 segundos
Ciclista 33 quebrou na volta 6 - 135.72 segundos
Ciclista 41 quebrou na volta 24 - 480.96 segundos
Ciclista 42 quebrou na volta 60 - 1095.96 segundos
Ciclista 45 quebrou na volta 30 - 630.96 segundos
