Volta 1: 3 4 1 2 5 9 10 6 8 7 14 13 15 12 11 19 16 20 18 17 24 23 21 22 25 26 30 29 27 28 32 34 31 33 35 37 38 39 40 36 43 42 45 44 41 50 47 48 49 46
Volta 2: 2 1 5 4 10 9 6 8 11 12 13 15 20 18 17 16 25 24 21 23 22 26 29 28 27 33 34 32 31 35 40 39 41 44 49 46 47 50 3 7 14 19 30 37 38 36 45 42 43 48
Volta 3: 1 2 10 8 6 12 16 17 20 21 24 25 28 27 26 32 31 39 44 46 49 47 5 4 3 7 9 14 15 11 13 18 19 23 22 29 30 35 34 33 36 40 37 38 43 41 45 42 50
Volta 4: 2 1 10 8 12 16 17 24 21 26 31 39 46 49 47 5 3 4 6 13 11 18 20 25 23 28 29 27 35 33 34 32 38 36 43 44 42 41 45 50 7 9 14 15 19 22 30 40 37
Volta 5: 2 1 8 10 24 21 26 31 46 47 49 3 4 5 6 12 13 17 16 20 18 25 23 29 27 28 33 35 34 32 39 38 36 42 44 43 41 50 7 9 14 11 15 19 22 30 40 45
Volta 6: 2 1 21 26 47 49 46 3 5 8 10 12 17 16 20 24 29 27 28 32 35 34 31 38 39 43 41 4 6 11 13 15 14 18 22 23 25 30 33 40 36 42 44 45 50 9 7 19
Volta 7: 1 26 49 2 3 10 8 12 20 17 21 24 35 31 39 43 41 46 47 5 4 6 15 13 14 18 16 25 23 28 27 29 32 33 34 38 36 44 42 50 7 9 11 22 30 40 45
Volta 8: 1 2 3 17 20 24 26 43 41 47 49 46 5 6 8 10 15 12 16 18 21 25 29 31 35 32 34 36 39 38 4 9 7 14 11 13 22 23 27 30 28 33 44 42 50 40 45
Volta 9: 1 3 20 26 41 43 46 49 5 2 8 6 12 17 16 21 24 25 29 34 31 32 35 36 47 4 10 7 14 15 13 18 23 28 27 30 33 38 39 44 42 50 9 11 22 40
Volta 10: 1 3 20 41 43 49 46 2 6 17 25 24 26 35 34 36 47 5 4 8 10 15 12 13 16 18 23 21 28 29 30 31 33 32 39 38 44 42 50 9 7 14 11 27 40 22
Volta 11: 3 1 20 46 2 6 24 26 36 41 43 47 49 5 8 12 16 17 25 21 23 29 28 35 31 32 34 33 38 39 44 4 10 15 11 13 14 18 27 30 40 42 50 7 9
Volta 12: 3 1 20 46 26 36 43 49 5 2 6 8 12 16 17 23 25 28 29 32 31 35 39 38 44 41 47 4 10 13 15 18 21 27 30 34 33 40 42 50 7 11 9
Volta 13: 46 3 1 20 43 49 2 6 12 17 16 23 29 28 26 35 38 36 44 41 47 5 4 8 15 18 25 21 30 33 31 34 32 40 39 50 10 13 11 27 42 7
Volta 14: 3 20 43 46 49 2 1 6 12 16 17 23 29 26 36 38 44 47 5 4 8 25 28 30 34 35 32 31 39 40 41 10 15 13 11 18 21 27 33 50 7 42
Volta 15: 3 20 43 49 46 2 1 6 17 26 38 36 44 4 5 12 16 23 25 28 29 35 34 31 39 41 47 8 15 11 13 18 21 27 30 33 32 40 50 10 7
Volta 16: 49 46 3 2 1 6 20 26 38 36 43 4 12 17 16 25 29 28 35 39 44 47 5 8 11 13 18 21 23 30 33 34 31 32 40 41 50 15 27 10 7
Volta 17: 46 3 2 20 26 43 49 1 6 17 16 25 28 39 36 38 44 47 4 5 12 13 11 18 29 34 33 35 41 8 15 21 23 27 30 32 31 40 50 10
Volta 18: 2 3 20 43 6 17 26 39 44 4 1 11 13 18 16 25 28 36 5 8 12 15 21 30 29 33 31 34 35 41 50 23 27 32 40
Volta 19: 2 3 6 17 20 26 39 43 44 4 1 11 28 5 13 12 16 18 25 30 29 33 34 35 36 41 8 15 21 23 27 31 32 50
Volta 20: 3 2 6 20 17 26 39 44 43 1 4 11 5 12 13 18 25 28 30 34 36 41 8 16 23 21 27 29 35 33 15 32 31 50
Volta 21: 3 2 6 20 17 26 39 44 43 11 4 1 12 13 18 25 34 41 5 16 23 21 28 30 29 33 35 36 8 15 27 31 32
Volta 22: 3 2 6 26 44 20 17 39 43 1 12 11 13 18 25 34 41 5 4 21 28 29 33 36 8 15 16 23 30 27 35 32 31
Volta 23: 3 2 26 6 20 39 44 1 11 13 17 18 34 43 5 4 12 21 25 41 8 15 16 23 29 28 27 30 33 35 36 32
Volta 24: 3 2 26 6 44 1 11 13 39 43 12 18 17 21 34 41 4 25 27 30 28 33 35 8 15 16 23 29 32
Volta 25: 26 3 2 1 6 39 44 43 11 13 17 18 34 4 12 25 21 27 33 35 41 8 15 16 28 29 30 23
Volta 26: 3 26 2 1 6 44 43 11 13 34 39 12 18 17 21 25 35 41 4 8 15 16 30 28 27 29 33 23
Volta 27: 26 3 1 2 6 43 44 13 34 12 11 18 17 25 21 35 39 8 15 27 41 4 16 30 29 28 33
Volta 28: 1 3 2 6 26 43 44 34 11 13 12 17 18 21 39 8 15 25 35 41 4 16 29 28 27 30 33
Volta 29: 1 3 6 26 44 2 34 43 17 8 12 15 11 13 18 25 21 35 39 41 4 16 30 28 27 29
Volta 30: 1 3 26 2 6 34 43 12 11 13 17 18 21 25 35 39 41 4 8 15 27 30 16 29
Volta 31: 1 2 3 6 26 34 43 11 18 17 25 21 35 4 8 15 13 12 27 30 39 41 16
Volta 32: 1 3 26 2 6 34 43 17 18 21 25 35 12 11 30 27 39 41 4 8 15 13 16
Volta 33: 1 3 2 6 26 34 43 17 18 21 35 12 11 25 27 41 4 8 30 39 15 13
Volta 34: 1 2 3 34 43 6 18 21 26 35 12 11 17 25 27 41 8 30 39 4 13 15
Volta 35: 1 2 3 34 6 26 35 43 18 17 21 8 12 11 25 27 41 4 30 39 13
Volta 36: 1 2 3 6 26 34 18 21 35 43 11 12 25 27 41 4 8 30 39 13
Volta 37: 1 3 2 6 26 34 43 11 12 18 21 25 35 4 8 27 41 30 39
Volta 38: 1 3 2 6 26 43 11 12 18 21 25 34 35 8 27 41 4 30 39
Volta 39: 1 2 3 6 26 43 11 12 18 21 35 34 8 25 27 4 41 30
Volta 40: 1 6 26 43 3 2 8 11 12 18 21 25 27 35 34 41 4 30
Volta 41: 1 6 26 43 2 3 21 25 27 35 34 8 12 11 18 4 41
Volta 42: 1 2 3 6 26 43 25 21 11 12 18 27 34 35 4 8 41
Volta 43: 1 2 3 6 26 43 21 18 25 34 4 8 12 11 27 35
Volta 44: 1 3 6 43 2 21 26 18 25 34 8 11 12 27 35 4
Volta 45: 1 3 43 2 6 26 18 21 34 11 25 27 8 12 35
Volta 46: 1 3 2 6 43 21 26 34 18 25 27 11 35 8 12
Volta 47: 1 2 3 43 6 26 34 18 25 21 27 11 35 8
Volta 48: 1 3 2 43 6 26 21 25 27 18 35 8 11
Volta 49: 1 2 3 43 6 25 21 27 26 18 35 8
Volta 50: 1 3 2 43 6 25 27 26 18 21 35 8
Volta 51: 1 2 3 6 27 26 43 21 25 18 35
Volta 52: 1 3 2 27 43 6 21 25 26 18 35
Volta 53: 1 3 2 43 6 25 26 27 18 21
Volta 54: 1 2 3 43 25 27 26 6 18 21
Volta 55: 2 1 3 43 26 6 18 25 27
Volta 56: 1 2 3 43 25 26 27 6 18
Volta 57: 3 1 2 43 25 26 27 6
Volta 58: 3 2 1 43 25 26 27 6
Volta 59: 3 1 2 25 43 26 27
Volta 60: 3 1 43 25 26 27
Volta 61: 1 3 25 43 26
Volta 62: 1 3 43 25 26
Volta 63: 1 3 25 43
Volta 64: 1 3 25 43
Volta 65: 1 3 25
Volta 66: 1 3 25

Ranqueamento Final:
1: Ciclista 25 - 6375.54 segundos
2: Ciclista 3 - 6375.06 segundos
3: Ciclista 1 - 6375.06 segundos
4: Ciclista 43 - 6226.02 segundos
5: Ciclista 26 - 6075.66 segundos
6: Ciclista 27 - 5925.66 segundos
7: Ciclista 6 - 5700.18 segundos
8: Ciclista 18 - 5550.42 segundos
9: Ciclista 21 - 5325.54 segundos
10: Ciclista 35 - 5175.78 segundos
11: Ciclista 8 - 5100.18 segundos
12: Ciclista 11 - 4875.30 segundos
13: Ciclista 12 - 4725.30 segundos
14: Ciclista 4 - 4500.06 segundos
15: Ciclista 41 - 4276.02 segundos
16: Ciclista 30 - 4125.66 segundos
17: Ciclista 39 - 3900.90 segundos
18: Ciclista 13 - 3825.30 segundos
19: Ciclista 15 - 3600.30 segundos
20: Ciclista 16 - 3450.42 segundos
21: Ciclista 29 - 3150.66 segundos
22: Ciclista 33 - 2925.78 segundos
23: Ciclista 23 - 2850.54 segundos
24: Ciclista 32 - 2625.78 segundos
25: Ciclista 31 - 2400.78 segundos
26: Ciclista 50 - 2176.14 segundos
27: Ciclista 40 - 2025.18 segundos
28: Ciclista 7 - 1800.18 segundos
29: Ciclista 42 - 1576.02 segundos
30: Ciclista 9 - 1425.18 segundos
31: Ciclista 22 - 1200.54 segundos
32: Ciclista 45 - 976.02 segundos
33: Ciclista 19 - 750.42 segundos
34: Ciclista 37 - 525.90 segundos
35: Ciclista 48 - 301.14 segundos

Ciclista 2 quebrou na volta 60 - 5700.00 segundos
Ciclista 5 quebrou na volta 24 - 2475.00 segundos
Ciclista 10 quebrou na volta 18 - 2025.12 segundos
Ciclista 14 quebrou na volta 12 - 1275.24 segundos
Ciclista 17 quebrou na volta 36 - 3525.36 segundos
Ciclista 20 quebrou na volta 24 - 2325.36 segundos
Ciclista 24 quebrou na volta 12 - 1125.48 segundos
Ciclista 28 quebrou na volta 30 - 3075.60 segundos
Ciclista 34 quebrou na volta 48 - 4650.72 segundos
Ciclista 36 quebrou na volta 24 - 2475.84 segundos
Ciclista 38 quebrou na volta 18 - 1725.84 segundos
Ciclista 44 quebrou na volta 30 - 2850.96 segundos
Ciclista 46 quebrou na volta 18 - 1576.08 segundos
Ciclista 47 quebrou na volta 18 - 1726.08 segundos
Ciclista 49 quebrou na volta 18 - 1726.08 segundos
