Volta 1: 2 3 4 5 1 8 6 7 10 9 15 12 11 14 13 17 18 19 20 16 22 21 25 23 24 26 30 28 27 29 33 35 34 31 32 40 36 39 38 37 41 45 42 44 43 47 49 48 46 50 51 52 53 54 55 57 58 56 60 59 62 61 63 65 64 67 68 70 69 66 75 73 74 71 72 80 76 77 78 79 83 82 84 81 85 90 89 87 88 86 94 92 93 95 91 98 99 97 96 100
Volta 2: 3 1 4 2 8 9 7 10 14 13 20 16 17 18 19 21 25 28 27 29 30 32 33 31 35 37 39 40 45 44 43 42 46 50 48 49 47 53 52 54 51 55 56 58 59 60 62 64 63 61 65 67 69 66 68 73 74 71 77 80 79 85 82 83 81 89 92 94 93 95 91 98 97 96 100 99 5 6 15 11 12 22 23 24 26 34 38 36 41 57 70 75 72 78 76 84 86 90 88 87
Volta 3: 3 4 9 7 10 8 13 20 19 16 25 30 29 33 37 39 43 44 48 53 52 51 60 56 59 61 62 68 67 71 80 79 85 81 82 89 94 92 95 93 99 98 96 100 1 5 2 12 14 15 18 17 23 24 22 21 28 27 26 34 35 32 31 38 40 36 42 41 45 46 50 47 49 55 54 58 57 63 64 65 70 69 66 74 72 73 78 77 76 83 84 86 90 91 97 6 11 75 88
Volta 4: 4 7 8 19 16 25 29 30 33 39 44 59 56 61 68 67 71 79 81 85 82 89 92 95 94 99 98 2 5 3 10 9 12 15 14 13 17 18 20 23 22 28 26 27 34 35 31 37 38 43 42 41 47 46 50 48 49 53 52 54 51 57 58 60 62 64 66 69 72 74 73 80 78 76 77 83 90 93 100 96 1 6 11 24 21 32 40 36 45 55 65 63 70 84 88 86 91 97 75
Volta 5: 7 19 16 25 30 33 39 44 56 79 81 82 89 95 92 98 3 4 2 10 8 12 14 15 20 23 22 28 26 29 35 34 38 42 41 43 48 50 46 49 51 52 53 54 57 59 58 64 62 61 68 66 67 69 74 71 73 72 77 85 90 93 94 96 100 99 5 1 9 13 18 17 21 27 31 32 37 40 47 55 60 63 65 70 80 78 76 83 84 88 86 91 97 6 11 24 36 45
Volta 6: 7 16 25 30 44 56 81 89 92 98 4 3 10 8 15 14 19 23 22 29 28 33 34 39 43 48 46 50 54 53 58 64 61 62 67 68 69 71 73 79 77 85 82 95 99 96 2 12 13 18 20 17 21 31 38 41 47 49 52 51 57 63 66 74 72 78 76 80 83 84 90 86 88 93 94 100 97 1 5 9 11 24 27 32 37 36 45 55 60 65 70 91
Volta 7: 56 89 98 4 3 10 8 7 14 15 16 19 25 29 28 30 34 39 44 48 54 53 58 62 61 64 73 79 77 81 82 95 92 99 2 12 17 20 21 23 22 31 33 38 41 43 49 47 50 46 52 57 66 68 67 69 71 72 74 76 78 83 84 85 88 90 86 94 93 96 100 5 1 9 13 18 24 27 32 37 55 51 65 63 80 97 11 36 45 60 70
Volta 8: 56 89 98 3 10 8 14 19 16 25 39 44 48 54 53 58 62 73 77 79 81 82 92 99 2 4 7 15 12 17 20 22 23 28 29 30 34 31 33 38 43 41 47 46 50 52 57 64 61 67 66 69 71 74 78 85 88 90 95 93 5 13 18 21 24 49 51 63 68 72 76 83 84 86 94 100 97 96 1 9 11 27 32 36 37 45 55 60 65 70 80
Volta 9: 56 10 14 19 25 44 48 58 62 79 77 89 92 98 3 4 2 8 7 15 12 17 20 16 22 28 30 29 34 31 39 41 43 50 53 54 52 57 61 64 66 69 73 74 81 85 82 88 90 99 5 13 18 21 23 24 33 38 49 47 46 63 67 68 72 71 78 84 83 86 94 93 95 97 9 27 32 45 51 55 60 65 76 100 96 1 11 36 37 70
Volta 10: 19 44 48 58 56 79 77 89 98 2 3 4 10 7 8 14 12 15 17 25 29 30 28 31 34 39 41 43 50 53 52 54 57 64 62 61 69 66 74 73 85 81 82 88 90 92 99 5 13 18 20 16 21 22 23 33 38 47 46 63 68 71 72 78 84 86 94 93 97 9 24 27 45 49 55 51 65 67 76 83 95 100 11 32 36 37 60 96 1 70
Volta 11: 44 58 77 79 89 3 4 8 10 12 14 19 25 28 29 31 34 43 41 48 50 52 54 53 56 57 64 61 66 69 73 74 85 81 90 92 98 99 5 2 7 13 15 18 17 20 16 22 30 39 47 62 63 68 72 82 84 88 93 94 97 9 21 23 24 27 33 38 45 49 46 65 67 71 78 83 86 95 100 11 36 37 51 55 60 76 96 1 32
Volta 12: 77 79 89 4 3 8 14 12 25 28 29 43 41 44 50 48 54 53 52 58 57 61 64 74 92 98 99 2 5 10 7 15 13 20 19 30 34 31 56 62 68 66 73 84 81 85 90 94 97 18 24 23 38 45 47 63 71 72 78 83 82 86 88 93 9 11 27 33 49 46 51 55 65 67 76 95 100 32 36 37 60 96 1
Volta 13: 79 77 4 14 12 25 29 28 43 44 41 50 54 52 58 57 64 74 89 99 2 3 8 7 13 19 20 30 34 31 48 53 56 61 62 66 68 73 81 85 90 94 92 98 97 5 10 15 18 23 38 47 63 72 71 78 82 83 84 86 88 93 9 24 27 33 45 46 49 51 55 65 67 76 95 100 11 32 36 37 60 96
Volta 14: 79 4 14 43 41 50 52 57 64 77 89 99 3 13 12 20 25 29 30 28 31 44 48 53 54 58 56 62 61 68 74 85 81 90 92 98 97 2 7 10 8 15 18 19 23 34 38 63 66 71 72 73 78 84 83 88 94 5 9 24 27 33 45 47 55 65 67 82 86 93 11 32 46 49 51 60 76 95 96 100 37 36
Volta 15: 79 4 43 50 52 99 14 13 12 20 25 28 29 30 31 41 44 54 58 57 61 64 62 74 77 89 92 97 3 2 10 8 34 38 48 53 56 63 68 66 73 78 85 81 84 90 94 98 5 7 15 19 18 23 24 27 33 47 55 72 71 83 86 88 93 9 45 49 46 51 60 65 67 76 82 95 96 100 11 32 37
Volta 16: 79 4 43 50 52 99 12 14 25 29 31 41 54 58 57 61 64 62 77 89 92 97 3 2 10 8 13 20 28 30 34 38 44 48 53 56 63 68 66 74 73 78 84 90 98 7 15 18 19 23 24 27 47 72 85 83 81 88 94 5 9 33 45 49 55 67 71 82 86 93 95 11 37 46 51 60 65 76 96 100 32
Volta 17: 43 50 52 79 99 4 12 25 29 41 54 57 58 61 92 2 3 10 13 14 20 30 28 31 38 44 48 53 63 62 64 66 68 74 78 77 89 90 97 8 7 15 18 19 24 34 47 56 73 72 85 83 84 94 98 5 9 23 27 45 49 55 67 71 82 81 86 88 95 93 11 33 37 46 51 60 76 100 96 65
Volta 18: 43 50 79 4 29 41 52 92 99 2 3 13 14 12 25 30 28 31 38 54 57 64 61 62 63 66 68 78 90 89 97 7 8 10 15 19 20 24 44 48 47 56 73 74 77 83 84 5 9 27 49 72 71 81 85 86 88 94 11 33 45 46 55 51 60 67 82 93 96 100 37 65 76
Volta 19: 4 29 43 41 50 52 79 92 99 2 3 12 13 25 28 30 31 54 63 64 61 62 66 68 89 90 97 7 10 14 15 20 38 44 48 57 73 74 78 83 8 19 24 47 49 56 72 71 77 84 85 81 86 94 5 9 27 45 55 67 82 88 93 100 11 33 37 46 51 60 96 65
Volta 20: 41 50 52 79 92 4 3 13 25 29 28 43 54 63 64 99 97 2 10 12 15 20 30 31 48 57 62 61 66 68 73 78 83 90 89 8 7 14 19 24 38 44 47 56 74 77 84 81 94 9 27 45 49 67 71 72 82 85 88 86 93 5 11 33 37 55 51 60 96 100 46 65
Volta 21: 41 50 52 3 13 25 29 28 54 63 79 92 99 4 10 15 30 31 43 48 57 61 62 64 66 73 78 83 89 90 97 2 7 14 12 20 19 38 47 56 68 74 77 81 84 8 9 24 27 45 44 67 71 72 85 86 94 5 37 49 55 60 82 88 93 100 96 11 33 51 46
Volta 22: 50 52 25 28 29 41 63 79 92 4 3 10 13 43 54 61 64 62 73 78 90 89 97 99 2 7 14 15 12 19 30 31 38 48 47 57 56 66 74 77 83 84 8 20 24 27 45 44 67 68 81 86 94 5 9 37 71 72 85 82 88 100 96 11 49 55 51 60 93 33 46
Volta 23: 52 28 29 50 79 4 3 10 13 25 43 41 63 62 64 61 73 78 90 89 92 99 97 2 7 14 15 19 30 38 48 54 57 66 77 84 83 12 20 31 44 47 56 68 74 81 86 94 5 8 9 24 27 37 45 67 72 71 85 100 49 51 60 82 88 93 96 11 33 55
Volta 24: 29 28 79 4 10 25 41 50 63 61 73 78 90 92 99 97 3 13 19 30 38 48 54 57 64 62 77 89 2 15 14 12 20 31 47 56 74 83 84 94 9 8 24 27 37 44 45 68 81 85 86 100 5 51 60 67 72 71 82 88 93 96 11 49 33 55
Volta 25: 29 79 4 28 50 63 73 90 92 97 10 13 19 25 30 41 48 54 64 61 78 77 89 99 3 2 12 15 14 20 38 57 62 74 83 84 94 9 24 27 31 44 45 47 56 68 85 81 86 100 5 8 37 51 67 93 11 49 60 72 71 82 88 96 33
Volta 26: 29 79 4 28 50 73 90 92 97 19 25 41 63 61 78 89 99 2 10 13 14 30 48 54 57 62 64 77 84 83 3 15 12 20 27 31 38 44 47 74 85 86 94 5 9 8 24 37 45 51 56 68 67 81 93 100 49 60 72 71 82 88 96 11 33
Volta 27: 29 79 4 28 50 73 92 97 19 25 41 63 61 78 89 90 2 13 14 30 54 62 64 77 84 83 99 3 10 15 27 31 38 48 57 74 86 94 5 8 9 12 20 24 37 44 47 51 56 67 81 85 93 100 45 49 68 71 72 82 96 11 60 88
Volta 28: 4 28 29 50 73 79 92 19 63 61 78 90 97 2 25 30 41 54 62 77 83 89 99 10 13 15 14 27 38 48 57 64 74 84 86 94 3 9 12 31 44 47 51 56 67 85 93 100 5 8 20 24 37 45 68 72 81 82 96 49 60 71 88 11
Volta 29: 4 29 28 50 73 19 61 79 90 92 97 2 25 30 41 54 62 63 78 77 83 89 99 10 14 13 38 74 84 86 94 3 9 15 12 27 44 48 56 57 64 85 93 100 5 8 20 24 31 37 45 47 51 67 68 72 81 49 60 71 82 96 88
Volta 30: 4 29 28 19 50 61 73 79 90 92 97 30 41 63 77 83 2 25 38 54 62 86 89 99 10 9 15 13 14 44 48 56 64 74 84 85 94 93 100 3 5 8 12 27 37 45 47 51 57 68 67 72 81 20 24 31 49 60 82 96 88
Volta 31: 4 19 28 29 50 73 79 90 97 30 63 61 77 92 2 38 41 54 62 83 89 99 9 14 13 25 48 74 85 84 86 94 93 100 5 10 15 12 37 44 56 57 64 67 68 3 8 20 24 27 31 45 47 51 72 81 49 60 82 96
Volta 32: 4 90 97 19 30 29 28 50 61 63 73 79 92 2 38 54 62 77 83 99 25 41 48 84 89 86 93 100 5 9 10 13 14 15 44 57 56 64 67 68 74 85 94 3 12 24 27 37 45 47 51 72 81 8 20 31 49 60 96 82
Volta 33: 4 90 97 19 28 29 30 50 63 73 79 92 54 62 61 77 99 2 25 38 41 84 83 89 93 10 9 15 14 13 44 48 57 64 68 67 74 86 94 100 3 5 12 24 37 45 51 56 72 85 8 20 27 31 47 60 81 49 96
Volta 34: 4 90 97 28 63 73 19 30 29 50 54 61 62 79 92 99 38 41 77 83 89 2 10 15 25 44 48 57 64 67 74 84 86 93 94 5 3 9 14 13 37 51 56 68 72 85 100 8 12 20 24 27 31 45 47 60 49 81 96
Volta 35: 4 90 97 28 63 73 19 29 30 50 79 92 41 54 62 61 83 99 2 10 15 25 38 44 57 64 67 77 84 86 89 94 93 3 5 9 13 14 48 51 56 68 72 74 12 20 24 31 37 45 47 85 100 8 27 60 81 49
Volta 36: 4 90 97 19 28 29 50 63 73 79 30 54 62 92 99 10 15 38 44 41 57 77 83 86 89 94 2 9 13 14 25 56 64 68 67 74 93 5 12 24 37 47 48 51 72 100 20 27 31 45 85 81 49
Volta 37: 4 90 97 29 50 63 73 79 19 28 30 54 62 92 99 10 15 41 77 83 89 86 2 9 13 14 38 44 56 57 64 74 94 5 12 25 48 51 68 67 72 93 100 20 24 31 37 47 81 27 45 85
Volta 38: 4 79 90 97 19 28 29 50 63 73 92 99 10 30 41 54 62 83 86 89 2 13 15 14 38 44 57 64 74 77 94 5 9 12 25 48 51 56 68 67 72 93 20 31 37 47 100 24 27 85 81 45
Volta 39: 4 79 97 29 28 50 63 73 90 10 19 30 62 86 89 92 99 2 13 14 15 44 41 54 57 74 77 83 25 38 48 51 56 64 68 94 93 5 9 12 37 67 72 100 20 24 31 47 85 27 81
Volta 40: 4 97 28 29 63 73 79 90 10 19 30 50 86 89 92 2 14 15 13 41 44 54 57 62 74 77 83 99 38 48 51 64 68 93 94 5 9 25 56 67 72 100 12 20 24 31 37 47 85 27 81
Volta 41: 4 97 28 63 79 90 10 19 30 29 50 73 89 92 14 44 41 62 74 77 83 86 99 2 15 13 54 51 57 64 9 25 38 48 56 68 67 72 93 94 5 12 20 37 47 85 100 24 31 27
Volta 42: 4 28 79 97 10 19 30 29 50 63 73 90 89 92 44 62 74 77 83 86 2 14 15 41 51 57 99 9 13 48 54 64 68 72 93 94 5 12 20 25 38 37 47 56 67 85 100 31 27
Volta 43: 4 10 30 28 29 63 79 90 89 97 19 50 62 73 74 77 83 86 92 2 14 44 41 51 99 15 13 48 54 57 64 68 72 94 5 9 20 25 38 37 47 56 67 85 93 12 31 100
Volta 44: 4 28 29 30 63 79 97 10 19 50 62 74 73 83 86 90 89 92 2 44 41 77 15 13 14 51 54 57 64 68 99 5 9 20 48 72 85 93 94 12 25 31 37 38 47 56 67 100
Volta 45: 4 28 29 30 97 10 19 50 63 79 89 90 86 2 44 62 73 74 77 83 92 14 15 41 51 54 99 5 9 13 57 64 68 72 93 94 20 25 31 38 37 47 48 56 67 85 12
Volta 46: 4 30 28 19 29 50 63 79 90 86 97 10 62 73 74 77 83 89 92 2 15 14 44 41 54 99 5 9 13 51 57 64 68 72 94 93 25 38 12 20 31 37 48 47 56 67 85
Volta 47: 4 29 28 30 90 97 10 19 50 62 63 74 77 79 83 86 15 41 44 54 73 89 92 99 2 14 51 64 68 5 9 13 57 72 93 94 12 20 25 31 38 37 48 47 56 67
Volta 48: 4 30 28 19 29 50 63 62 79 77 83 90 97 10 15 41 74 86 89 92 99 2 14 54 51 68 73 5 9 13 57 64 72 93 12 20 25 31 38 47 48 94 37 56 67
Volta 49: 4 30 28 29 50 63 77 79 83 90 97 10 15 19 41 62 89 86 99 2 68 74 92 9 14 13 54 51 64 73 5 25 38 57 72 94 93 12 20 31 37 48 47 56
Volta 50: 4 30 28 29 63 79 83 90 97 10 15 19 50 62 77 86 2 41 74 89 92 99 9 13 54 64 68 5 14 25 51 73 93 12 20 31 38 47 48 57 72 94 37 56
Volta 51: 4 30 28 63 79 83 90 15 19 29 50 62 77 97 10 41 74 89 86 99 2 9 64 92 14 13 25 54 51 68 73 93 5 38 48 57 72 94 12 20 31 47 37
Volta 52: 4 30 28 79 83 90 15 19 29 50 63 62 77 97 10 41 89 99 2 9 64 74 86 13 25 54 51 68 92 5 14 38 48 73 72 94 93 12 31 57 20 37 47
Volta 53: 4 28 30 83 15 50 63 77 79 90 97 10 19 29 62 89 99 2 9 41 86 13 64 74 92 5 14 25 38 51 54 68 73 93 12 48 57 72 94 20 31 37
Volta 54: 4 83 28 30 63 79 77 90 97 10 15 19 29 62 89 9 41 86 99 2 13 64 92 5 14 25 38 51 54 68 74 93 48 57 73 72 94 12 20 31 37
Volta 55: 4 83 30 63 79 77 90 97 10 15 19 28 89 9 29 41 62 86 99 13 5 2 25 38 54 64 74 92 14 51 57 68 93 94 12 20 31 48 72 73
Volta 56: 4 83 63 77 97 10 15 19 30 28 79 90 9 29 41 89 99 13 62 86 5 25 38 54 64 92 2 14 51 68 74 94 93 20 31 48 57 73 72 12
Volta 57: 4 83 97 28 30 63 77 90 9 10 15 19 29 41 79 89 99 62 5 13 25 38 54 86 14 51 64 68 74 93 94 92 2 20 31 48 57 73 72
Volta 58: 4 83 97 28 30 63 77 10 79 90 9 15 19 29 41 62 89 99 5 13 25 54 86 38 51 64 74 92 2 14 20 48 57 68 94 93 31 73 72
Volta 59: 83 97 4 30 28 63 10 79 77 90 9 15 41 62 89 19 25 29 54 86 99 5 13 38 51 92 2 14 20 48 57 64 68 74 93 94 31 73
Volta 60: 83 97 4 28 30 63 10 79 90 89 9 15 19 25 29 41 54 62 5 13 51 92 99 14 38 68 74 94 2 20 31 48 57 93 73
Volta 61: 30 28 83 97 4 10 63 79 90 89 9 19 25 62 15 13 29 41 51 54 92 99 5 38 68 74 94 2 14 20 31 48 57 93
Volta 62: 28 83 4 30 63 97 10 79 90 9 25 89 15 13 19 29 54 62 92 99 5 41 51 68 74 2 14 31 38 48 57 94 20 93
Volta 63: 83 4 28 63 97 10 30 79 90 25 89 9 15 19 29 54 92 99 5 13 62 74 38 41 48 51 57 68 2 14 20 31 94
Volta 64: 83 28 63 97 4 10 30 79 25 90 9 29 54 89 92 99 13 15 19 62 5 38 41 68 74 2 14 31 48 51 57 94 20
Volta 65: 63 83 4 28 30 97 10 79 90 9 25 29 54 89 92 99 15 19 62 5 13 41 74 2 38 48 51 57 68 94 14 31
Volta 66: 63 30 97 4 10 28 79 9 25 29 90 89 92 15 19 54 99 5 13 62 74 2 38 48 51 57 94 14 68 31
Volta 67: 63 4 30 79 97 10 9 25 28 29 89 90 54 92 99 5 13 15 19 74 2 38 48 62 94 51 57 68 14
Volta 68: 63 4 79 97 30 90 10 9 25 29 28 54 89 92 5 15 19 99 13 74 94 2 38 48 51 57 62 68 14
Volta 69: 63 4 79 90 97 10 9 25 29 30 54 89 92 15 19 28 99 5 13 38 48 51 62 68 74 94 2 57
Volta 70: 63 4 79 97 9 25 29 30 54 89 90 92 10 15 19 28 5 99 13 38 62 68 74 94 2 48 51 57
Volta 71: 63 4 79 97 9 25 29 30 54 90 89 10 15 19 92 5 28 99 13 68 74 94 38 51 62 2 48
Volta 72: 79 4 25 30 29 54 89 97 9 10 15 19 90 92 5 28 13 68 74 94 2 38 51 62
Volta 73: 79 29 54 89 97 4 9 15 19 25 30 90 92 5 10 28 13 68 74 94 2 38 51
Volta 74: 79 54 89 4 9 25 29 30 90 92 97 5 15 19 28 10 13 74 68 94 2 38 51
Volta 75: 79 89 9 25 29 54 90 92 97 4 5 15 19 30 10 13 28 68 74 2 38 94
Volta 76: 79 89 9 25 29 92 97 4 19 30 54 90 5 10 15 13 28 74 2 68 94 38
Volta 77: 79 89 9 25 29 92 97 4 19 30 54 5 10 15 90 13 28 2 68 74 94
Volta 78: 89 25 79 92 9 19 29 54 97 5 30 90 10 13 15 28 2 94 68 74
Volta 79: 89 25 79 9 19 54 92 97 29 30 90 5 10 15 13 28 2 68 94
Volta 80: 89 25 54 79 92 9 19 30 97 5 10 29 90 2 13 15 28 68 94
Volta 81: 89 25 79 9 19 54 92 10 30 90 97 5 2 13 15 28 29 68
Volta 82: 89 25 9 19 54 79 92 10 30 90 97 2 5 15 13 29 28 68
Volta 83: 89 25 9 54 79 19 30 90 92 2 5 10 29 28 97 15 13
Volta 84: 89 25 54 79 9 19 30 90 92 5 28 29 10 13 15 97
Volta 85: 89 54 79 9 19 25 5 29 30 90 92 10 13 28 15
Volta 86: 89 54 9 25 79 5 19 30 92 10 13 29 28 90 15
Volta 87: 89 54 9 79 5 19 25 30 92 10 28 90 13 29
Volta 88: 89 54 79 9 25 30 5 10 19 90 92 13 29 28
Volta 89: 89 54 9 25 30 79 5 10 19 90 92 13 29
Volta 90: 89 54 9 25 30 5 10 19 79 90 92 13 29
Volta 91: 89 25 54 9 10 19 30 79 5 90 92 13
Volta 92: 89 25 54 9 19 30 79 5 10 90 92 13
Volta 93: 89 25 54 9 19 5 10 30 79 90 92
Volta 94: 89 25 54 9 19 10 30 79 5 90 92
Volta 95: 89 9 19 25 54 10 79 30 90 5
Volta 96: 89 19 25 54 9 10 30 79 90 5
Volta 97: 89 25 9 19 54 10 79 30 90
Volta 98: 89 25 9 19 54 10 79 90 30
Volta 99: 89 25 9 19 10 54 79 90
Volta 100: 89 25 10 9 19 54 79 90
Volta 101: 89 25 10 9 19 54 79
Volta 102: 25 89 10 9 54 19 79
Volta 103: 25 89 9 54 10 19
Volta 104: 25 89 9 54 10 19
Volta 105: 25 89 9 54 10
Volta 106: 25 89 54 9 10
Volta 107: 25 89 54 9
Volta 108: 25 89 54 9
Volta 109: 25 89 54
Volta 110: 25 89 54
Volta 111: 25 89
Volta 112: 25 89

Ranqueamento Final:
1: Ciclista 89 - 10727.10 segundos
2: Ciclista 54 - 10501.26 segundos
3: Ciclista 25 - 10500.54 segundos
4: Ciclista 9 - 10350.30 segundos
5: Ciclista 10 - 10350.18 segundos
6: Ciclista 19 - 10050.42 segundos
7: Ciclista 79 - 9901.86 segundos
8: Ciclista 90 - 9752.10 segundos
9: Ciclista 30 - 9600.66 segundos
10: Ciclista 5 - 9375.06 segundos
11: Ciclista 92 - 9227.22 segundos
12: Ciclista 13 - 9150.30 segundos
13: Ciclista 29 - 8925.66 segundos
14: Ciclista 28 - 8625.66 segundos
15: Ciclista 15 - 8475.30 segundos
16: Ciclista 97 - 8252.34 segundos
17: Ciclista 68 - 8176.62 segundos
18: Ciclista 94 - 7952.22 segundos
19: Ciclista 74 - 7801.74 segundos
20: Ciclista 38 - 7650.90 segundos
21: Ciclista 51 - 7501.26 segundos
22: Ciclista 62 - 7351.14 segundos
23: Ciclista 57 - 7051.38 segundos
24: Ciclista 14 - 6900.30 segundos
25: Ciclista 31 - 6750.78 segundos
26: Ciclista 20 - 6525.42 segundos
27: Ciclista 93 - 6302.22 segundos
28: Ciclista 73 - 6151.74 segundos
29: Ciclista 72 - 5926.74 segundos
30: Ciclista 12 - 5775.30 segundos
31: Ciclista 37 - 5550.90 segundos
32: Ciclista 47 - 5401.14 segundos
33: Ciclista 56 - 5176.38 segundos
34: Ciclista 67 - 4951.62 segundos
35: Ciclista 85 - 4726.98 segundos
36: Ciclista 100 - 4502.34 segundos
37: Ciclista 27 - 4425.66 segundos
38: Ciclista 81 - 4201.98 segundos
39: Ciclista 45 - 4051.02 segundos
40: Ciclista 49 - 3901.14 segundos
41: Ciclista 96 - 3602.34 segundos
42: Ciclista 82 - 3451.98 segundos
43: Ciclista 88 - 3227.10 segundos
44: Ciclista 11 - 3075.30 segundos
45: Ciclista 33 - 2850.78 segundos
46: Ciclista 55 - 2701.26 segundos
47: Ciclista 46 - 2476.14 segundos
48: Ciclista 65 - 2326.50 segundos
49: Ciclista 76 - 2026.86 segundos
50: Ciclista 32 - 1875.78 segundos
51: Ciclista 36 - 1650.90 segundos
52: Ciclista 1 - 1500.06 segundos
53: Ciclista 70 - 1276.62 segundos
54: Ciclista 80 - 976.86 segundos
55: Ciclista 91 - 752.22 segundos
56: Ciclista 75 - 601.74 segundos
57: Ciclista 87 - 302.10 segundos

Ciclista 2 quebrou na volta 84 - 8175.00 segundos
Ciclista 3 quebrou na volta 36 - 3600.00 segundos
Ciclista 4 quebrou na volta 78 - 7575.00 segundos
Ciclista 6 quebrou na volta 6 - 750.12 segundos
Ciclista 7 quebrou na volta 24 - 2400.12 segundos
Ciclista 8 quebrou na volta 36 - 3750.12 segundos
Ciclista 16 quebrou na volta 12 - 1275.36 segundos
Ciclista 17 quebrou na volta 12 - 1200.36 segundos
Ciclista 18 quebrou na volta 18 - 1875.36 segundos
Ciclista 21 quebrou na volta 12 - 1275.48 segundos
Ciclista 22 quebrou na volta 12 - 1200.48 segundos
Ciclista 23 quebrou na volta 18 - 1950.48 segundos
Ciclista 24 quebrou na volta 42 - 4425.48 segundos
Ciclista 26 quebrou na volta 6 - 675.60 segundos
Ciclista 34 quebrou na volta 18 - 1875.72 segundos
Ciclista 35 quebrou na volta 6 - 600.72 segundos
Ciclista 39 quebrou na volta 12 - 1200.84 segundos
Ciclista 40 quebrou na volta 6 - 750.84 segundos
Ciclista 41 quebrou na volta 66 - 6600.96 segundos
Ciclista 42 quebrou na volta 6 - 675.96 segundos
Ciclista 43 quebrou na volta 24 - 2250.96 segundos
Ciclista 44 quebrou na volta 48 - 4650.96 segundos
Ciclista 48 quebrou na volta 72 - 7351.08 segundos
Ciclista 50 quebrou na volta 54 - 5176.08 segundos
Ciclista 52 quebrou na volta 24 - 2101.20 segundos
Ciclista 53 quebrou na volta 18 - 1726.20 segundos
Ciclista 58 quebrou na volta 18 - 1726.32 segundos
Ciclista 59 quebrou na volta 6 - 601.32 segundos
Ciclista 60 quebrou na volta 36 - 3751.32 segundos
Ciclista 61 quebrou na volta 36 - 3451.44 segundos
Ciclista 63 quebrou na volta 72 - 6676.44 segundos
Ciclista 64 quebrou na volta 60 - 6001.44 segundos
Ciclista 66 quebrou na volta 24 - 2401.56 segundos
Ciclista 69 quebrou na volta 12 - 1201.56 segundos
Ciclista 71 quebrou na volta 30 - 3226.68 segundos
Ciclista 77 quebrou na volta 60 - 5701.80 segundos
Ciclista 78 quebrou na volta 30 - 2851.80 segundos
Ciclista 83 quebrou na volta 66 - 6151.92 segundos
Ciclista 84 quebrou na volta 36 - 3601.92 segundos
Ciclista 86 quebrou na volta 60 - 5852.04 segundos
Ciclista 95 quebrou na volta 18 - 1952.16 segundos
Ciclista 98 quebrou na volta 18 - 1802.28 segundos
Ciclista 99 quebrou na volta 72 - 7127.28 segundos
