Volta 1: 2 1 5 4 3 6 10 8 9 7 15 13 12 11 14 16 17 20 19 18 22 24 23 25 21 30 26 27 29 28 35 31 33 34 32 38 37 36 40 39 44 42 43 45 41 50 49 48 46 47 53 55 52 54 51 60 59 56 57 58 64 65 63 61 62 69 68 67 70 66 75 73 74 72 71 79 77 80 78 76 84 81 82 83 85 89 86 90 87 88 92 93 95 91 94 96 97 98 100 99
Volta 2: 4 3 2 1 5 7 8 10 11 14 13 12 16 20 17 18 19 24 22 23 21 28 29 30 26 35 33 34 31 40 37 39 43 44 41 45 42 46 47 50 49 48 51 53 52 55 56 58 57 60 64 63 62 65 67 68 69 66 75 72 71 73 77 78 76 79 81 85 86 88 87 90 89 94 92 91 98 96 100 97 6 9 15 25 27 32 36 38 54 59 61 70 74 80 83 82 84 95 93 99
Volta 3: 5 4 1 2 10 11 13 18 19 17 20 22 24 26 28 30 29 35 31 33 40 39 42 45 46 48 55 51 57 58 56 60 62 64 66 69 68 75 71 72 79 88 90 87 89 91 94 100 96 3 8 7 9 6 14 12 16 25 21 23 27 34 32 38 37 41 43 44 47 50 49 52 54 53 59 61 63 65 67 70 73 74 77 80 76 78 82 83 81 85 84 86 95 92 97 98 15 36 93
Volta 4: 5 2 10 11 18 17 20 22 24 28 30 29 35 40 42 45 48 60 57 62 64 68 66 72 75 79 88 89 94 4 3 1 6 7 14 12 13 19 16 21 23 26 31 33 32 37 39 41 44 43 46 50 49 51 55 53 59 56 58 61 65 63 69 67 71 74 73 80 76 78 77 82 84 81 87 86 90 95 91 92 100 96 97 9 8 15 25 27 34 38 36 47 52 54 70 83 85 98 93
Volta 5: 5 11 18 22 28 35 40 45 42 57 60 66 68 79 89 88 4 2 1 6 10 13 14 12 17 16 19 20 24 21 23 26 29 30 33 39 37 43 44 49 50 48 51 59 56 58 64 65 62 69 72 75 73 74 77 80 81 82 87 90 86 91 92 94 96 97 100 3 9 7 31 32 36 38 41 46 47 55 53 61 63 70 67 71 78 76 83 84 85 95 98 8 15 25 27 34 52 54
Volta 6: 5 11 18 28 42 68 79 88 4 1 6 12 16 17 23 22 29 30 26 35 40 45 44 48 49 50 59 57 58 60 65 62 64 69 66 72 75 74 80 77 81 87 90 94 92 91 96 2 10 7 14 13 20 19 21 24 32 33 37 39 43 41 46 51 55 53 61 67 70 71 73 78 76 83 82 86 95 98 100 97 3 9 8 15 25 27 31 38 36 47 54 63 34 52
Volta 7: 11 18 68 79 88 5 1 6 23 22 30 28 40 44 42 48 49 57 58 60 62 64 69 75 80 77 87 91 92 96 4 7 12 14 13 16 17 21 24 29 26 33 35 39 45 46 50 51 53 59 61 65 67 66 72 73 74 78 81 82 86 90 94 97 98 100 3 2 9 10 15 20 19 25 27 32 31 37 38 43 41 47 54 55 70 71 76 83 95 8 34 36 63
Volta 8: 11 18 88 1 5 6 22 30 28 40 49 57 58 64 69 68 75 79 77 87 92 7 12 17 16 23 21 26 29 39 42 45 44 50 46 48 53 59 60 62 67 73 74 78 80 81 90 94 91 97 96 100 4 10 14 15 13 20 19 24 25 27 35 33 32 37 41 43 47 55 51 65 61 66 70 72 71 82 83 86 95 98 3 2 9 34 31 38 36 54 63 76 8
Volta 9: 11 5 1 6 18 30 28 57 64 69 77 79 88 87 92 7 16 21 23 22 29 26 39 40 45 50 49 46 53 58 60 62 68 67 75 78 90 91 100 96 4 10 12 15 14 13 20 19 17 27 32 33 35 37 44 43 42 41 48 55 59 73 71 72 74 80 81 82 83 86 95 94 98 97 2 3 9 25 24 31 34 38 47 54 51 61 65 70 66 36 63 76
Volta 10: 11 6 18 30 57 69 77 87 88 5 1 7 16 22 28 29 26 39 40 45 49 50 53 64 68 67 75 79 92 91 100 96 10 14 12 15 19 20 21 23 35 37 44 42 46 48 55 60 59 58 62 74 72 73 78 80 82 81 83 90 86 94 97 98 4 3 13 17 24 27 33 32 41 43 54 61 65 70 71 95 2 9 25 31 34 36 38 47 51 63 66 76
Volta 11: 11 18 30 57 69 77 88 5 1 6 28 39 45 50 53 64 68 75 87 91 92 96 100 7 15 16 22 21 23 26 29 40 37 48 49 46 55 58 60 62 67 73 78 80 79 82 83 81 86 90 94 4 10 13 14 12 20 17 19 24 27 33 35 32 41 43 44 42 54 59 61 70 74 72 71 95 98 97 2 3 9 25 34 38 47 65 66 31 36 51 63
Volta 12: 30 57 5 6 11 18 28 39 50 68 75 87 88 92 96 1 7 16 21 22 26 40 45 49 46 53 55 58 62 64 67 78 83 100 4 10 12 15 19 17 20 23 24 33 35 37 42 43 48 60 59 71 73 74 72 80 79 81 82 90 86 94 98 97 3 13 14 32 34 38 44 47 54 65 70 95 9 25 31 36 51 63 66
Volta 13: 57 5 6 11 18 30 28 39 50 68 87 88 92 1 16 21 26 40 45 46 49 58 64 67 75 78 83 96 100 10 7 12 15 17 19 22 23 35 37 42 48 55 53 62 71 74 79 86 90 94 97 4 14 13 20 24 32 33 34 44 43 47 54 60 59 65 70 72 73 80 82 81 95 98 3 9 25 36 38 63 31 51
Volta 14: 57 5 11 18 28 30 39 50 87 88 6 16 26 40 45 58 64 67 68 78 83 92 96 100 1 10 7 12 15 19 21 37 42 48 46 49 55 53 62 75 71 74 90 94 97 4 13 17 20 22 23 24 33 35 32 43 47 59 60 73 72 79 81 82 86 95 98 3 9 14 25 34 44 54 65 63 70 80 38 36 31 51
Volta 15: 57 5 11 30 39 87 6 16 18 28 40 45 50 58 64 78 88 100 1 15 12 19 26 37 42 46 49 48 55 62 68 67 71 75 83 90 92 94 96 4 7 10 13 21 22 23 32 43 47 53 60 59 73 74 79 86 95 97 98 3 9 20 17 25 24 33 35 34 44 54 65 63 72 80 81 82 14 36 38 70 31
Volta 16: 11 57 5 16 28 30 39 45 50 58 78 88 87 100 1 6 15 18 19 26 40 42 49 62 64 68 67 71 75 83 92 94 96 7 10 12 22 21 32 37 46 48 53 55 59 73 74 90 95 97 3 4 13 20 24 23 35 33 34 43 47 54 60 65 63 72 79 80 86 98 9 14 17 25 36 44 70 82 81 38 31
Volta 17: 57 11 28 39 50 87 88 1 5 6 16 18 30 45 49 58 64 62 68 75 71 78 92 94 100 10 7 15 19 22 26 32 37 40 42 46 48 67 73 74 83 90 95 96 97 4 3 12 13 20 24 21 23 35 34 33 43 53 55 60 59 65 63 72 79 98 9 14 25 44 47 54 70 80 82 81 86 17 36 38
Volta 18: 57 11 39 5 6 18 16 30 28 45 49 50 58 62 64 75 78 87 88 94 92 1 10 15 22 26 32 42 48 67 68 73 74 83 90 95 100 96 97 4 3 7 12 20 21 33 35 40 37 46 55 59 65 79 98 13 25 24 23 44 43 47 53 54 60 63 70 72 80 81 86 9 14 17 82 38
Volta 19: 57 39 5 11 16 18 30 28 49 50 62 64 75 78 87 88 94 1 6 15 42 45 58 68 73 74 83 90 95 92 96 97 100 4 3 7 10 20 22 21 26 32 37 40 48 46 55 59 67 79 98 12 24 23 25 33 35 44 43 47 53 60 65 72 81 13 17 54 63 70 80 82 86 9 14
Volta 20: 57 5 11 18 30 28 39 50 75 78 88 87 1 6 16 45 49 62 64 68 90 94 96 100 97 7 10 15 20 21 26 32 37 40 42 55 58 59 74 73 79 83 92 95 3 4 12 23 22 25 35 48 47 46 60 65 67 98 17 24 33 43 44 53 54 70 72 80 82 81 86 13 14 63 9
Volta 21: 57 11 28 30 50 75 78 88 87 1 5 18 16 39 49 64 62 68 90 94 100 7 6 20 21 26 32 40 45 42 55 58 73 79 92 96 97 4 3 10 15 12 23 22 37 46 48 47 59 65 74 83 95 98 17 25 35 44 43 53 60 67 72 81 14 13 24 33 54 70 80 82 86 63
Volta 22: 57 11 28 30 50 78 1 5 18 16 39 49 75 88 87 90 100 6 7 20 21 40 45 42 58 64 62 68 73 92 94 96 97 3 10 15 12 22 23 26 32 46 48 47 55 59 65 74 79 95 4 17 25 35 37 43 60 67 72 81 83 98 13 33 44 53 70 80 86 14 24 54 63 82
Volta 23: 57 11 30 28 50 1 16 39 49 78 88 90 87 100 5 6 18 20 45 42 64 62 68 75 73 94 97 96 7 10 15 12 21 23 26 32 40 48 47 46 55 58 59 65 95 92 3 17 25 22 35 43 74 79 81 98 4 33 37 53 60 67 70 72 80 83 86 13 14 24 44 54 63
Volta 24: 57 30 28 50 1 11 78 100 5 6 20 18 39 45 42 62 68 75 88 90 87 94 12 21 32 40 46 48 47 55 59 58 64 65 73 92 97 96 3 7 15 17 22 23 25 26 35 74 79 81 95 98 4 33 37 53 60 67 70 72 83 13 14 24 54 63 80 86
Volta 25: 57 28 30 50 11 78 100 1 6 18 39 45 42 68 88 87 90 94 5 12 20 32 46 48 55 59 62 64 65 73 75 92 96 97 3 7 15 17 23 21 26 35 40 47 58 95 98 4 22 25 37 67 74 79 83 81 13 24 33 54 53 60 70 72 14 63 80
Volta 26: 57 30 50 11 28 78 100 1 18 39 45 42 68 88 90 5 6 12 20 46 48 65 62 73 75 87 92 94 96 97 3 15 17 23 26 32 40 47 55 59 58 64 98 7 21 22 35 74 79 81 95 4 25 33 37 60 67 72 83 13 14 24 54 53 63 70 80
Volta 27: 57 30 50 28 100 1 11 39 42 45 68 78 90 5 6 12 20 18 48 65 62 73 75 88 87 92 94 97 3 23 26 32 40 46 47 55 59 58 64 96 7 15 17 21 79 81 98 25 22 33 35 37 67 74 83 95 4 13 53 60 63 70 72 14 24 54
Volta 28: 57 50 28 30 100 1 39 45 68 78 90 11 18 20 42 73 75 88 94 3 5 6 12 23 32 48 46 55 59 58 65 62 64 87 92 96 97 7 15 17 26 40 47 79 81 98 22 25 21 35 37 67 83 95 4 33 60 63 70 74 72 14 13 24 53 54
Volta 29: 57 50 28 100 30 39 45 78 90 1 11 42 68 73 75 94 3 5 6 12 20 18 32 46 55 59 64 65 62 88 87 92 97 96 7 15 17 23 26 40 48 58 79 81 21 22 35 37 47 67 98 25 60 70 74 72 83 95 4 33 53 63 13 14 24
Volta 30: 50 57 28 30 39 45 78 100 1 11 42 68 73 90 5 6 18 20 62 75 88 94 96 3 7 12 15 17 32 40 48 46 55 58 65 64 79 81 87 92 21 26 35 37 47 67 22 25 70 74 83 98 33 53 63 95 4 14 13 24
Volta 31: 57 50 28 30 78 100 11 39 45 68 73 90 5 1 42 62 75 88 96 6 7 12 15 17 20 18 48 46 55 64 81 92 94 3 26 32 35 37 40 47 58 65 67 79 87 22 25 21 70 83 63 74 95 98 4 13 33 53 14
Volta 32: 57 50 30 28 78 39 45 68 73 90 100 5 1 11 6 7 15 20 17 18 42 55 64 62 75 81 88 92 94 96 12 32 35 37 40 47 46 48 65 67 79 87 3 22 21 25 26 58 70 83 74 95 98 4 13 33 63 14 53
Volta 33: 57 50 28 78 30 39 73 100 5 11 45 68 90 1 6 7 18 17 42 55 64 75 88 96 15 12 20 35 32 37 46 48 62 67 81 87 92 94 3 22 21 26 40 47 58 65 70 79 83 25 74 98 4 13 33 63 95 14
Volta 34: 57 28 50 78 30 100 5 11 39 45 68 73 1 18 90 96 7 6 15 12 20 17 32 42 55 64 62 67 75 81 88 87 94 3 22 35 37 40 47 48 46 58 65 79 92 21 26 70 74 83 13 25 33 98 4 14 63 95
Volta 35: 57 50 28 78 5 11 30 39 100 1 18 45 68 73 90 6 17 42 62 64 75 87 88 94 96 7 12 15 20 22 32 35 37 48 46 55 58 65 67 81 92 3 21 40 47 70 79 83 25 26 33 74 4 13 14 63 98
Volta 36: 57 50 39 100 5 1 11 18 30 45 68 90 62 73 88 94 96 7 6 15 12 17 20 22 32 37 42 48 55 64 65 67 75 81 92 21 35 40 47 46 58 79 3 25 26 33 74 83 4 13 14 63 98
Volta 37: 57 50 100 1 5 11 18 30 39 45 90 68 73 96 6 15 12 17 20 22 37 48 55 65 62 67 81 88 94 92 7 32 35 40 42 46 47 58 64 75 3 25 21 26 33 74 79 83 4 13 14 63
Volta 38: 57 50 100 1 5 39 45 90 11 18 30 68 73 96 6 12 17 20 22 37 48 55 65 62 88 92 94 7 15 35 32 40 42 47 46 58 64 67 75 81 3 25 26 79 83 14 13 21 33 74 4 63
Volta 39: 57 50 100 1 90 5 11 18 30 39 45 68 73 96 6 22 65 62 94 12 17 20 32 37 42 46 48 55 75 81 88 92 7 15 25 26 35 40 47 58 64 67 3 13 14 21 74 79 83 4 33
Volta 40: 57 50 100 1 18 39 45 68 73 90 5 6 11 22 30 62 65 96 12 20 32 37 42 46 48 55 75 88 94 17 35 40 47 58 64 81 92 3 7 13 15 14 21 25 26 67 74 83 4 33 79
Volta 41: 57 50 100 1 18 39 45 68 5 11 30 62 65 73 90 96 6 20 22 32 37 42 48 46 55 88 94 12 17 35 40 47 64 75 81 92 7 14 15 13 25 21 26 58 74 3 4 33 67 83
Volta 42: 57 50 100 1 18 45 68 39 65 73 90 5 11 20 22 30 48 55 62 88 94 96 6 12 32 40 37 42 46 92 15 14 17 25 26 35 47 64 75 74 81 4 3 7 13 21 33 58 67 83
Volta 43: 57 50 100 1 18 45 68 39 65 5 11 22 30 48 62 73 88 90 96 6 12 20 40 42 46 55 92 94 14 17 25 26 35 32 37 47 75 4 3 13 15 21 33 58 64 67 74 81 7
Volta 44: 57 50 100 1 18 68 39 45 65 62 73 88 90 5 11 12 20 22 30 40 48 46 55 94 92 96 6 14 17 26 37 42 47 4 15 21 25 35 32 58 64 75 81 3 7 13 33 67 74
Volta 45: 57 1 50 100 18 45 65 68 39 62 73 90 88 5 12 11 20 22 30 46 48 55 94 92 96 14 17 26 40 42 47 6 15 25 35 37 58 64 75 4 3 21 33 32 67 81 7 13
Volta 46: 57 1 50 100 65 68 18 45 73 90 88 5 12 20 22 39 62 92 94 96 11 14 17 30 26 40 42 46 48 55 35 37 47 58 3 4 6 15 25 32 64 75 81 7 13 21 33 67
Volta 47: 57 1 50 100 68 45 65 73 88 5 18 20 22 39 62 90 92 14 11 12 17 30 48 46 55 94 96 26 40 37 42 47 58 3 15 25 32 35 64 81 4 7 6 21 33 75 13
Volta 48: 57 1 100 50 68 65 88 5 20 45 73 90 92 14 12 18 22 39 48 46 55 62 96 11 17 30 26 37 40 42 58 94 3 35 32 47 64 81 4 6 15 25 75 13 21 33
Volta 49: 57 1 50 68 100 65 88 20 45 73 90 5 14 12 18 22 39 46 48 55 62 92 96 11 17 30 40 94 3 26 35 37 42 47 58 64 4 25 32 81 6 15 13 21 75
Volta 50: 57 1 100 50 65 68 20 45 73 88 90 5 39 46 48 55 62 92 96 11 12 14 18 22 30 40 17 26 37 42 47 58 64 94 3 25 32 35 4 6 15 21 75 81 13
Volta 51: 57 1 100 50 68 20 45 65 73 90 88 5 39 48 62 12 14 18 22 46 55 92 96 11 17 30 37 40 42 47 64 94 3 26 35 58 4 15 25 32 81 6 21 75
Volta 52: 57 1 100 50 68 20 65 73 90 88 5 39 45 48 12 14 18 22 46 55 62 92 96 11 17 30 37 40 42 64 94 3 26 35 47 58 25 32 81 4 6 15 21 75
Volta 53: 57 1 100 68 20 50 65 73 90 88 5 45 12 14 22 39 46 48 55 62 96 18 17 40 37 42 92 3 11 30 26 35 47 58 64 94 81 4 15 25 32 6 21
Volta 54: 57 1 68 100 65 5 20 50 73 88 90 12 22 39 45 46 55 62 96 14 18 17 37 40 48 92 11 30 42 47 64 3 26 35 58 81 94 4 15 32 6 25 21
Volta 55: 57 1 68 100 5 20 50 65 73 88 90 12 22 39 45 55 62 14 18 17 37 46 96 11 30 40 42 48 92 3 26 35 47 58 64 94 81 4 15 25 32 6
Volta 56: 57 1 68 100 5 20 65 88 22 45 50 62 73 90 12 17 18 39 46 55 96 14 30 40 37 48 3 11 26 35 42 47 58 64 94 92 81 4 25 32 15 6
Volta 57: 57 1 100 68 5 20 65 50 62 73 88 90 18 17 22 45 55 96 12 14 30 39 40 48 46 35 37 42 58 64 3 11 26 47 81 94 92 25 4 15 32
Volta 58: 57 1 100 5 20 65 68 50 62 73 17 22 45 55 88 90 14 18 30 39 48 46 96 12 40 3 26 35 37 42 47 58 64 92 11 25 81 94 4 15 32
Volta 59: 57 1 100 5 20 68 62 65 73 45 50 90 14 18 17 22 30 55 88 12 39 40 46 48 96 3 26 35 37 42 58 64 92 25 47 81 94 11 15 4
Volta 60: 57 1 100 20 5 65 68 62 73 90 14 17 18 22 45 55 88 30 39 48 96 12 26 35 40 46 58 92 3 25 37 42 47 64 94 81 4 11 15
Volta 61: 57 1 100 5 20 65 68 73 14 17 22 45 55 62 90 18 30 39 48 88 12 26 40 46 92 96 3 25 35 37 47 58 42 64 94 4 81 11
Volta 62: 57 1 100 5 20 65 68 73 17 45 62 90 14 22 55 88 18 30 26 39 40 48 46 96 3 12 25 37 47 92 35 42 58 64 4 94 11 81
Volta 63: 57 1 100 5 68 20 65 73 45 14 17 55 62 90 88 18 22 26 30 40 3 12 25 39 37 47 48 46 92 96 35 42 58 64 4 94 11
Volta 64: 57 1 100 68 5 20 65 73 14 17 45 55 62 18 22 26 30 40 90 88 3 37 39 48 47 46 92 12 25 35 42 96 4 58 64 11 94
Volta 65: 1 57 100 5 20 65 68 73 14 17 22 26 40 45 55 62 88 3 18 30 39 48 90 92 12 25 37 42 46 47 96 4 35 64 11 58
Volta 66: 57 100 1 5 20 65 68 73 14 40 55 18 22 26 30 39 45 48 90 88 92 3 37 42 47 46 96 12 25 35 64 4 11 58
Volta 67: 57 100 1 20 5 65 68 73 14 22 26 40 39 55 88 92 3 18 30 37 45 42 46 48 90 25 47 96 4 12 35 64 11
Volta 68: 57 100 1 20 65 68 5 73 14 22 26 40 39 55 92 3 37 48 88 90 18 30 42 45 46 96 4 12 25 35 47 64 11
Volta 69: 57 100 1 20 65 68 5 73 14 22 26 39 40 55 92 3 37 48 88 18 30 45 42 46 90 96 12 25 35 4 47 64
Volta 70: 57 100 1 20 65 5 68 73 14 22 26 39 40 55 92 37 48 88 3 45 46 90 18 25 30 35 42 96 4 12 47 64
Volta 71: 57 100 1 20 65 73 5 68 26 39 55 92 14 22 37 40 48 3 88 90 30 35 42 45 46 12 18 25 47 96 4
Volta 72: 57 100 1 20 65 68 5 26 39 55 92 14 40 37 3 22 48 88 30 35 45 42 12 18 25 46 47
Volta 73: 57 1 100 20 65 68 5 92 14 26 37 39 55 3 22 40 48 30 35 45 88 25 42 47 12 18
Volta 74: 57 1 100 65 20 68 92 5 14 26 39 55 3 22 37 40 30 35 45 48 88 25 42 18 46 12
Volta 75: 57 1 100 20 65 5 14 39 55 68 92 3 22 26 37 40 35 48 25 30 42 45 88 18 46
Volta 76: 57 1 20 65 100 5 55 68 92 3 14 22 26 39 37 40 35 25 30 48 88 18 42 45 46
Volta 77: 57 1 100 20 65 5 55 92 3 14 22 26 37 40 39 68 25 30 35 48 18 45 88 42
Volta 78: 57 1 100 20 65 5 92 14 22 37 40 39 68 3 26 30 48 18 25 35 45 88 42
Volta 79: 57 1 100 65 5 20 92 37 3 14 22 39 40 68 26 25 30 35 48 18 45 88
Volta 80: 57 1 65 100 5 20 92 14 22 37 40 39 68 3 26 30 35 48 25 45 88 18
Volta 81: 57 1 65 100 5 20 92 14 22 39 68 40 37 3 26 35 48 30 45 88 25
Volta 82: 57 1 65 100 5 20 14 22 92 39 40 37 68 3 35 26 30 48 88 45 25
Volta 83: 57 1 100 65 5 20 22 14 39 40 92 3 37 68 26 30 35 48 88 45
Volta 84: 57 65 100 20 22 5 14 40 39 92 3 37 35 48 68 88 30 45
Volta 85: 57 20 22 65 100 39 3 5 14 37 40 92 35 48 68 88 30
Volta 86: 57 20 22 65 100 5 3 14 39 40 37 92 30 35 48 68 88
Volta 87: 57 20 22 65 100 3 39 5 14 40 37 35 48 68 92 30
Volta 88: 57 20 22 65 100 3 39 5 14 37 40 35 68 92 30 48
Volta 89: 57 20 65 100 22 39 3 14 37 5 40 68 35 92 30
Volta 90: 57 65 20 39 100 3 22 5 14 37 35 68 92 30
Volta 91: 57 20 39 65 3 22 100 37 5 14 68 35 92
Volta 92: 57 20 65 22 39 100 3 37 5 68 14 35 92
Volta 93: 57 20 39 65 100 3 22 5 37 35 68 14
Volta 94: 57 20 39 65 22 100 3 5 35 37 68 14
Volta 95: 57 39 20 65 3 22 100 5 35 37 68
Volta 96: 57 39 20 65 3 22 100 5 35 37 68
Volta 97: 57 39 20 22 65 5 3 35 37 100
Volta 98: 57 39 20 65 3 5 22 37 100 35
Volta 99: 57 39 65 3 20 22 37 100 5
Volta 100: 57 39 3 20 37 65 5 22 100
Volta 101: 57 39 3 20 37 65 5 22
Volta 102: 57 20 39 3 22 37 65
Volta 103: 57 39 3 20 22 37
Volta 104: 57 39 20 22 37 3
Volta 105: 57 39 20 37 22
Volta 106: 57 37 39 20 22
Volta 107: 57 39 37 20
Volta 108: 57 37 20 39
Volta 109: 57 20 37
Volta 110: 57 20 37
Volta 111: 57 20
Volta 112: 57 20

Ranqueamento Final:
1: Ciclista 20 - 21500.42 segundos
2: Ciclista 57 - 21301.38 segundos
3: Ciclista 37 - 21300.90 segundos
4: Ciclista 39 - 21000.90 segundos
5: Ciclista 22 - 20700.54 segundos
6: Ciclista 3 - 20400.06 segundos
7: Ciclista 65 - 20100.06 segundos
8: Ciclista 100 - 19652.34 segundos
9: Ciclista 35 - 19350.78 segundos
10: Ciclista 68 - 18901.62 segundos
11: Ciclista 14 - 18750.30 segundos
12: Ciclista 92 - 18302.22 segundos
13: Ciclista 30 - 18000.66 segundos
14: Ciclista 48 - 17551.14 segundos
15: Ciclista 88 - 17102.10 segundos
16: Ciclista 45 - 16801.02 segundos
17: Ciclista 25 - 16650.54 segundos
18: Ciclista 18 - 16200.42 segundos
19: Ciclista 42 - 15751.02 segundos
20: Ciclista 46 - 15301.14 segundos
21: Ciclista 12 - 15150.30 segundos
22: Ciclista 47 - 14850.06 segundos
23: Ciclista 64 - 14251.50 segundos
24: Ciclista 11 - 13950.30 segundos
25: Ciclista 58 - 13501.38 segundos
26: Ciclista 94 - 13202.22 segundos
27: Ciclista 81 - 12901.98 segundos
28: Ciclista 15 - 12450.30 segundos
29: Ciclista 32 - 12150.78 segundos
30: Ciclista 6 - 11850.18 segundos
31: Ciclista 21 - 11250.54 segundos
32: Ciclista 75 - 10801.74 segundos
33: Ciclista 13 - 10500.30 segundos
34: Ciclista 33 - 10050.78 segundos
35: Ciclista 67 - 9601.62 segundos
36: Ciclista 74 - 9151.74 segundos
37: Ciclista 83 - 8701.98 segundos
38: Ciclista 79 - 8401.86 segundos
39: Ciclista 63 - 8101.50 segundos
40: Ciclista 98 - 7802.34 segundos
41: Ciclista 95 - 7352.22 segundos
42: Ciclista 53 - 7051.26 segundos
43: Ciclista 24 - 6600.54 segundos
44: Ciclista 54 - 6151.26 segundos
45: Ciclista 80 - 5851.86 segundos
46: Ciclista 86 - 5252.10 segundos
47: Ciclista 82 - 4951.98 segundos
48: Ciclista 9 - 4650.18 segundos
49: Ciclista 38 - 4200.90 segundos
50: Ciclista 31 - 3900.78 segundos
51: Ciclista 51 - 3451.26 segundos
52: Ciclista 66 - 2851.62 segundos
53: Ciclista 76 - 2401.86 segundos
54: Ciclista 8 - 2100.18 segundos
55: Ciclista 52 - 1651.26 segundos
56: Ciclista 93 - 1202.22 segundos
57: Ciclista 99 - 602.34 segundos

Ciclista 1 quebrou na volta 84 - 15900.00 segundos
Ciclista 2 quebrou na volta 12 - 2850.00 segundos
Ciclista 4 quebrou na volta 72 - 14850.00 segundos
Ciclista 5 quebrou na volta 102 - 20100.00 segundos
Ciclista 7 quebrou na volta 48 - 9900.12 segundos
Ciclista 10 quebrou na volta 24 - 4800.12 segundos
Ciclista 16 quebrou na volta 24 - 4500.36 segundos
Ciclista 17 quebrou na volta 66 - 12900.36 segundos
Ciclista 19 quebrou na volta 18 - 3750.36 segundos
Ciclista 23 quebrou na volta 30 - 6000.48 segundos
Ciclista 26 quebrou na volta 84 - 16800.60 segundos
Ciclista 27 quebrou na volta 12 - 2550.60 segundos
Ciclista 28 quebrou na volta 36 - 6750.60 segundos
Ciclista 29 quebrou na volta 12 - 2400.60 segundos
Ciclista 34 quebrou na volta 18 - 3750.72 segundos
Ciclista 36 quebrou na volta 18 - 4050.84 segundos
Ciclista 40 quebrou na volta 90 - 17700.84 segundos
Ciclista 41 quebrou na volta 12 - 2550.96 segundos
Ciclista 43 quebrou na volta 24 - 4950.96 segundos
Ciclista 44 quebrou na volta 24 - 5250.96 segundos
Ciclista 49 quebrou na volta 24 - 4501.08 segundos
Ciclista 50 quebrou na volta 60 - 11551.08 segundos
Ciclista 55 quebrou na volta 78 - 15001.20 segundos
Ciclista 56 quebrou na volta 6 - 1201.32 segundos
Ciclista 59 quebrou na volta 30 - 5851.32 segundos
Ciclista 60 quebrou na volta 30 - 6451.32 segundos
Ciclista 61 quebrou na volta 12 - 2551.44 segundos
Ciclista 62 quebrou na volta 66 - 12901.44 segundos
Ciclista 69 quebrou na volta 12 - 2101.56 segundos
Ciclista 70 quebrou na volta 36 - 7501.56 segundos
Ciclista 71 quebrou na volta 18 - 3451.68 segundos
Ciclista 72 quebrou na volta 30 - 6301.68 segundos
Ciclista 73 quebrou na volta 72 - 13801.68 segundos
Ciclista 77 quebrou na volta 12 - 2251.80 segundos
Ciclista 78 quebrou na volta 36 - 6601.80 segundos
Ciclista 84 quebrou na volta 6 - 1351.92 segundos
Ciclista 85 quebrou na volta 6 - 1501.92 segundos
Ciclista 87 quebrou na volta 36 - 7052.04 segundos
Ciclista 89 quebrou na volta 6 - 1202.04 segundos
Ciclista 90 quebrou na volta 72 - 14252.04 segundos
Ciclista 91 quebrou na volta 12 - 2252.16 segundos
Ciclista 96 quebrou na volta 72 - 14552.28 segundos
Ciclista 97 quebrou na volta 30 - 5852.28 segundos
