Volta 1: 2 4 5 3 1 8 6 7 10 9 12 15 14 11 13 20 18 16 17 19 23 21 24 25 22 28 29 26 27 30 31 33 34 35 32 40 39 37 38 36 43 45 44 42 41 50 46 49 48 47
Volta 2: 2 1 3 9 8 7 10 6 13 12 14 11 15 17 16 19 18 24 25 26 29 27 28 30 33 32 35 31 34 38 40 36 45 41 42 43 44 50 5 4 20 23 22 21 37 39 48 47 46 49
Volta 3: 3 2 1 6 8 7 9 12 15 14 11 16 17 19 18 24 25 26 30 35 31 33 32 38 40 41 43 45 4 5 10 13 21 23 22 28 29 27 34 36 39 44 42 50 46 48 20 37 47
Volta 4: 1 2 7 9 6 11 12 15 16 19 18 17 24 25 30 26 32 35 31 40 41 43 45 4 3 8 10 14 13 23 21 22 29 28 27 34 33 39 36 38 44 42 46 48 5 20 37 50 47
Volta 5: 1 7 9 12 19 16 18 30 26 32 40 43 45 2 4 8 6 15 11 13 14 17 21 25 22 24 29 28 35 31 33 34 38 39 44 42 41 46 5 3 10 20 23 27 37 36 50 48
Volta 6: 7 9 12 16 32 40 45 2 4 1 6 11 15 13 19 18 24 25 21 26 28 29 34 35 38 39 44 3 5 10 14 17 20 23 22 31 33 36 37 42 46 48 27
Volta 7: 9 7 12 16 40 45 1 2 13 11 18 19 25 21 29 28 26 32 35 38 39 4 6 10 14 15 17 20 24 22 23 34 31 44 42 46 48 5 3 33 37 36
Volta 8: 9 12 45 1 2 7 13 11 18 16 25 21 29 28 35 32 40 4 10 6 14 15 17 19 20 24 26 34 31 39 38 44 46 48 3 5 22 23 33 37 42 36
Volta 9: 9 45 2 7 13 12 11 18 16 25 32 40 1 10 20 19 24 21 28 26 29 35 34 38 39 44 48 46 4 5 6 14 15 17 23 22 31 3 33 37 42
Volta 10: 7 9 11 12 16 25 32 45 2 10 13 18 19 20 28 29 26 35 34 38 39 40 48 1 5 6 15 14 17 21 23 24 44 46 3 4 22 33 31 37 42
Volta 11: 9 7 11 12 16 25 45 2 10 13 18 20 35 32 38 39 40 1 14 15 17 19 24 26 28 29 34 48 46 4 5 3 6 23 22 21 33 31 37 44
Volta 12: 7 11 12 16 25 45 2 10 9 13 18 35 39 1 15 20 24 29 28 34 38 40 46 6 19 17 23 21 26 31 44 48 3 4
Volta 13: 12 16 45 2 9 10 7 11 25 35 13 18 20 29 39 40 1 15 17 24 23 28 26 34 38 46 3 6 19 21 31 44 48
Volta 14: 16 45 2 9 7 10 11 12 25 13 20 35 40 39 1 15 17 18 24 23 28 29 46 3 6 19 21 26 31 34 38 44 48
Volta 15: 16 45 2 7 9 12 25 10 11 13 39 1 15 17 20 18 23 24 29 28 35 40 46 3 6 21 26 31 38 44 19 34
Volta 16: 9 7 16 45 2 10 12 13 11 25 39 1 15 20 23 24 35 40 6 18 17 21 28 29 46 3 19 26 31 34 38 44
Volta 17: 7 9 16 45 2 10 13 11 12 25 39 1 20 23 24 6 15 18 21 28 35 40 3 19 17 26 29 34 31 46 38
Volta 18: 7 9 45 2 13 11 16 39 10 12 15 20 18 24 35 40 3 17 29 28 26 31 34 46 19 38
Volta 19: 7 9 45 13 2 10 11 12 16 39 15 20 24 17 18 29 28 26 35 31 40 3 19 34 46
Volta 20: 9 45 7 13 10 11 12 16 39 2 24 15 20 28 35 40 3 17 18 29 26 31 34 19 46
Volta 21: 7 9 45 10 12 13 11 16 39 2 15 20 24 28 3 18 17 29 34 31 35 40 19 26
Volta 22: 9 7 45 13 39 2 10 12 11 16 15 28 17 20 24 31 35 40 3 18 29 26 34 19
Volta 23: 9 7 13 45 10 12 11 16 39 2 15 28 17 20 24 35 40 3 18 29 26 31 34
Volta 24: 9 7 13 10 12 16 39 45 2 11 15 17 28 35 20 24 29 26 34 31 40 3 18
Volta 25: 9 13 7 12 39 45 10 15 11 16 2 28 35 17 24 31 40 20 29 26 34 3
Volta 26: 9 7 13 12 10 11 15 16 39 45 2 28 35 40 17 20 24 29 26 31 3 34
Volta 27: 9 7 12 13 10 15 39 45 11 16 28 2 35 20 17 31 40 3 24 26 29
Volta 28: 7 9 13 12 39 45 10 15 11 16 28 2 35 17 20 24 31 40 3 29 26
Volta 29: 9 13 7 12 39 45 15 16 2 10 11 28 35 20 17 24 31 40 29 3
Volta 30: 13 9 39 7 15 16 45 2 10 11 20 28 35 17 24 31 40 3 29
Volta 31: 13 9 7 39 45 15 11 16 2 10 28 35 20 31 17 24 40 3
Volta 32: 9 13 7 39 45 15 16 2 10 11 28 20 35 31 17 24 40 3
Volta 33: 9 13 7 39 45 16 2 10 15 11 28 35 17 20 24 31 40
Volta 34: 9 7 13 39 45 2 15 16 10 28 35 11 20 31 17 24 40
Volta 35: 9 7 13 39 45 15 16 2 35 10 11 28 20 17 24 31
Volta 36: 9 7 13 39 15 16 45 2 28 35 10 11 20 24 31 17
Volta 37: 9 7 13 39 15 45 2 16 35 10 11 24 28 31 20
Volta 38: 9 7 13 39 15 2 16 45 10 24 28 35 11 20 31
Volta 39: 9 13 39 7 15 2 16 45 10 28 35 11 24 20
Volta 40: 9 39 7 15 13 2 16 45 10 28 11 24 35 20
Volta 41: 39 9 2 7 13 15 16 45 10 24 28 35 11
Volta 42: 39 7 9 13 2 15 16 45 10 28 35 11 24
Volta 43: 39 9 2 7 15 13 16 10 45 28 35 11
Volta 44: 39 7 9 13 15 2 10 16 35 45 11 28
Volta 45: 39 13 7 9 15 16 2 10 35 45 11
Volta 46: 39 13 7 16 9 10 15 35 2 45 11
Volta 47: 39 7 13 16 9 10 15 35 2 45
Volta 48: 13 16 9 7 10 15 2 35 45
Volta 49: 13 16 9 7 2 10 15 35
Volta 50: 13 16 7 9 2 15 35 10
Volta 51: 13 9 16 2 7 15 35
Volta 52: 13 9 16 2 7 15 35
Volta 53: 13 9 2 7 16 15
Volta 54: 13 9 7 2 15 16
Volta 55: 13 9 7 2 15
Volta 56: 9 13 7 2 15
Volta 57: 13 9 7 2
Volta 58: 7 9 13 2
Volta 59: 9 13 7
Volta 60: 9 13 7
Volta 61: 9 13
Volta 62: 9 13

Ranqueamento Final:
1: Ciclista 13 - 11850.30 segundos
2: Ciclista 9 - 11550.18 segundos
3: Ciclista 7 - 11550.18 segundos
4: Ciclista 2 - 11250.06 segundos
5: Ciclista 15 - 10950.30 segundos
6: Ciclista 16 - 10500.42 segundos
7: Ciclista 35 - 10200.78 segundos
8: Ciclista 10 - 9900.18 segundos
9: Ciclista 45 - 9601.02 segundos
10: Ciclista 11 - 9300.30 segundos
11: Ciclista 28 - 8850.66 segundos
12: Ciclista 24 - 8550.54 segundos
13: Ciclista 20 - 8250.42 segundos
14: Ciclista 31 - 7800.78 segundos
15: Ciclista 17 - 7500.42 segundos
16: Ciclista 40 - 7050.90 segundos
17: Ciclista 3 - 6900.06 segundos
18: Ciclista 29 - 6450.66 segundos
19: Ciclista 26 - 6000.66 segundos
20: Ciclista 34 - 5550.78 segundos
21: Ciclista 18 - 5100.42 segundos
22: Ciclista 19 - 4800.42 segundos
23: Ciclista 46 - 4351.14 segundos
24: Ciclista 38 - 3900.90 segundos
25: Ciclista 44 - 3451.02 segundos
26: Ciclista 48 - 3001.14 segundos
27: Ciclista 4 - 2700.90 segundos
28: Ciclista 42 - 2251.02 segundos
29: Ciclista 36 - 1950.90 segundos
30: Ciclista 27 - 1500.66 segundos
31: Ciclista 47 - 1051.14 segundos
32: Ciclista 49 - 601.14 segundos

Ciclista 1 quebrou na volta 18 - 3600.00 segundos
Ciclista 5 quebrou na volta 12 - 2550.00 segundos
Ciclista 6 quebrou na volta 18 - 3750.12 segundos
Ciclista 8 quebrou na volta 6 - 1200.12 segundos
Ciclista 12 quebrou na volta 30 - 5550.24 segundos
Ciclista 14 quebrou na volta 12 - 2400.24 segundos
Ciclista 21 quebrou na volta 18 - 3600.48 segundos
Ciclista 22 quebrou na volta 12 - 2550.48 segundos
Ciclista 23 quebrou na volta 18 - 3450.48 segundos
Ciclista 25 quebrou na volta 18 - 3300.48 segundos
Ciclista 30 quebrou na volta 6 - 1050.60 segundos
Ciclista 32 quebrou na volta 12 - 2250.72 segundos
Ciclista 33 quebrou na volta 12 - 2550.72 segundos
Ciclista 37 quebrou na volta 12 - 2700.84 segundos
Ciclista 39 quebrou na volta 48 - 9000.84 segundos
Ciclista 41 quebrou na volta 6 - 1350.96 segundos
Ciclista 43 quebrou na volta 6 - 1200.96 segundos
Ciclista 50 quebrou na volta 6 - 1351.08 segundos
