Volta 1: 2 4 5 3 1 8 6 7 10 9 12 15 14 11 13 20 18 16 17 19 23 21 24 25 22 28 29 26 27 30 31 33 34 35 32 40 39 37 38 36 43 45 44 42 41 50 46 49 48 47
Volta 2: 5 2 1 9 8 7 10 6 13 12 14 11 15 17 16 19 20 24 21 26 29 27 28 30 33 32 35 31 34 37 39 36 45 41 42 43 44 47 3 4 18 23 22 25 38 40 48 46 50 49
Volta 3: 2 5 1 10 8 7 9 12 15 14 11 16 20 17 19 24 21 28 27 31 33 32 34 37 36 41 44 43 3 4 6 13 25 22 23 30 29 26 35 38 39 42 45 47 50 48 18 40 46
Volta 4: 1 5 2 7 8 10 15 14 11 20 16 17 19 21 28 27 34 33 32 36 41 43 44 3 9 13 12 24 22 23 30 29 31 37 38 39 42 50 48 4 6 25 26 35 45 47 18 40 46
Volta 5: 5 2 7 8 15 11 16 17 20 27 36 43 44 3 1 10 9 13 14 12 19 21 24 23 29 30 28 32 34 33 31 39 37 41 50 48 6 22 25 26 38 42 45 47 4 18 35 40
Volta 6: 2 7 8 15 20 36 44 1 5 10 12 11 14 13 19 16 17 21 30 29 28 27 32 33 34 39 37 41 43 48 3 6 9 23 25 24 22 26 31 38 42 45 50 4 35 18 40
Volta 7: 2 7 8 20 44 11 15 13 17 21 29 30 32 34 33 37 36 48 3 5 1 6 10 9 12 14 16 19 22 27 26 28 38 39 41 43 45 42 50 4 23 24 25 31 18 35
Volta 8: 2 7 44 8 13 15 17 20 21 29 32 33 36 37 48 3 1 5 10 14 11 16 30 26 27 28 34 39 38 41 43 50 4 9 6 12 19 24 25 22 31 42 45 23 18 35
Volta 9: 7 44 2 8 13 15 17 20 21 29 33 32 37 48 1 10 11 30 34 39 38 36 43 50 4 5 3 9 12 14 16 19 22 24 26 28 27 31 45 41 42 6 25 18 23
Volta 10: 44 2 8 7 20 17 21 33 37 1 11 15 13 29 34 32 38 36 39 43 48 50 3 5 10 9 12 19 16 22 30 26 27 28 31 45 41 42 4 14 24 6 23 25 18
Volta 11: 44 2 20 17 21 33 7 8 13 15 29 32 38 37 39 36 1 9 10 11 16 19 22 26 27 30 31 34 41 43 42 45 48 50 5 4 3 14 12 28 6 25 24 23
Volta 12: 20 21 33 44 2 7 8 15 13 17 38 37 36 9 11 29 26 30 32 31 34 39 41 45 42 43 48 3 1 4 5 10 12 14 22 27 28 50 24 6 25
Volta 13: 21 44 2 13 20 33 37 38 36 7 8 9 11 15 17 29 30 26 34 32 45 42 48 4 5 1 10 14 12 27 31 39 41 43 50 3 22 28 6 24
Volta 14: 21 44 13 33 2 8 7 11 15 20 30 34 36 38 37 45 42 48 1 9 12 17 29 26 31 32 39 41 43 4 3 5 10 14 22 28 27 50 6 24
Volta 15: 13 21 44 2 15 11 20 30 34 33 37 38 36 42 1 9 8 7 12 17 26 29 31 32 39 43 45 48 5 4 3 10 14 27 41 50 6 22 28
Volta 16: 13 44 15 20 21 30 34 38 42 2 1 8 7 12 11 17 26 32 33 31 39 37 36 43 45 48 5 3 10 9 29 27 41 4 6 14 22 28 50
Volta 17: 13 15 20 21 30 44 42 1 8 7 17 26 32 34 33 37 38 36 39 43 45 5 2 9 10 12 11 29 31 48 3 22 27 41 4 6 14 28
Volta 18: 13 21 30 44 1 8 7 15 17 20 26 33 32 39 37 43 45 42 5 2 10 12 11 31 34 36 38 48 3 9 22 27 29 41 4 6 14 28
Volta 19: 13 21 30 44 1 8 15 17 20 26 33 32 37 42 2 7 10 12 31 34 39 38 43 45 48 5 9 11 29 27 36 41 3 6 14 22 4
Volta 20: 30 13 20 17 21 32 33 37 44 1 2 10 7 8 15 26 34 39 43 42 5 11 12 29 27 31 36 38 45 48 3 9 6 14 22 41 4
Volta 21: 30 20 21 33 32 1 8 7 15 13 17 26 37 42 44 5 2 10 11 12 27 34 31 38 39 43 45 3 9 6 22 29 36 48 14 41
Volta 22: 30 21 33 32 8 7 13 15 20 26 42 44 5 2 1 10 12 17 31 34 37 43 9 11 27 36 38 39 45 48 3 6 14 22 29 41
Volta 23: 30 32 8 13 15 20 21 26 33 42 1 5 2 7 10 12 17 34 37 44 9 11 27 31 38 36 39 43 48 6 14 45 3 22 29
Volta 24: 30 21 26 42 5 1 7 8 10 15 13 20 17 34 33 2 12 27 31 37 39 43 44 48 6 38 45 3 14 22 29
Volta 25: 30 21 42 1 8 10 7 15 20 17 26 33 34 5 2 13 12 37 39 44 48 6 27 31 38 43 45 3 14 22
Volta 26: 30 21 42 1 10 8 7 15 17 26 33 2 5 13 20 34 39 37 44 48 6 12 27 31 38 43 3 14 22 45
Volta 27: 21 30 42 1 8 10 7 15 17 26 33 2 20 34 39 48 5 6 12 13 27 37 38 44 3 22 31 43 14
Volta 28: 21 30 8 10 15 42 1 2 7 17 20 26 33 48 5 6 13 27 34 37 39 12 22 31 38 43 44 3 14
Volta 29: 30 15 21 7 8 10 33 42 48 1 2 6 13 20 17 26 27 34 37 39 5 31 43 3 12 22 38 44
Volta 30: 15 21 30 10 8 42 48 2 1 7 6 17 20 33 39 37 5 13 27 26 34 31 3 12 22 38 43 44
Volta 31: 30 15 21 48 2 10 8 7 17 33 37 42 1 5 6 13 20 27 34 31 39 26 38 43 3 12 22
Volta 32: 15 30 48 2 7 8 17 21 33 37 42 1 6 10 13 34 5 20 27 26 31 39 3 12 22 38 43
Volta 33: 15 30 48 7 8 21 42 1 2 10 13 17 33 37 5 6 20 26 27 34 31 39 22 38 3 12
Volta 34: 15 48 8 7 21 30 42 10 13 5 2 1 17 20 27 26 34 33 39 37 6 22 31 38 3 12
Volta 35: 15 48 8 10 7 13 21 30 42 5 1 2 20 17 33 34 37 39 22 26 27 31 3 6 38
Volta 36: 15 48 8 13 30 42 2 10 7 20 21 1 5 17 26 27 34 33 39 37 22 31 38 3 6
Volta 37: 15 48 8 13 30 42 7 21 1 2 5 10 20 17 27 26 33 34 37 39 22 31 38 3
Volta 38: 15 48 8 30 42 13 21 1 2 7 10 20 27 26 34 37 5 17 33 39 38 3 22 31
Volta 39: 15 48 8 30 13 42 2 7 10 20 21 27 34 1 5 17 26 33 37 38 3 39 22
Volta 40: 15 48 8 30 13 42 10 20 21 27 34 1 2 7 17 26 37 38 3 5 33 39 22
Volta 41: 15 30 48 8 42 10 13 20 21 26 27 34 37 1 2 7 17 33 38 5 3 39
Volta 42: 15 48 8 30 42 10 13 20 21 27 26 34 37 1 7 33 38 5 17 3 39
Volta 43: 15 48 8 30 42 10 13 20 27 26 34 37 21 33 38 5 1 7 17 3
Volta 44: 15 48 8 30 42 10 13 20 26 37 21 27 34 5 1 7 33 38 3 17
Volta 45: 15 48 8 30 42 13 10 37 20 21 27 26 34 5 7 33 38 1 3
Volta 46: 15 48 8 30 42 13 10 37 20 21 26 5 27 34 3 7 33 38 1
Volta 47: 15 8 42 48 13 30 37 10 20 26 21 27 34 5 3 7 38 33
Volta 48: 15 42 48 8 30 13 10 37 20 27 26 5 7 34 38 3 33
Volta 49: 15 48 8 30 42 13 37 10 20 26 27 34 3 5 7 38
Volta 50: 8 15 30 42 48 13 10 37 20 27 26 5 3 7 34 38
Volta 51: 15 30 8 42 48 13 37 10 20 26 27 5 34 3 7
Volta 52: 8 15 30 42 48 13 10 27 37 5 20 26 34 3 7
Volta 53: 8 15 30 42 48 13 10 27 20 26 37 5 3 34
Volta 54: 8 15 30 48 13 42 10 27 37 5 20 26 34 3
Volta 55: 15 30 8 48 42 13 10 37 5 20 27 34 26
Volta 56: 8 15 30 48 42 13 10 20 27 37 5 26 34
Volta 57: 8 15 30 48 42 13 10 20 27 37 5 26
Volta 58: 15 30 8 48 42 13 10 20 37 27 5 26
Volta 59: 30 8 15 48 42 10 13 37 20 27 5
Volta 60: 30 8 15 48 42 10 37 13 20 5 27
Volta 61: 30 8 15 48 10 37 42 13 5 20
Volta 62: 8 30 15 48 37 42 10 5 13 20
Volta 63: 8 30 48 15 37 42 10 5 13
Volta 64: 8 30 15 48 37 42 10 5 13
Volta 65: 8 30 15 48 37 42 10 5
Volta 66: 8 15 30 48 37 42 5 10
Volta 67: 8 15 30 48 37 42 5
Volta 68: 8 15 30 48 37 42 5
Volta 69: 8 15 48 30 37 42
Volta 70: 8 15 30 37 48 42
Volta 71: 8 15 30 48 37
Volta 72: 8 30 48 15 37
Volta 73: 30 48 8 15
Volta 74: 30 48 8 15
Volta 75: 30 48 8
Volta 76: 30 48 8
Volta 77: 30 48
Volta 78: 30 48

Ranqueamento Final:
1: Ciclista 48 - 14701.14 segundos
2: Ciclista 8 - 14550.18 segundos
3: Ciclista 30 - 14450.66 segundos
4: Ciclista 15 - 14100.30 segundos
5: Ciclista 37 - 13651.14 segundos
6: Ciclista 42 - 13651.02 segundos
7: Ciclista 5 - 13500.06 segundos
8: Ciclista 10 - 13050.18 segundos
9: Ciclista 13 - 12600.30 segundos
10: Ciclista 20 - 12300.42 segundos
11: Ciclista 27 - 12000.66 segundos
12: Ciclista 26 - 11700.66 segundos
13: Ciclista 34 - 11250.78 segundos
14: Ciclista 3 - 10950.06 segundos
15: Ciclista 7 - 10500.18 segundos
16: Ciclista 38 - 10050.90 segundos
17: Ciclista 33 - 9750.78 segundos
18: Ciclista 1 - 9450.06 segundos
19: Ciclista 17 - 9000.42 segundos
20: Ciclista 39 - 8700.90 segundos
21: Ciclista 22 - 8250.54 segundos
22: Ciclista 31 - 7800.78 segundos
23: Ciclista 6 - 7500.18 segundos
24: Ciclista 12 - 7200.30 segundos
25: Ciclista 43 - 6601.02 segundos
26: Ciclista 44 - 6301.02 segundos
27: Ciclista 14 - 5850.30 segundos
28: Ciclista 45 - 5401.02 segundos
29: Ciclista 29 - 5250.66 segundos
30: Ciclista 41 - 4651.02 segundos
31: Ciclista 4 - 4350.06 segundos
32: Ciclista 28 - 3900.66 segundos
33: Ciclista 50 - 3451.14 segundos
34: Ciclista 24 - 3150.54 segundos
35: Ciclista 25 - 2850.54 segundos
36: Ciclista 18 - 2550.42 segundos
37: Ciclista 35 - 2100.78 segundos
38: Ciclista 40 - 1650.90 segundos
39: Ciclista 46 - 1201.14 segundos
40: Ciclista 49 - 601.14 segundos

Ciclista 2 quebrou na volta 42 - 8400.00 segundos
Ciclista 9 quebrou na volta 24 - 4950.12 segundos
Ciclista 11 quebrou na volta 24 - 4800.24 segundos
Ciclista 16 quebrou na volta 12 - 2550.36 segundos
Ciclista 19 quebrou na volta 12 - 2400.36 segundos
Ciclista 21 quebrou na volta 48 - 9450.48 segundos
Ciclista 23 quebrou na volta 12 - 2850.48 segundos
Ciclista 32 quebrou na volta 24 - 4500.72 segundos
Ciclista 36 quebrou na volta 24 - 4800.84 segundos
Ciclista 47 quebrou na volta 6 - 1351.08 segundos
