Volta 1: 2 3 4 5 1 8 6 7 10 9 15 12 11 14 13 17 18 19 20 16 22 21 25 23 24 26 30 28 27 29 33 35 34 31 32 40 36 39 38 37 41 45 42 44 43 47 49 48 46 50 51 52 53 54 55 57 58 56 60 59 62 61 63 65 64 67 68 70 69 66 75 73 74 71 72 80 76 77 78 79 83 82 84 81 85 90 89 87 88 86 94 92 93 95 91 98 99 97 96 100
Volta 2: 1 4 2 5 8 9 6 10 14 15 20 16 17 18 19 21 25 28 27 26 30 32 33 31 35 36 38 39 45 44 42 41 46 50 48 49 47 53 52 54 51 55 57 58 59 60 62 64 63 61 65 67 70 66 68 73 72 74 77 79 78 82 83 84 81 87 92 94 93 95 91 98 97 96 100 99 3 7 11 13 12 22 23 24 29 34 37 40 43 56 69 71 75 80 76 85 86 90 89 88
Volta 3: 4 2 9 10 8 6 14 20 16 17 21 28 27 35 38 39 45 44 48 52 55 54 58 57 59 63 65 68 70 74 77 78 83 81 84 87 94 91 95 93 99 98 97 100 1 5 7 12 11 13 15 18 19 22 25 23 24 29 30 26 32 31 33 34 36 37 40 42 41 43 49 47 50 46 53 51 60 56 61 62 64 67 66 73 72 79 80 76 82 85 89 90 86 92 96 3 69 71 75
Volta 4: 9 10 6 14 16 17 21 28 27 35 38 45 59 58 65 70 74 77 78 84 81 83 87 94 95 93 100 97 1 5 2 4 7 8 11 12 13 18 20 19 25 22 24 29 30 26 34 40 36 39 44 42 41 47 49 50 46 48 54 52 51 55 53 57 62 61 63 66 68 67 73 72 76 80 82 90 92 91 99 98 3 15 23 33 31 32 37 43 60 56 64 71 75 79 85 89 86 96 69
Volta 5: 10 6 14 21 38 45 58 59 65 74 77 78 81 83 87 93 94 100 1 5 4 2 8 9 12 11 13 16 18 17 20 24 25 30 27 28 29 35 39 36 41 42 46 47 50 48 52 53 54 57 63 61 70 68 67 66 72 73 76 84 90 91 95 99 97 3 7 15 19 22 26 33 34 32 37 40 44 49 51 55 60 56 62 64 80 79 82 89 86 92 96 98 23 31 43 71 75 85
Volta 6: 10 14 21 58 65 77 78 83 94 5 2 6 9 12 16 18 17 24 25 28 29 27 39 38 45 50 46 48 53 54 61 70 67 66 74 73 76 84 81 87 95 93 99 100 3 1 4 7 8 11 13 19 20 22 26 34 32 33 40 42 41 44 47 49 52 51 55 56 57 64 63 62 68 72 80 79 82 90 86 92 97 15 23 31 43 60 75 85 89 98 71
Volta 7: 14 58 65 77 78 94 5 2 9 10 12 16 24 21 27 29 28 39 38 45 54 61 76 83 87 93 95 99 100 3 1 6 8 7 11 13 18 19 17 20 25 22 26 32 44 41 48 47 46 50 52 51 53 56 66 70 67 68 74 73 72 80 82 84 81 90 86 92 97 4 23 33 34 40 42 49 55 57 62 64 63 75 79 85 89 98 15 31 43 60
Volta 8: 14 65 78 77 2 10 12 24 21 27 28 29 38 54 58 61 76 83 87 95 94 93 5 3 6 9 11 13 19 18 16 25 22 39 45 41 46 50 47 48 53 56 66 67 74 84 90 86 92 99 97 100 4 1 8 7 20 17 23 26 32 34 33 40 44 42 49 55 52 51 57 63 62 68 70 75 73 72 80 79 85 82 81 89 15 31 43 60 64 98
Volta 9: 65 78 77 2 10 14 21 24 28 27 61 76 83 87 95 93 94 5 3 9 12 19 16 18 22 25 29 39 38 45 50 46 48 47 53 54 56 58 67 66 74 84 90 86 92 97 100 99 1 7 6 8 11 13 20 17 23 33 32 34 40 41 44 42 51 55 57 63 68 73 72 80 81 82 89 4 26 49 52 60 62 70 75 79 85 15 31 43 64
Volta 10: 65 78 2 10 14 21 24 27 61 76 77 87 95 93 12 16 19 25 29 28 39 47 46 48 53 74 83 86 90 92 94 3 1 5 9 7 8 6 11 13 18 20 22 23 32 34 38 40 41 45 42 50 51 54 55 56 57 58 63 67 66 68 72 84 89 97 100 99 4 17 26 33 44 52 60 62 70 75 73 80 79 82 81 15 31 43 49 85 64
Volta 11: 78 2 10 14 24 27 65 61 77 95 93 25 21 39 46 47 53 74 76 83 87 92 94 1 3 5 9 7 8 11 12 13 18 19 16 28 29 32 34 38 40 41 48 50 51 55 57 56 58 63 66 67 68 72 86 90 4 6 20 17 22 23 26 33 42 45 52 54 70 79 84 81 89 100 97 99 15 44 49 60 62 73 75 80 85 82 31 43
Volta 12: 2 27 61 77 78 95 93 10 14 24 21 53 65 74 76 87 92 5 3 8 9 12 11 16 18 19 25 28 34 32 40 38 41 47 46 51 58 57 56 63 66 67 72 83 86 90 94 4 1 7 13 20 17 23 22 29 26 33 50 52 55 54 68 79 81 84 89 99 97 100 6 15 45 49 62 70 85 82 31 44 43 60 75 73
Volta 13: 2 78 77 93 95 10 14 21 24 27 61 74 76 87 92 3 9 12 11 19 25 34 32 38 47 51 53 65 72 83 1 4 5 8 7 20 18 17 16 22 23 29 28 33 40 41 50 46 55 56 57 58 63 68 66 67 79 81 84 90 89 86 94 100 13 26 45 49 52 54 62 70 97 99 6 15 31 60 75 82 85 43 44
Volta 14: 2 77 78 93 24 27 61 74 87 92 95 10 9 12 11 14 21 32 34 38 53 65 72 76 83 4 3 1 5 8 20 18 17 16 19 22 25 29 33 40 41 47 46 55 51 56 58 57 63 68 67 66 79 81 86 89 94 7 23 26 28 49 50 52 54 84 90 100 99 97 13 15 31 45 62 70 75 82 85 6 43 60 44
Volta 15: 78 93 2 27 61 77 87 92 95 10 9 14 12 24 21 32 53 65 74 72 1 3 5 4 8 11 16 19 25 29 34 40 38 41 47 46 51 57 56 58 63 68 66 67 76 79 83 89 7 17 18 20 22 23 33 49 54 52 55 81 90 86 94 97 100 99 13 15 26 28 31 45 50 62 75 85 84 82 6 70 43 60
Volta 16: 2 61 78 77 87 93 92 12 14 21 27 74 72 95 1 3 10 8 9 11 25 24 29 32 38 41 47 46 53 57 56 65 68 66 76 79 83 4 5 20 19 16 23 22 33 34 40 49 55 52 51 54 58 63 67 81 86 90 89 99 100 7 15 18 17 26 28 45 50 82 85 84 94 97 6 13 31 62 70 75 43 60
Volta 17: 77 78 87 92 93 2 14 12 21 27 61 74 3 1 8 9 11 24 38 41 47 53 56 68 72 79 83 95 4 10 20 16 25 29 32 33 49 46 54 55 52 51 57 65 67 66 76 81 89 90 86 99 5 7 15 19 17 23 22 26 28 34 40 45 58 63 85 82 94 100 97 6 18 50 62 70 84 13 31 75 43
Volta 18: 77 2 14 12 21 61 74 78 87 92 9 24 27 41 47 68 72 79 95 1 4 3 8 16 25 29 32 38 49 46 52 55 53 51 56 65 66 83 81 86 89 90 5 10 15 19 23 22 26 28 34 33 40 58 63 76 85 82 94 99 100 97 6 7 18 45 50 62 84 13 31 75 43
Volta 19: 77 2 12 61 74 92 14 24 21 27 41 47 72 78 87 95 1 3 8 9 29 32 38 46 49 52 53 51 56 65 68 79 81 83 89 4 15 16 19 23 22 25 26 33 34 55 66 76 85 82 90 86 94 97 99 5 7 10 18 28 40 58 62 63 84 100 6 13 31 45 50 75
Volta 20: 2 12 74 77 14 24 21 27 41 47 61 72 78 87 92 95 3 9 29 32 38 46 51 68 79 83 89 4 1 8 16 25 22 26 49 53 55 52 56 65 66 76 85 82 81 90 86 97 5 7 10 15 19 23 28 34 33 40 58 84 94 99 100 6 18 31 45 62 63 75 13 50
Volta 21: 2 74 77 12 14 24 21 41 47 61 72 87 95 92 3 27 29 46 51 68 78 79 83 89 1 4 8 9 16 22 25 32 38 49 55 53 56 65 76 85 82 81 86 10 15 19 23 26 28 33 34 52 58 66 84 90 94 97 99 100 5 7 18 31 40 62 63 75 6 45 13
Volta 22: 2 12 61 74 72 77 95 92 3 14 21 24 29 27 41 46 47 51 68 78 79 83 87 4 1 9 22 32 38 53 56 76 89 8 10 16 25 26 34 33 49 55 52 58 65 85 82 81 84 86 90 94 100 99 97 5 7 15 19 23 28 62 66 75 6 18 31 40 45 63 13
Volta 23: 2 12 72 92 95 14 21 24 29 41 47 46 51 61 74 77 78 83 87 1 3 9 27 32 56 68 79 89 4 10 8 16 25 22 33 38 49 53 55 52 58 65 76 85 81 82 90 94 97 5 7 19 23 26 28 34 62 75 84 86 99 100 6 15 31 40 45 63 66 18
Volta 24: 2 12 72 24 21 29 47 61 74 77 83 87 95 92 1 14 27 32 41 46 51 78 79 3 4 9 8 10 16 49 52 56 65 68 76 82 85 81 90 5 7 25 26 28 33 34 38 55 58 75 84 94 100 97 19 31 45 86 99 6 15 18 40 63
Volta 25: 2 12 24 74 72 83 87 92 1 14 21 29 41 46 47 51 61 77 78 95 3 10 9 16 27 32 49 52 56 65 68 79 76 82 90 4 7 8 25 28 26 33 55 58 75 84 81 85 97 100 5 34 38 45 94 6 15 18 19 31 40 86 99
Volta 26: 2 74 72 83 92 1 14 12 24 21 41 47 51 61 87 95 3 9 29 27 32 46 49 56 77 78 79 76 82 90 7 10 16 25 28 55 52 58 65 68 75 84 100 4 5 8 26 34 33 38 85 81 94 97 6 19 31 40 45 86 99 15 18
Volta 27: 2 74 83 92 14 24 21 47 51 61 72 87 95 1 12 29 41 46 77 78 90 3 7 10 9 16 25 27 32 49 55 52 56 58 65 68 76 79 82 4 8 28 26 34 33 75 84 81 85 94 100 97 5 31 40 38 45 86 6 15 19 99
Volta 28: 2 83 92 51 61 74 87 1 14 12 21 24 29 41 47 72 77 90 95 3 7 25 27 32 49 46 56 58 65 78 76 82 4 10 8 9 16 28 33 34 52 55 68 79 84 85 81 94 5 26 38 40 45 75 97 100 6 15 19 31 86 99
Volta 29: 2 83 51 61 74 87 92 1 12 24 21 41 47 77 90 95 7 14 29 27 32 46 49 56 65 72 78 82 4 3 8 9 16 25 33 34 55 52 58 68 76 79 85 81 5 10 26 28 38 75 84 94 100 97 31 40 45 86 6 15 19
Volta 30: 2 83 51 61 74 87 92 47 90 95 1 12 21 24 29 27 32 41 49 56 65 77 82 3 7 14 33 46 52 55 72 78 76 81 9 8 10 16 25 28 26 34 38 58 68 75 79 85 100 5 31 40 45 84 94 97 15 19 86 6
Volta 31: 2 83 74 87 47 51 61 92 95 1 12 21 27 29 49 65 77 82 90 7 14 24 32 41 46 56 72 78 76 81 3 8 16 25 28 33 38 55 52 58 68 75 79 100 5 9 10 26 31 34 40 84 85 97 15 45 86 94 19
Volta 32: 2 74 83 87 51 61 92 1 12 21 47 65 90 95 7 14 27 29 32 49 46 56 77 78 82 81 3 8 16 24 25 28 33 38 41 55 72 76 100 5 9 34 31 40 52 58 68 75 79 84 10 26 85 86 94 97 15 19 45
Volta 33: 74 83 87 2 92 1 21 47 51 65 61 90 95 7 12 27 49 46 56 77 81 82 3 8 14 24 25 29 28 33 32 38 41 55 72 78 76 100 5 9 16 31 34 40 52 58 68 75 79 84 10 85 86 97 15 26 94 19
Volta 34: 74 87 2 83 92 21 47 51 65 90 1 7 12 27 46 61 77 81 82 95 3 8 14 24 29 28 33 38 41 49 56 78 100 5 16 25 32 34 55 52 72 75 76 84 9 31 40 58 68 79 85 86 10 15 26 94 97 19
Volta 35: 74 83 87 92 2 47 90 21 27 51 65 61 95 1 7 12 24 28 38 41 46 56 77 82 81 100 3 5 8 14 29 32 34 33 49 55 52 75 78 76 84 16 25 31 58 68 72 79 85 9 40 86 97 10 15 26 94
Volta 36: 83 87 92 74 2 21 27 47 51 61 65 90 95 1 7 24 28 41 46 56 77 82 100 8 14 12 29 32 33 38 49 52 75 78 81 84 5 3 34 31 55 58 68 72 76 85 9 16 40 79 86 10 15 94 26
Volta 37: 83 87 92 2 27 47 74 90 95 21 41 46 51 56 65 61 100 1 7 14 12 24 28 32 38 49 52 75 78 77 82 84 5 3 8 29 33 55 58 72 76 85 81 9 16 31 34 40 68 79 86 10 94 15
Volta 38: 83 87 47 74 95 92 2 21 27 41 46 51 56 61 90 100 1 7 12 14 28 38 49 52 65 77 78 82 84 5 8 24 29 32 33 58 75 81 85 3 16 31 34 55 68 72 79 76 86 9 10 40 15 94
Volta 39: 74 83 87 95 92 21 27 41 47 46 61 90 100 2 1 14 28 38 49 51 56 65 78 84 5 7 8 12 24 29 32 33 52 77 81 82 3 31 58 68 75 72 79 85 10 16 34 40 55 76 86 9 15
Volta 40: 74 83 87 46 47 61 90 95 92 100 2 1 14 21 28 27 38 41 49 51 7 29 33 32 52 56 65 77 78 81 84 82 3 5 8 12 24 31 58 75 72 79 85 16 34 40 55 68 76 10 9 86 15
Volta 41: 87 61 74 83 90 95 92 14 21 27 38 41 46 47 100 2 1 7 28 33 49 51 56 65 78 84 81 3 5 8 12 24 29 32 31 52 58 72 77 79 85 82 34 68 75 76 16 40 55 10 9 86
Volta 42: 74 83 90 87 95 92 14 27 41 47 46 61 1 2 7 21 38 49 51 65 78 84 5 8 12 24 28 31 32 56 58 72 77 82 85 3 29 34 52 75 79 16 40 55 68 76 10 9 86
Volta 43: 74 90 87 95 27 61 83 92 1 2 14 38 41 49 46 47 51 65 7 21 24 28 31 58 56 78 85 84 82 5 8 12 29 32 52 75 72 79 77 3 34 55 68 76 10 16 40 9
Volta 44: 87 95 61 74 83 90 92 1 27 38 41 47 51 65 2 7 14 28 46 49 56 58 84 85 8 12 24 21 29 31 32 75 72 77 79 78 82 3 5 34 52 10 16 40 55 68 76 9
Volta 45: 87 61 83 95 1 27 38 41 51 65 74 90 92 2 14 46 47 58 85 84 7 8 21 28 32 49 56 72 79 82 12 24 29 31 34 52 75 78 77 3 5 10 16 40 55 68 76
Volta 46: 87 95 1 27 51 61 65 74 83 92 2 14 38 41 47 85 84 90 7 8 21 28 32 46 49 56 58 72 82 12 24 29 34 31 52 75 79 77 5 10 16 55 68 78 3 40 76
Volta 47: 87 95 61 2 1 14 27 38 41 51 65 74 84 85 83 90 92 8 21 46 47 56 72 7 12 24 28 31 32 49 58 79 82 5 10 29 34 52 68 75 77 78 16 40 55 3
Volta 48: 87 95 61 1 2 14 27 38 41 51 83 90 92 21 47 46 65 72 85 84 8 24 28 49 58 79 82 5 7 10 12 29 31 32 34 75 77 78 16 40 55 52 68 3
Volta 49: 87 61 95 1 41 83 90 2 14 27 38 51 65 85 92 8 21 24 28 47 49 46 58 72 79 84 82 10 7 32 34 75 78 5 12 16 29 31 40 55 52 77 68
Volta 50: 61 87 95 1 83 90 2 14 38 41 51 65 21 27 46 47 58 79 82 85 84 92 10 8 24 28 32 34 49 72 5 7 12 16 29 31 40 52 55 75 77 78 68
Volta 51: 87 95 1 61 2 38 41 51 65 83 90 14 21 47 79 84 85 92 10 8 24 27 28 32 34 49 46 58 72 82 5 7 29 31 40 55 52 78 12 16 75 77
Volta 52: 87 61 95 1 2 65 83 90 14 38 41 47 51 79 84 85 92 24 21 28 32 34 58 82 7 10 8 27 31 40 46 49 55 52 72 78 5 12 16 29 77 75
Volta 53: 61 87 95 2 1 83 14 38 47 51 65 79 84 85 90 24 21 28 34 32 41 58 82 92 10 27 40 46 49 52 55 72 5 7 8 12 16 29 31 77 78
Volta 54: 87 2 61 95 65 79 83 85 90 14 24 28 32 38 47 51 58 84 92 10 21 27 40 41 46 52 72 82 7 8 12 29 31 49 55 5 16 77
Volta 55: 2 61 87 95 65 79 85 83 14 24 28 32 47 51 84 90 10 21 38 41 58 72 82 92 8 12 29 27 31 40 46 49 55 52 5 7 16
Volta 56: 2 87 61 95 24 32 47 51 65 79 83 85 90 14 21 28 38 41 58 72 82 84 92 10 8 27 29 31 40 46 49 52 5 12 55 7 16
Volta 57: 87 2 61 95 24 51 79 85 90 14 28 32 38 47 58 65 83 84 21 27 29 31 41 52 72 82 92 5 8 10 12 40 46 49 55 7
Volta 58: 87 2 61 95 24 85 90 28 51 58 65 79 83 84 14 21 29 32 38 41 47 52 72 82 5 8 10 12 27 31 40 49 55 92 46 7
Volta 59: 87 2 61 95 24 90 51 85 84 21 28 29 32 38 47 58 65 72 79 83 5 14 12 27 31 40 41 52 82 92 8 10 49 46 55
Volta 60: 2 61 87 24 95 85 90 21 29 32 51 58 65 72 84 14 28 38 41 47 52 79 83 82 92 5 10 8 12 27 31 40 49 46
Volta 61: 2 87 24 61 95 21 51 84 85 90 14 29 32 38 58 65 72 83 82 92 5 10 8 12 28 27 31 40 41 47 49 52 79
Volta 62: 2 87 61 95 24 21 51 84 85 90 29 32 38 65 83 82 8 12 14 28 27 31 41 47 49 52 58 72 79 92 5 10 40
Volta 63: 2 87 61 24 95 21 85 90 29 38 51 65 84 83 12 32 31 41 47 49 58 82 92 5 10 8 14 27 28 52 72 79
Volta 64: 87 2 61 21 24 85 90 95 29 51 65 84 83 12 31 32 38 41 58 82 10 8 14 28 47 49 52 72 92 5 27 79
Volta 65: 2 87 61 90 95 24 21 29 51 65 84 85 32 38 83 82 10 12 28 31 41 49 47 52 58 72 92 5 8 14 27
Volta 66: 2 87 61 90 95 24 51 85 21 29 32 65 84 83 12 31 38 41 52 58 72 82 92 5 10 14 28 47 49 8 27
Volta 67: 87 2 61 24 51 90 95 21 29 65 85 83 84 32 31 38 52 58 82 5 10 12 14 28 41 47 72 92 8 49
Volta 68: 2 61 87 24 51 21 29 65 83 84 85 90 95 31 32 52 82 5 12 28 38 47 58 72 92 8 10 14 41 49
Volta 69: 2 61 87 24 51 21 65 84 90 95 29 32 52 85 82 83 12 31 38 47 58 92 5 10 14 28 72 8 41
Volta 70: 2 87 61 51 24 21 65 84 29 32 52 85 83 90 95 12 31 38 58 82 92 5 14 28 47 72 10 8 41
Volta 71: 2 87 61 51 24 65 21 32 83 84 90 12 29 31 38 52 85 95 28 47 58 72 82 92 5 10 14 8
Volta 72: 2 61 87 51 24 65 21 32 84 83 12 29 38 52 90 95 28 31 47 58 82 85 92 5 10 14 72 8
Volta 73: 2 87 61 24 51 21 32 65 84 12 29 38 52 83 90 95 28 31 58 82 85 92 5 47 72 10 14
Volta 74: 2 87 61 51 24 21 32 65 84 29 52 90 95 12 28 31 38 58 85 83 92 5 47 82 10 72 14
Volta 75: 87 2 61 24 51 65 84 21 32 90 29 28 31 38 52 58 85 83 95 92 5 12 47 82 72 10
Volta 76: 87 2 24 51 61 84 21 65 28 29 32 31 52 58 83 90 92 12 38 47 85 95 5 82 72 10
Volta 77: 87 2 51 61 24 65 84 21 28 29 83 90 31 32 52 58 85 95 92 5 12 38 47 82 72
Volta 78: 87 2 61 24 65 84 21 29 28 52 58 83 85 5 12 32 31 38 47 82 95 72
Volta 79: 87 2 61 65 84 21 24 29 28 52 83 12 32 38 58 82 85 95 5 31 47
Volta 80: 87 2 61 84 21 65 24 28 29 83 12 32 52 58 85 82 95 31 38 47 5
Volta 81: 87 2 61 84 65 21 28 24 29 32 52 58 83 82 95 12 47 85 31 38
Volta 82: 87 2 61 84 65 21 24 28 29 32 82 95 12 47 52 58 83 85 31 38
Volta 83: 87 2 61 84 65 21 24 28 32 82 12 29 47 52 58 83 95 85 31
Volta 84: 87 61 84 2 65 28 32 82 12 24 29 47 58 83 95 52 85
Volta 85: 87 84 2 61 65 82 24 28 29 32 58 12 47 52 83 95
Volta 86: 87 84 61 2 65 82 28 32 58 12 24 29 47 83 95 52
Volta 87: 87 84 61 2 65 82 12 24 28 32 47 58 95 29 83
Volta 88: 87 84 2 65 61 82 24 32 47 58 12 28 29 83 95
Volta 89: 87 84 65 61 2 82 32 47 58 24 28 29 12 83
Volta 90: 87 84 65 2 61 82 32 47 58 24 28 29 83 12
Volta 91: 87 65 84 2 61 82 58 28 32 47 24 29 83
Volta 92: 87 84 65 2 61 82 28 32 47 58 24 29 83
Volta 93: 87 65 84 2 61 82 58 24 28 32 47 29
Volta 94: 87 65 84 2 61 82 58 24 28 32 47 29
Volta 95: 87 65 84 2 61 82 58 32 47 24 28
Volta 96: 65 87 84 61 82 2 47 58 24 28 32
Volta 97: 65 87 61 84 2 82 58 47 24 28
Volta 98: 65 87 84 2 61 82 58 47 24 28
Volta 99: 65 87 84 61 2 58 82 24 47
Volta 100: 65 87 84 2 58 61 82 24 47
Volta 101: 65 84 87 2 61 58 82 24
Volta 102: 65 84 87 2 58 61 82 24
Volta 103: 65 84 87 2 58 61 82
Volta 104: 65 84 87 2 58 61 82
Volta 105: 65 84 87 2 58 61
Volta 106: 65 84 87 2 58 61
Volta 107: 65 84 87 2 58
Volta 108: 65 84 87 2 58
Volta 109: 65 84 87 2
Volta 110: 65 84 87 2
Volta 111: 65 84 87
Volta 112: 65 84 87
Volta 113: 65 84
Volta 114: 65 84

Ranqueamento Final:
1: Ciclista 84 - 10951.98 segundos
2: Ciclista 87 - 10802.10 segundos
3: Ciclista 65 - 10726.50 segundos
4: Ciclista 2 - 10650.06 segundos
5: Ciclista 58 - 10426.38 segundos
6: Ciclista 61 - 10351.50 segundos
7: Ciclista 82 - 10201.98 segundos
8: Ciclista 24 - 10125.54 segundos
9: Ciclista 47 - 9901.14 segundos
10: Ciclista 28 - 9750.66 segundos
11: Ciclista 32 - 9525.78 segundos
12: Ciclista 29 - 9375.66 segundos
13: Ciclista 83 - 9226.98 segundos
14: Ciclista 12 - 9075.30 segundos
15: Ciclista 95 - 8777.22 segundos
16: Ciclista 52 - 8626.26 segundos
17: Ciclista 85 - 8475.78 segundos
18: Ciclista 38 - 8325.90 segundos
19: Ciclista 5 - 8100.06 segundos
20: Ciclista 72 - 7876.74 segundos
21: Ciclista 10 - 7800.18 segundos
22: Ciclista 14 - 7575.30 segundos
23: Ciclista 8 - 7350.18 segundos
24: Ciclista 41 - 7126.02 segundos
25: Ciclista 49 - 6901.14 segundos
26: Ciclista 27 - 6750.66 segundos
27: Ciclista 79 - 6526.86 segundos
28: Ciclista 40 - 6300.90 segundos
29: Ciclista 46 - 6151.26 segundos
30: Ciclista 7 - 6000.18 segundos
31: Ciclista 16 - 5775.42 segundos
32: Ciclista 77 - 5551.86 segundos
33: Ciclista 75 - 5401.74 segundos
34: Ciclista 68 - 5176.62 segundos
35: Ciclista 3 - 5025.06 segundos
36: Ciclista 76 - 4801.86 segundos
37: Ciclista 9 - 4650.18 segundos
38: Ciclista 86 - 4502.10 segundos
39: Ciclista 15 - 4275.30 segundos
40: Ciclista 94 - 4052.22 segundos
41: Ciclista 26 - 3900.66 segundos
42: Ciclista 19 - 3750.42 segundos
43: Ciclista 45 - 3451.02 segundos
44: Ciclista 6 - 3300.18 segundos
45: Ciclista 99 - 3002.34 segundos
46: Ciclista 18 - 2850.42 segundos
47: Ciclista 63 - 2626.62 segundos
48: Ciclista 13 - 2550.30 segundos
49: Ciclista 50 - 2251.14 segundos
50: Ciclista 43 - 2101.02 segundos
51: Ciclista 60 - 1876.38 segundos
52: Ciclista 44 - 1726.02 segundos
53: Ciclista 73 - 1426.74 segundos
54: Ciclista 64 - 1276.50 segundos
55: Ciclista 98 - 977.34 segundos
56: Ciclista 71 - 826.74 segundos
57: Ciclista 69 - 601.62 segundos
58: Ciclista 88 - 302.10 segundos

Ciclista 1 quebrou na volta 54 - 5175.00 segundos
Ciclista 4 quebrou na volta 30 - 3075.00 segundos
Ciclista 11 quebrou na volta 18 - 1725.24 segundos
Ciclista 17 quebrou na volta 18 - 1875.36 segundos
Ciclista 20 quebrou na volta 18 - 1875.36 segundos
Ciclista 21 quebrou na volta 84 - 8250.48 segundos
Ciclista 22 quebrou na volta 24 - 2400.48 segundos
Ciclista 23 quebrou na volta 24 - 2475.48 segundos
Ciclista 25 quebrou na volta 36 - 3675.48 segundos
Ciclista 30 quebrou na volta 6 - 675.60 segundos
Ciclista 31 quebrou na volta 84 - 8475.72 segundos
Ciclista 33 quebrou na volta 42 - 4125.72 segundos
Ciclista 34 quebrou na volta 54 - 5325.72 segundos
Ciclista 35 quebrou na volta 6 - 600.72 segundos
Ciclista 36 quebrou na volta 6 - 675.84 segundos
Ciclista 37 quebrou na volta 6 - 750.84 segundos
Ciclista 39 quebrou na volta 12 - 1125.84 segundos
Ciclista 42 quebrou na volta 12 - 1275.96 segundos
Ciclista 48 quebrou na volta 12 - 1201.08 segundos
Ciclista 51 quebrou na volta 78 - 7501.20 segundos
Ciclista 53 quebrou na volta 24 - 2401.20 segundos
Ciclista 54 quebrou na volta 18 - 1801.20 segundos
Ciclista 55 quebrou na volta 60 - 6151.20 segundos
Ciclista 56 quebrou na volta 48 - 4801.32 segundos
Ciclista 57 quebrou na volta 18 - 1801.32 segundos
Ciclista 59 quebrou na volta 6 - 526.32 segundos
Ciclista 62 quebrou na volta 24 - 2476.44 segundos
Ciclista 66 quebrou na volta 24 - 2626.56 segundos
Ciclista 67 quebrou na volta 18 - 1801.56 segundos
Ciclista 70 quebrou na volta 18 - 2026.56 segundos
Ciclista 74 quebrou na volta 48 - 4726.68 segundos
Ciclista 78 quebrou na volta 54 - 5551.80 segundos
Ciclista 80 quebrou na volta 12 - 1351.80 segundos
Ciclista 81 quebrou na volta 42 - 4201.92 segundos
Ciclista 89 quebrou na volta 24 - 2327.04 segundos
Ciclista 90 quebrou na volta 78 - 7652.04 segundos
Ciclista 91 quebrou na volta 6 - 602.16 segundos
Ciclista 92 quebrou na volta 78 - 7727.16 segundos
Ciclista 93 quebrou na volta 18 - 1652.16 segundos
Ciclista 96 quebrou na volta 6 - 677.28 segundos
Ciclista 97 quebrou na volta 36 - 3752.28 segundos
Ciclista 100 quebrou na volta 42 - 4052.28 segundos
