Volta 1: 3 4 1 2 5 9 10 6 8 7 14 13 15 12 11 19 16 20 18 17 24 23 21 22 25 26 30 29 27 28 32 34 31 33 35 37 38 39 40 36 43 42 45 44 41 50 47 48 49 46
Volta 2: 2 1 5 3 10 9 7 8 14 11 13 15 20 18 19 16 25 24 21 23 22 26 29 28 27 33 34 32 31 35 37 36 43 42 49 46 47 50 4 6 12 17 30 38 40 39 45 44 41 48
Volta 3: 2 3 10 7 8 11 19 16 18 21 24 22 27 26 29 33 34 37 43 46 49 47 5 4 1 6 9 13 14 15 12 17 20 25 23 28 30 32 31 35 36 40 39 38 41 42 45 44 50
Volta 4: 2 3 8 7 10 11 19 18 21 22 26 33 37 49 46 47 1 5 4 9 6 15 12 14 13 20 16 24 25 29 27 28 31 32 35 34 39 40 42 45 43 44 41 50 17 23 30 38 36
Volta 5: 3 8 7 19 21 22 33 46 47 1 2 5 4 10 12 11 15 16 18 25 24 28 26 27 31 32 34 35 40 39 37 43 41 44 42 50 49 9 6 14 13 20 17 23 29 38 45 30
Volta 6: 3 7 8 22 21 33 46 2 4 5 11 12 15 19 27 26 28 32 35 34 39 37 40 44 43 42 47 49 1 9 6 14 13 16 20 23 29 31 38 41 50 17 30 45
Volta 7: 8 46 3 5 4 7 11 12 15 19 22 21 33 35 34 40 44 43 47 1 2 14 20 16 23 27 28 26 29 32 31 39 37 41 42 50 49 6 9 13 30 38 17
Volta 8: 46 5 4 8 11 19 22 21 33 40 44 2 3 7 14 15 12 16 20 23 28 29 26 27 34 32 35 31 37 43 49 50 47 1 6 9 13 30 39 38 41 42 17
Volta 9: 5 21 44 46 3 4 8 7 14 11 15 12 16 19 20 22 29 28 26 27 31 33 34 40 43 47 49 1 2 6 13 23 30 35 32 38 37 42 41 50 9 39
Volta 10: 5 21 4 8 14 15 19 20 16 22 27 26 28 29 33 31 34 40 44 43 49 46 3 1 6 7 13 12 11 23 32 35 37 38 50 47 2 9 30 39 41 42
Volta 11: 21 4 5 8 15 14 19 22 29 26 27 31 33 34 44 43 46 1 7 11 12 13 16 20 23 28 35 40 37 38 49 50 47 2 3 6 30 32 39 9 41
Volta 12: 21 5 8 14 19 22 29 34 33 1 4 7 12 15 20 16 23 27 26 31 35 40 37 38 43 47 46 50 2 3 6 11 49 9 30 32 39 41
Volta 13: 21 5 14 19 22 29 34 1 7 8 15 20 16 23 27 26 35 33 31 40 37 43 47 46 50 2 3 4 12 11 38 49 6 30 32 39 9
Volta 14: 21 14 19 22 5 1 7 15 20 29 33 35 34 37 40 4 3 8 12 11 16 23 27 26 31 43 46 50 47 2 30 39 38 49 6 32 9
Volta 15: 21 19 5 7 14 15 20 22 29 33 34 37 40 1 3 11 12 23 26 31 35 43 46 47 50 4 2 8 16 27 39 38 49 6 30 32
Volta 16: 21 19 22 33 34 40 37 5 1 7 15 14 12 11 20 29 35 31 46 47 50 3 4 2 8 23 27 26 39 43 49 16 30 32 38 6
Volta 17: 21 19 34 40 1 7 14 15 22 33 31 35 37 46 47 2 4 5 3 8 12 11 20 23 29 27 26 39 50 16 32 38 43 49 30
Volta 18: 21 19 34 7 14 22 31 40 37 46 3 1 4 5 12 11 15 26 29 33 35 39 47 2 8 23 32 38 50 49 30
Volta 19: 21 19 34 7 14 22 31 37 40 4 1 15 11 29 33 46 47 3 2 5 12 26 32 35 39 8 23 38 50 49
Volta 20: 21 19 14 22 34 40 37 4 7 29 31 47 46 3 2 1 5 11 15 12 26 35 32 33 39 23 38 8 49 50
Volta 21: 21 19 34 40 4 7 14 22 29 37 47 1 2 11 15 26 33 32 31 39 46 3 5 12 35 8 23 38 49
Volta 22: 19 21 34 40 4 7 14 22 29 37 47 2 11 15 26 31 33 39 46 5 1 12 35 32 3 23 49 8 38
Volta 23: 21 19 40 4 7 14 34 37 2 22 26 29 31 33 46 47 1 11 15 35 32 39 3 5 12 8 23 49
Volta 24: 21 19 40 4 34 2 7 14 22 29 26 31 33 37 47 1 11 15 32 39 46 5 12 3 8 23 49
Volta 25: 21 19 40 34 4 2 7 14 29 31 33 37 47 11 22 26 32 39 46 1 15 12 5 3 23 8
Volta 26: 21 19 40 4 2 14 33 34 7 11 22 29 32 31 39 37 46 47 15 26 1 5 12 23 3 8
Volta 27: 21 19 40 2 4 33 34 7 14 22 29 32 37 47 11 26 31 39 46 5 1 15 12 23 3
Volta 28: 21 19 40 2 4 33 34 7 29 32 37 14 11 22 26 31 39 46 47 1 15 5 12 23 3
Volta 29: 21 40 19 34 33 2 4 7 29 14 22 26 32 31 37 39 47 11 15 46 1 5 23 12
Volta 30: 21 19 34 40 4 2 7 33 14 22 29 31 47 15 11 26 39 37 5 23 46 1 12
Volta 31: 21 19 40 2 4 7 33 34 14 22 29 31 37 39 47 11 15 26 46 1 5 23
Volta 32: 21 2 4 19 33 34 40 7 22 29 31 14 37 47 11 15 26 39 46 5 1 23
Volta 33: 21 19 33 34 40 4 2 7 22 14 29 31 37 47 5 15 11 26 39 46 1
Volta 34: 21 34 33 4 7 19 22 40 2 14 29 31 37 47 5 11 15 26 39 46 1
Volta 35: 21 33 34 7 19 4 2 14 22 40 29 31 47 5 15 26 37 39 11 46
Volta 36: 21 34 19 33 4 7 40 2 14 22 29 31 47 39 37 5 15 26 46 11
Volta 37: 21 34 19 33 4 7 14 22 31 40 2 29 39 37 47 5 15 26 46
Volta 38: 21 34 19 4 33 7 31 2 14 22 29 37 40 47 5 39 15 46 26
Volta 39: 21 34 4 19 33 7 31 2 14 22 37 47 5 29 39 40 15 46
Volta 40: 21 34 4 19 33 31 2 7 14 22 37 29 39 47 5 40 15 46
Volta 41: 4 21 34 19 33 2 22 31 37 7 14 39 47 5 29 40 15
Volta 42: 21 34 4 19 33 22 2 7 14 31 39 37 5 29 40 47 15
Volta 43: 21 19 34 4 22 33 2 31 39 37 5 7 14 29 40 47
Volta 44: 19 21 34 22 33 4 37 2 5 14 31 40 39 47 7 29
Volta 45: 19 21 22 34 4 33 37 5 14 31 39 40 2 7 47
Volta 46: 19 22 21 34 4 33 37 5 14 39 40 2 7 31 47
Volta 47: 4 19 21 22 34 33 5 14 37 7 40 39 2 31
Volta 48: 19 22 21 33 4 5 34 37 14 2 7 31 39
Volta 49: 19 22 21 4 5 34 33 37 14 2 7 31
Volta 50: 19 22 21 33 34 37 5 4 14 2 7 31
Volta 51: 19 21 34 33 37 5 4 14 22 2 7
Volta 52: 19 21 33 34 37 4 14 22 5 2 7
Volta 53: 19 33 37 4 21 22 34 5 14 2
Volta 54: 19 33 37 4 22 21 34 5 14 2
Volta 55: 33 4 19 21 34 37 14 22 5
Volta 56: 33 4 19 21 37 14 22 34 5
Volta 57: 33 4 21 37 19 34 14 22
Volta 58: 4 21 33 19 37 14 22 34
Volta 59: 4 21 33 37 14 19 22
Volta 60: 4 33 37 14 19 22
Volta 61: 4 33 37 14 19
Volta 62: 4 33 14 19 37
Volta 63: 4 14 33 19
Volta 64: 4 33 14 19
Volta 65: 4 33 14
Volta 66: 33 4 14
Volta 67: 4 33
Volta 68: 33 4

Ranqueamento Final:
1: Ciclista 4 - 6525.06 segundos
2: Ciclista 33 - 6450.78 segundos
3: Ciclista 14 - 6450.30 segundos
4: Ciclista 19 - 6150.42 segundos
5: Ciclista 37 - 5925.90 segundos
6: Ciclista 22 - 5775.54 segundos
7: Ciclista 34 - 5625.78 segundos
8: Ciclista 5 - 5475.06 segundos
9: Ciclista 2 - 5325.06 segundos
10: Ciclista 7 - 5250.18 segundos
11: Ciclista 31 - 5025.78 segundos
12: Ciclista 39 - 4800.90 segundos
13: Ciclista 47 - 4651.14 segundos
14: Ciclista 29 - 4425.66 segundos
15: Ciclista 15 - 4350.30 segundos
16: Ciclista 46 - 4126.14 segundos
17: Ciclista 26 - 3975.66 segundos
18: Ciclista 11 - 3750.30 segundos
19: Ciclista 1 - 3600.06 segundos
20: Ciclista 23 - 3375.54 segundos
21: Ciclista 12 - 3150.30 segundos
22: Ciclista 3 - 3000.06 segundos
23: Ciclista 8 - 2850.18 segundos
24: Ciclista 49 - 2551.14 segundos
25: Ciclista 38 - 2400.90 segundos
26: Ciclista 50 - 2176.14 segundos
27: Ciclista 30 - 2025.66 segundos
28: Ciclista 6 - 1800.18 segundos
29: Ciclista 9 - 1650.18 segundos
30: Ciclista 41 - 1351.02 segundos
31: Ciclista 42 - 1126.02 segundos
32: Ciclista 17 - 975.42 segundos
33: Ciclista 45 - 751.02 segundos
34: Ciclista 36 - 525.90 segundos
35: Ciclista 48 - 301.14 segundos

Ciclista 10 quebrou na volta 6 - 600.12 segundos
Ciclista 13 quebrou na volta 12 - 1275.24 segundos
Ciclista 16 quebrou na volta 18 - 1875.36 segundos
Ciclista 18 quebrou na volta 6 - 600.36 segundos
Ciclista 20 quebrou na volta 18 - 1800.36 segundos
Ciclista 21 quebrou na volta 60 - 5625.48 segundos
Ciclista 24 quebrou na volta 6 - 675.48 segundos
Ciclista 25 quebrou na volta 6 - 675.48 segundos
Ciclista 27 quebrou na volta 18 - 1875.60 segundos
Ciclista 28 quebrou na volta 12 - 1200.60 segundos
Ciclista 32 quebrou na volta 30 - 2925.72 segundos
Ciclista 35 quebrou na volta 24 - 2400.72 segundos
Ciclista 40 quebrou na volta 48 - 4725.84 segundos
Ciclista 43 quebrou na volta 18 - 1875.96 segundos
Ciclista 44 quebrou na volta 12 - 1125.96 segundos
