Volta 1: 3 4 1 2 5 9 10 6 8 7 14 13 15 12 11 19 16 20 18 17 24 23 21 22 25 26 30 29 27 28 32 34 31 33 35 37 38 39 40 36 43 42 45 44 41 50 47 48 49 46
Volta 2: 2 1 3 4 10 9 7 8 14 11 12 13 20 18 19 17 25 24 21 23 22 26 30 28 27 33 34 32 31 35 37 40 42 44 49 48 46 50 5 6 15 16 29 38 36 39 45 43 41 47
Volta 3: 1 4 10 7 9 12 17 18 20 21 22 23 28 27 26 34 31 37 44 46 48 50 2 5 3 8 6 14 15 11 13 19 16 25 24 30 29 33 32 35 39 36 40 38 43 41 42 45 49
Volta 4: 4 1 10 9 12 18 22 23 27 31 48 50 46 5 2 3 6 8 7 13 14 19 17 20 25 21 24 28 26 30 34 33 37 36 44 45 43 49 15 11 16 29 35 32 38 40 39 41 42
Volta 5: 4 10 18 23 27 46 50 48 3 1 5 2 9 7 8 12 20 19 17 22 30 28 31 37 44 45 49 6 13 15 11 14 16 25 24 21 29 26 35 32 34 33 38 39 36 40 41 43
Volta 6: 4 10 18 23 46 48 1 2 5 9 12 17 19 20 22 27 31 37 45 44 49 50 3 8 7 15 11 14 24 21 28 29 26 30 33 34 35 39 36 43 6 16 25 32 38 40 41
Volta 7: 4 46 48 5 2 1 10 18 19 23 22 27 31 37 44 50 9 14 15 11 12 17 20 28 26 29 30 33 35 36 45 43 49 3 8 6 7 16 21 24 34 40 38 39 25 32
Volta 8: 4 48 46 2 18 19 23 22 31 44 5 1 10 9 11 12 15 20 17 27 26 33 37 43 50 3 6 8 7 14 16 24 21 30 28 29 34 35 38 36 39 45 49 25 32 40
Volta 9: 4 23 44 46 48 5 1 2 9 10 15 12 18 20 17 19 22 26 27 31 33 37 50 3 6 14 11 16 21 29 30 34 39 38 36 45 43 49 8 7 25 24 28 35 32
Volta 10: 44 46 48 2 4 1 9 10 12 15 20 18 17 19 22 23 26 27 33 50 3 5 6 14 11 21 30 29 31 39 37 45 43 7 8 16 25 24 28 34 35 38 36 49 32
Volta 11: 44 48 2 1 9 10 15 18 20 17 23 27 26 33 46 5 4 12 19 21 22 30 29 31 37 45 43 50 3 6 7 14 11 16 24 34 38 39 36 49 8 25 28 35
Volta 12: 48 2 1 9 10 15 20 18 17 44 4 5 12 23 22 29 27 26 31 33 37 46 50 7 6 14 11 19 21 30 34 45 43 49 16 24 25 28 35 39 36 8
Volta 13: 48 2 15 17 20 18 1 4 10 9 22 27 26 33 31 44 5 14 12 19 21 23 30 29 34 37 45 43 46 50 49 7 6 11 16 24 25 28 35 36 39
Volta 14: 2 15 20 18 48 4 1 10 9 17 27 31 33 5 12 19 21 23 22 29 30 26 34 37 43 45 44 50 46 6 14 11 16 28 49 7 25 24 35 36 39
Volta 15: 2 15 20 48 1 4 9 18 27 33 31 5 10 17 19 22 23 26 30 44 46 50 6 12 11 21 29 28 34 37 45 43 49 14 16 24 25 35 7 36
Volta 16: 2 15 1 9 18 20 27 33 48 4 10 19 22 30 31 50 5 6 12 11 17 21 23 28 29 26 34 37 44 43 45 46 49 14 16 24 35 7 25 36
Volta 17: 2 15 1 9 20 33 48 10 18 22 27 31 4 6 19 17 21 28 29 30 34 43 44 50 49 46 5 11 12 23 26 35 37 45 14 16 24 25 7
Volta 18: 2 15 20 48 10 9 18 27 31 33 4 6 17 22 29 30 28 43 44 46 11 12 19 23 21 26 34 50 49 5 14 16 24 37 45 7 25
Volta 19: 2 15 48 10 9 20 18 27 33 4 6 30 31 11 12 17 19 23 22 21 29 26 28 34 43 44 49 46 50 5 14 16 24 37 7 45
Volta 20: 2 15 18 20 33 48 9 10 27 4 6 12 19 17 21 23 22 26 30 29 31 44 43 49 46 5 11 14 16 24 28 34 37 50 45 7
Volta 21: 2 15 20 18 48 10 27 33 4 6 9 12 19 23 21 30 44 43 46 11 16 17 24 22 29 26 34 31 37 50 49 5 14 28 45
Volta 22: 2 15 18 20 10 27 33 48 4 9 19 23 43 46 6 12 17 21 22 29 26 30 31 34 37 44 50 5 11 14 16 24 28 45 49
Volta 23: 2 15 18 10 20 9 19 23 27 33 43 48 4 6 12 17 22 21 30 29 26 31 34 37 44 46 50 5 11 14 16 24 28 45
Volta 24: 2 15 18 10 20 9 19 27 33 43 4 12 23 21 31 44 46 48 50 14 17 29 26 34 5 11 16 24 28 45
Volta 25: 18 2 10 15 20 9 4 19 23 27 33 43 50 46 12 14 17 21 26 29 31 34 44 48 5 11 28 16 24
Volta 26: 18 2 10 20 15 4 9 19 23 27 33 43 46 14 12 21 29 31 34 44 48 50 5 17 26 28 11 16 24
Volta 27: 10 20 18 2 15 9 19 27 33 4 12 23 29 43 44 46 48 5 14 17 21 28 34 31 50 26 11 16
Volta 28: 10 18 20 15 2 19 27 33 4 9 12 5 14 23 21 28 29 34 31 43 44 48 46 17 50 11 16 26
Volta 29: 20 18 10 2 15 19 27 4 9 12 33 5 14 21 23 28 29 31 44 43 46 48 17 34 50 11 16
Volta 30: 20 10 2 15 27 4 19 33 9 12 14 21 23 28 29 43 5 34 31 44 48 46 17 50 11 16
Volta 31: 10 20 2 15 27 4 19 33 9 12 14 23 28 29 43 5 21 34 44 48 46 17 31 11 50
Volta 32: 20 10 15 27 2 4 19 33 23 28 9 12 14 29 34 43 48 46 5 17 21 31 44 11 50
Volta 33: 20 10 4 2 15 19 27 28 33 12 14 23 29 34 9 21 31 43 44 48 46 5 11 17
Volta 34: 20 4 2 10 15 19 27 28 33 14 23 9 12 21 29 31 34 43 44 48 5 11 46 17
Volta 35: 20 15 4 2 10 19 28 27 33 14 12 23 21 29 34 44 48 9 11 31 43 46 5
Volta 36: 20 15 4 2 10 19 27 14 28 33 12 23 21 48 29 34 43 44 5 9 11 31 46
Volta 37: 20 2 15 19 27 4 10 28 33 14 23 48 12 21 29 44 43 5 9 11 31 34
Volta 38: 20 2 19 27 4 10 15 33 14 23 28 12 29 43 44 48 11 21 31 34 5 9
Volta 39: 19 20 2 4 10 27 15 14 33 12 23 28 29 44 48 21 31 43 5 11 34
Volta 40: 20 4 2 10 19 27 15 14 33 23 28 29 44 48 12 21 31 43 11 34 5
Volta 41: 20 19 27 4 2 10 15 33 14 29 28 23 31 44 48 12 21 34 43 11
Volta 42: 20 27 2 4 19 10 15 14 29 23 28 31 44 12 21 34 43 48 11
Volta 43: 27 4 2 19 20 10 15 14 23 28 29 31 12 21 43 44 48 34
Volta 44: 2 4 19 20 27 15 10 14 23 28 29 31 21 44 12 34 43 48
Volta 45: 2 4 27 19 20 10 14 15 23 21 29 28 31 12 34 43 44
Volta 46: 4 2 20 27 10 14 19 23 15 21 28 29 31 12 44 34 43
Volta 47: 2 4 20 27 14 19 23 10 15 12 21 29 28 31 34 44
Volta 48: 4 2 20 19 23 27 10 15 12 21 28 29 31 34 44
Volta 49: 2 4 19 20 23 27 10 12 15 21 29 28 34 31
Volta 50: 4 2 19 20 23 27 10 12 15 21 34 29 28 31
Volta 51: 2 4 20 19 23 27 10 21 12 15 34 28 29
Volta 52: 2 4 20 19 23 27 10 21 15 34 12 29 28
Volta 53: 2 4 27 10 20 19 21 23 15 34 12 29
Volta 54: 2 4 10 19 20 27 15 21 34 12 29
Volta 55: 2 4 10 19 20 27 21 34 15 12
Volta 56: 2 4 10 19 20 27 34 21 15 12
Volta 57: 2 4 10 19 20 27 21 34 15
Volta 58: 2 4 10 20 19 27 21 34 15
Volta 59: 2 4 10 20 19 27 21 34
Volta 60: 2 4 10 19 20 27 21 34
Volta 61: 2 4 10 20 19 27 21
Volta 62: 2 4 10 20 19 27 21
Volta 63: 2 4 10 19 20 27
Volta 64: 2 4 10 20 19 27
Volta 65: 2 4 10 20 19
Volta 66: 2 4 20 10 19
Volta 67: 2 20 4 10
Volta 68: 2 20 4 10
Volta 69: 2 20 4
Volta 70: 2 20 4
Volta 71: 2 20
Volta 72: 2 20

Ranqueamento Final:
1: Ciclista 20 - 6825.42 segundos
2: Ciclista 4 - 6750.06 segundos
3: Ciclista 2 - 6600.06 segundos
4: Ciclista 10 - 6525.18 segundos
5: Ciclista 19 - 6300.42 segundos
6: Ciclista 27 - 6225.66 segundos
7: Ciclista 21 - 6225.54 segundos
8: Ciclista 34 - 6000.78 segundos
9: Ciclista 15 - 5850.30 segundos
10: Ciclista 12 - 5625.30 segundos
11: Ciclista 29 - 5550.66 segundos
12: Ciclista 28 - 5325.66 segundos
13: Ciclista 31 - 5100.78 segundos
14: Ciclista 44 - 4876.02 segundos
15: Ciclista 43 - 4726.02 segundos
16: Ciclista 48 - 4501.14 segundos
17: Ciclista 11 - 4425.30 segundos
18: Ciclista 5 - 4200.06 segundos
19: Ciclista 9 - 3975.18 segundos
20: Ciclista 46 - 3751.14 segundos
21: Ciclista 17 - 3600.42 segundos
22: Ciclista 50 - 3451.14 segundos
23: Ciclista 16 - 3225.42 segundos
24: Ciclista 26 - 3000.66 segundos
25: Ciclista 24 - 2775.54 segundos
26: Ciclista 45 - 2551.02 segundos
27: Ciclista 49 - 2326.14 segundos
28: Ciclista 7 - 2250.18 segundos
29: Ciclista 25 - 2025.54 segundos
30: Ciclista 36 - 1800.90 segundos
31: Ciclista 39 - 1575.90 segundos
32: Ciclista 8 - 1425.18 segundos
33: Ciclista 32 - 1200.78 segundos
34: Ciclista 40 - 975.90 segundos
35: Ciclista 41 - 751.02 segundos
36: Ciclista 42 - 526.02 segundos
37: Ciclista 47 - 301.14 segundos

Ciclista 1 quebrou na volta 18 - 1650.00 segundos
Ciclista 3 quebrou na volta 12 - 1275.00 segundos
Ciclista 6 quebrou na volta 24 - 2475.12 segundos
Ciclista 13 quebrou na volta 6 - 675.24 segundos
Ciclista 14 quebrou na volta 48 - 4725.24 segundos
Ciclista 18 quebrou na volta 30 - 2700.36 segundos
Ciclista 22 quebrou na volta 24 - 2400.48 segundos
Ciclista 23 quebrou na volta 54 - 5250.48 segundos
Ciclista 30 quebrou na volta 24 - 2400.60 segundos
Ciclista 33 quebrou na volta 42 - 4050.72 segundos
Ciclista 35 quebrou na volta 18 - 1875.72 segundos
Ciclista 37 quebrou na volta 24 - 2475.84 segundos
Ciclista 38 quebrou na volta 12 - 1275.84 segundos
