Volta 1: 2 5 3 1 4 6 9 10 7 8 11 13 14 12 15 18 17 19 20 16 22 24 21 23 25 30 29 28 27 26 33 32 35 34 31 39 40 36 37 38 42 44 41 45 43 48 46 49 47 50 54 55 53 51 52 59 58 56 60 57 63 64 61 65 62 67 68 70 69 66 71 73 72 75 74 79 76 78 80 77 83 84 85 82 81 87 89 86 88 90 95 91 92 93 94 100 98 99 96 97
Volta 2: 3 1 8 7 10 9 15 14 19 17 18 24 21 25 22 27 26 28 30 29 32 35 34 37 40 39 38 43 41 45 44 49 47 50 48 53 54 52 51 55 60 58 57 56 65 63 64 61 62 66 69 70 67 73 72 71 74 75 76 78 77 80 79 83 81 84 82 87 90 88 89 86 94 92 95 97 100 98 99 96 2 5 4 6 11 12 13 20 16 23 31 33 36 42 46 59 68 85 91 93
Volta 3: 1 9 10 8 15 19 22 21 24 25 30 28 35 32 37 39 38 40 44 41 49 48 55 53 56 60 58 62 65 64 63 67 69 73 72 71 75 74 76 79 80 77 84 81 90 86 88 89 95 94 92 96 3 5 7 6 11 13 14 12 18 17 23 26 29 27 31 34 33 42 43 45 50 47 51 52 54 57 59 61 68 66 70 78 82 83 85 87 98 99 97 100 2 4 16 20 36 46 91
Volta 4: 8 9 15 21 24 22 28 30 32 35 40 39 38 44 41 48 53 55 58 56 60 64 62 65 63 67 74 71 73 76 77 80 79 84 89 90 86 92 95 94 3 5 1 6 10 7 12 13 14 18 19 17 25 23 27 34 37 42 45 50 49 47 54 52 57 59 61 69 68 70 75 72 81 83 82 88 87 98 96 99 100 97 2 4 11 20 29 26 33 31 36 43 46 51 66 78 85 91 16
Volta 5: 8 15 22 21 28 30 35 38 40 55 53 58 64 63 73 74 71 77 84 89 94 92 95 5 3 1 9 6 10 12 14 19 17 24 23 25 34 32 37 39 42 44 41 45 47 48 54 57 60 56 65 62 67 76 79 80 81 87 88 90 86 100 96 98 4 7 13 11 18 20 27 26 31 33 36 43 46 50 49 52 59 61 70 68 69 75 72 78 83 82 85 91 97 99 2 29 51 66
Volta 6: 8 15 22 28 35 38 40 55 53 64 74 77 84 94 95 5 1 10 6 9 14 17 19 23 21 24 30 32 37 39 41 44 48 54 57 58 56 60 65 62 63 67 71 73 76 80 81 90 89 86 87 92 98 100 4 3 11 12 20 25 27 26 31 34 33 42 45 43 47 49 52 59 61 69 70 75 78 79 82 83 88 91 96 99 97 2 7 18 29 36 46 51 68 66 72 85
Volta 7: 8 15 22 28 55 53 95 1 10 6 14 19 21 24 30 35 37 38 40 39 54 58 56 60 64 74 76 80 77 81 84 89 92 94 100 5 4 9 12 11 17 23 25 32 43 44 41 42 47 48 57 62 65 61 63 67 73 71 75 79 78 83 87 90 86 88 97 98 99 3 2 7 20 18 27 29 26 31 34 33 36 45 49 46 52 51 59 68 70 66 69 72 82 91 96
Volta 8: 15 22 28 1 10 8 14 19 24 30 35 40 38 55 53 58 56 60 64 74 80 77 84 81 89 94 95 100 5 6 9 12 11 17 23 21 25 32 39 37 41 54 57 63 65 62 67 75 73 71 78 76 79 88 86 90 87 92 97 3 4 2 18 27 33 31 42 43 44 45 48 47 52 51 61 66 68 69 82 83 91 99 98 96 7 20 29 26 34 36 46 49 59 70 72
Volta 9: 15 1 10 14 19 22 24 28 35 53 55 58 56 60 64 74 80 89 95 100 5 8 6 11 12 17 25 21 23 30 38 40 39 41 54 57 63 67 71 75 76 79 78 77 81 84 90 94 3 4 2 9 32 33 31 37 42 43 45 44 47 48 51 52 62 65 68 73 88 86 87 92 96 98 97 99 7 20 18 29 27 34 36 46 59 61 66 70 69 82 83 91 26 49
Volta 10: 15 1 14 24 22 35 53 58 60 64 74 89 95 100 5 10 6 8 11 19 25 30 28 39 38 40 55 56 63 67 71 79 76 80 81 84 94 4 3 12 17 23 21 31 33 32 37 41 44 45 47 48 54 51 57 62 65 68 73 75 77 78 90 86 92 97 96 99 2 9 27 29 42 43 52 61 69 70 82 83 88 87 91 98 7 18 20 34 36 46 59 66 26 49
Volta 11: 15 22 35 58 60 64 74 95 100 5 1 8 10 6 11 14 19 24 28 30 39 38 55 53 56 67 80 79 76 84 81 89 94 3 17 25 21 23 32 40 37 44 45 41 47 54 57 65 62 63 68 75 71 77 86 92 4 2 9 12 29 27 33 31 43 42 48 52 51 70 69 73 78 82 87 90 88 97 96 98 99 7 20 18 36 46 59 61 66 83 91 26 34
Volta 12: 22 35 60 95 5 1 10 8 6 14 30 39 53 55 58 64 67 74 84 81 89 94 100 11 17 19 25 21 24 28 32 37 38 40 44 41 47 56 62 65 63 68 75 71 79 80 76 77 86 92 3 2 4 9 12 23 29 31 33 42 45 48 52 54 57 73 78 82 88 87 99 97 98 96 7 27 36 43 46 51 59 61 70 69 66 83 90 18 20 26 34 91
Volta 13: 95 1 10 6 22 30 35 53 55 60 64 81 100 5 8 11 14 17 19 24 25 28 32 38 40 39 41 44 47 58 56 67 71 74 75 79 76 77 80 84 89 94 92 3 12 21 29 33 37 45 42 48 52 54 57 63 62 65 68 73 86 87 88 97 99 98 2 4 7 9 23 31 43 51 59 69 66 78 82 90 96 18 20 26 27 34 36 46 61 70 83
Volta 14: 22 30 35 55 95 5 1 8 6 10 14 24 25 32 39 40 41 44 47 53 60 56 58 64 67 75 71 84 81 89 92 94 100 11 12 17 19 21 28 38 37 45 54 52 65 68 74 73 79 77 76 80 87 88 86 98 97 2 4 3 7 9 23 29 33 31 42 43 48 51 57 62 63 69 66 78 99 18 20 27 26 36 46 59 61 70 83 82 90 96 34
Volta 15: 22 55 95 1 5 6 24 25 30 35 40 41 47 53 60 56 58 64 67 71 81 84 89 92 100 10 8 14 12 11 19 17 21 28 32 38 37 39 44 52 65 73 75 74 77 80 79 86 94 98 3 2 9 31 42 45 54 51 57 62 63 66 68 69 76 87 88 99 97 4 7 23 29 33 36 43 46 48 59 61 78 82 83 90 96 18 20 26 27 70
Volta 16: 55 95 24 22 25 30 35 40 41 53 60 56 71 84 89 100 5 1 6 8 10 14 11 19 21 28 32 38 44 47 58 64 65 67 74 73 75 81 86 92 98 2 9 12 17 31 39 37 45 42 51 54 52 57 63 62 68 69 77 80 79 76 87 94 3 4 7 23 29 33 43 48 46 61 66 78 83 90 88 99 96 97 20 18 26 27 36 59 82 70
Volta 17: 55 95 25 24 22 30 35 40 56 60 71 84 89 1 10 6 11 14 21 28 38 44 41 47 53 58 64 65 67 74 73 81 86 92 100 5 2 8 9 12 19 17 32 31 39 45 42 54 52 57 63 62 69 75 79 80 77 87 94 98 3 7 29 33 37 43 46 51 61 68 66 76 78 88 90 97 99 4 20 23 27 36 48 59 82 83 96 18 26
Volta 18: 55 24 35 40 60 56 71 89 95 6 25 22 21 30 41 47 73 81 84 86 100 1 2 5 10 9 8 14 11 12 17 28 31 32 38 44 42 53 57 58 64 65 62 67 75 74 80 79 87 94 92 98 3 33 39 37 45 46 52 54 51 63 69 66 78 77 76 90 99 4 7 20 23 27 29 36 43 48 59 61 68 82 83 88 97 96 18 26
Volta 19: 55 24 35 40 56 71 95 6 25 22 30 41 47 60 73 81 89 100 1 10 8 9 11 12 14 21 28 31 32 38 44 42 53 58 65 67 74 80 84 86 87 98 5 2 17 39 45 46 52 51 57 62 64 69 66 75 76 77 78 79 94 92 99 3 7 20 23 29 33 37 43 48 54 59 63 61 68 83 88 90 97 4 18 27 36 82 96
Volta 20: 24 35 55 71 30 40 47 60 56 89 95 100 10 6 8 12 14 11 22 21 25 28 38 41 42 53 65 73 74 80 81 84 87 1 5 9 17 32 31 45 44 46 51 58 57 64 62 67 69 77 76 79 86 94 92 98 2 3 7 20 23 33 37 39 43 48 52 63 68 66 75 78 90 99 18 27 29 36 54 59 61 83 88 96 97 4 82
Volta 21: 55 71 24 35 40 47 60 56 89 95 6 10 11 25 22 30 41 42 53 65 73 74 81 100 8 9 12 14 17 21 28 31 32 38 45 44 46 51 58 57 64 67 69 76 80 84 87 92 98 1 5 2 3 20 33 52 62 63 66 68 75 77 79 90 86 94 99 7 23 27 29 39 37 43 48 54 59 78 83 88 96 97 4 18 36 61
Volta 22: 55 24 35 40 56 60 71 89 6 10 25 22 30 41 47 53 73 81 95 100 8 14 12 11 21 28 32 38 42 45 46 58 57 65 69 74 76 80 84 87 92 5 3 1 9 17 31 33 44 52 51 62 64 67 66 68 79 90 94 99 98 2 7 20 23 27 37 39 48 54 63 75 77 78 83 86 88 97 4 18 29 36 43 59 61 96
Volta 23: 55 24 35 40 71 89 6 10 25 22 30 41 60 56 81 95 8 11 12 21 32 38 45 47 53 58 74 73 76 80 87 92 100 3 9 14 17 28 33 31 42 46 52 57 62 64 65 67 69 66 84 94 1 5 2 7 20 44 48 51 54 68 75 77 79 83 88 90 99 98 97 4 18 23 29 27 37 39 59 63 61 78 86 36 43
Volta 24: 55 40 71 89 6 24 22 25 35 60 95 8 10 11 30 32 38 41 45 53 56 73 76 81 100 3 9 14 12 17 21 28 33 31 42 46 52 58 65 62 67 66 69 74 80 84 87 92 94 1 5 2 7 20 44 54 57 64 68 79 90 99 97 98 18 23 27 29 39 37 48 51 59 61 75 78 77 83 86 88 43 36
Volta 25: 40 55 71 89 6 25 22 35 8 11 24 32 41 53 60 73 81 95 100 9 10 12 17 21 28 30 38 45 42 46 58 56 65 74 80 76 87 92 94 1 5 3 14 33 31 52 54 57 62 64 66 67 68 69 79 84 90 97 98 99 2 7 20 18 27 29 37 44 48 59 61 75 78 77 83 88 23 39 43 51 86
Volta 26: 40 89 6 25 22 35 55 71 8 11 24 32 41 60 73 10 9 12 21 30 28 38 42 45 46 53 65 74 76 80 81 87 92 95 94 100 1 3 17 31 33 54 52 58 56 57 62 64 69 66 68 84 99 97 5 2 14 18 20 27 44 48 61 67 79 77 78 83 88 90 98 7 23 29 37 39 51 59 75 86 43
Volta 27: 89 22 25 40 55 8 6 11 24 32 35 41 73 71 10 9 12 28 30 38 45 42 46 53 60 74 76 80 81 92 95 100 17 21 33 54 58 57 56 64 65 62 69 68 66 84 87 94 99 1 3 5 2 14 31 52 61 67 77 78 79 83 90 88 97 20 18 23 27 37 39 44 48 59 98 7 29 51 75 86
Volta 28: 25 40 55 89 6 22 32 35 41 73 71 10 8 12 11 24 45 42 53 60 74 76 81 92 9 17 21 30 28 38 46 54 57 56 58 65 66 68 80 84 94 95 100 3 2 1 14 33 52 62 64 61 69 67 78 83 87 88 90 99 97 5 20 18 27 31 39 77 79 98 7 23 29 37 44 48 51 59 75 86
Volta 29: 25 40 55 89 22 35 32 71 8 6 11 12 24 41 53 74 73 76 81 10 17 21 28 30 38 42 45 46 60 58 56 66 68 80 84 95 92 100 3 1 9 14 33 54 57 61 64 62 65 67 69 78 83 87 88 94 99 97 2 5 20 27 39 52 79 90 98 18 29 31 37 44 48 51 59 77 7 23 75
Volta 30: 25 40 55 89 22 32 71 6 12 35 41 53 74 81 10 8 11 17 21 24 38 42 45 46 60 73 80 76 84 9 14 28 30 33 54 56 57 61 62 65 66 68 67 88 95 100 3 5 1 27 39 52 64 69 78 83 90 94 97 99 2 20 29 31 51 77 79 7 23 37 44 48 59 75
Volta 31: 25 40 55 22 71 89 6 32 41 53 81 8 10 12 11 35 38 46 74 73 80 76 84 14 17 24 21 28 30 33 45 42 57 60 62 65 68 88 95 1 3 9 27 54 56 64 61 69 67 66 78 83 94 97 100 2 5 20 31 39 52 51 79 77 90 99 7 23 29 37 44 48 59
Volta 32: 25 55 22 40 71 89 32 41 81 8 10 6 12 11 35 38 53 74 73 80 17 24 30 33 42 45 46 60 76 84 95 3 1 9 14 21 27 28 56 57 65 64 62 67 68 69 66 88 94 97 100 5 2 39 54 52 61 78 79 83 99 20 29 31 44 51 59 77 90 7 23 37 48
Volta 33: 25 55 71 22 32 40 89 8 10 38 41 53 73 81 6 11 12 35 42 46 60 74 80 76 84 95 1 14 17 24 21 30 27 33 45 65 66 67 69 68 88 97 100 5 3 2 9 28 39 54 52 56 57 62 61 64 83 94 99 20 31 44 51 79 77 78 90 7 23 29 37 59
Volta 34: 25 55 71 22 32 40 89 41 53 81 8 10 6 12 11 35 38 42 46 60 73 80 84 1 14 17 21 24 30 27 33 65 66 67 69 74 76 95 100 97 5 3 9 39 45 54 57 56 64 62 68 88 94 99 2 28 44 52 61 77 83 90 7 20 29 31 51 59 78 79 23 37
Volta 35: 25 71 22 32 55 89 40 81 6 8 12 42 41 53 60 73 84 10 11 14 21 24 30 27 35 38 46 66 74 80 95 100 1 9 17 33 39 45 56 57 64 65 69 67 76 88 94 97 5 2 3 44 54 61 62 68 77 83 90 99 7 20 29 28 31 52 51 78 79 23 59
Volta 36: 25 71 32 55 89 22 40 6 8 42 41 53 73 10 12 11 27 35 46 74 80 84 100 1 14 17 24 21 30 33 38 56 64 65 67 66 94 95 97 5 3 2 9 39 44 45 54 57 61 68 77 76 83 90 88 99 20 31 52 62 79 78 7 29 51 59 23
Volta 37: 71 25 32 40 55 89 6 22 73 8 10 12 11 27 41 42 53 74 80 84 1 24 21 35 33 38 46 56 66 67 95 94 97 100 5 9 14 17 30 39 44 45 57 65 61 64 77 90 99 2 3 20 31 54 62 68 78 79 76 83 88 29 52 51 59 7
Volta 38: 71 25 32 40 55 89 22 73 6 10 8 27 42 41 53 74 84 11 12 35 33 56 66 67 80 94 100 97 5 1 9 14 17 24 21 30 38 45 46 57 64 65 95 3 2 20 31 39 44 54 62 61 68 77 83 90 88 99 29 52 78 76 79 7 51 59
Volta 39: 25 32 40 71 55 89 10 22 27 73 74 84 6 8 12 11 33 35 41 42 53 66 67 80 100 97 1 9 14 17 24 21 30 38 45 56 64 94 95 3 5 2 20 39 44 46 54 57 61 65 62 77 83 90 88 99 29 31 52 68 79 78 51 76 7
Volta 40: 25 32 40 71 55 89 10 22 74 84 6 8 12 27 33 35 42 41 53 66 73 1 11 14 17 30 45 56 67 80 94 95 100 97 2 5 9 24 21 39 38 46 54 65 64 83 88 99 3 20 29 31 44 57 61 62 77 90 52 68 79 78 7 51 76
Volta 41: 25 32 71 40 55 89 22 74 84 6 10 8 12 27 42 41 66 73 11 30 35 33 53 56 67 80 94 100 97 5 1 9 14 17 21 24 39 45 54 65 95 99 2 20 29 31 38 46 64 62 61 77 83 88 90 3 44 52 57 79 78 7 51 68
Volta 42: 25 32 71 40 22 55 74 89 10 6 8 12 27 42 41 66 73 84 33 35 53 56 97 1 9 11 14 17 24 21 39 45 65 67 80 95 99 2 20 31 46 54 62 61 64 77 83 88 29 38 44 57 78 90 3 7 52 68 79 51
Volta 43: 71 25 32 22 40 55 89 6 10 12 66 74 73 8 27 35 33 42 41 53 56 84 9 14 24 21 67 80 95 97 1 11 17 20 39 45 54 62 64 65 83 99 2 29 31 38 44 46 61 78 77 90 88 3 52 57 79 7 68
Volta 44: 71 25 32 22 55 89 10 6 40 66 74 12 35 42 53 73 84 8 9 14 27 33 41 56 80 95 97 1 11 17 24 21 39 45 54 65 62 67 83 99 2 20 29 31 38 44 64 61 77 88 3 46 78 90 7 52 57 79 68
Volta 45: 71 22 25 32 55 89 6 10 40 74 12 35 42 53 66 73 84 8 9 27 41 56 1 14 21 24 33 39 45 54 62 67 80 95 97 2 11 20 17 29 31 65 64 83 88 99 3 38 44 46 61 77 78 90 52 57 79 7
Volta 46: 22 25 32 55 71 10 74 89 6 12 35 40 42 66 73 41 53 56 84 1 8 9 27 33 45 54 80 97 2 14 11 24 21 29 31 39 65 64 62 67 83 88 95 99 3 20 17 38 44 61 78 90 46 52 77 7 57 79
Volta 47: 22 25 32 71 10 55 74 89 35 40 66 6 12 42 53 73 84 8 9 27 45 41 56 97 1 11 14 21 29 33 31 39 54 64 62 67 80 88 95 99 2 17 20 24 38 65 61 83 90 3 44 46 77 78 7 52 57
Volta 48: 22 25 71 10 32 55 74 35 40 66 89 6 42 53 73 12 41 84 1 9 8 11 21 27 31 45 54 56 64 80 88 95 97 99 2 14 17 20 29 33 39 61 65 67 3 38 44 46 77 78 83 90 7 52 57
Volta 49: 22 71 25 32 55 74 10 35 40 53 66 73 89 6 12 41 42 84 1 8 11 21 27 31 45 54 56 64 88 95 97 99 2 9 14 17 20 29 33 39 65 80 3 38 44 61 67 78 83 90 7 46 52 77
Volta 50: 22 25 74 71 35 32 55 10 40 66 89 6 42 41 53 73 84 1 8 12 21 27 31 54 64 88 95 97 2 14 11 20 39 45 56 65 80 99 9 17 29 33 44 67 90 3 7 38 46 61 78 83 52 77
Volta 51: 25 22 74 71 35 55 32 40 66 89 6 10 42 41 53 1 8 12 21 27 31 64 73 84 88 95 97 2 11 14 39 45 54 56 65 80 99 9 17 20 33 44 67 90 3 7 29 38 46 61 78 83 52
Volta 52: 22 25 74 71 35 32 40 55 66 89 10 53 8 6 21 27 31 42 41 64 73 88 97 1 2 12 11 14 39 45 56 65 80 84 95 20 17 54 67 90 99 3 9 29 33 38 44 46 61 78 7 83 52
Volta 53: 25 74 22 71 35 55 89 10 32 40 53 66 8 6 42 41 73 88 1 14 12 21 27 31 45 56 65 64 80 95 97 2 11 17 39 54 67 84 90 20 33 38 44 61 78 99 3 9 7 29 46 83
Volta 54: 25 74 35 55 71 89 32 10 40 53 66 88 8 12 27 31 45 42 41 56 73 80 11 14 21 54 67 84 95 97 2 20 33 38 39 44 61 78 90 99 3 46 83 9 29
Volta 55: 74 25 35 71 89 32 55 10 53 66 88 8 31 40 41 42 73 80 12 14 21 27 45 54 56 67 84 95 2 11 20 39 38 44 78 90 97 33 61 99 3 46 83 9
Volta 56: 74 71 25 32 35 89 10 53 55 31 40 42 66 73 80 88 8 12 14 21 27 45 41 56 67 95 2 11 39 38 44 54 84 97 20 33 61 78 90 99 3 46 83 9
Volta 57: 74 71 25 35 32 89 10 55 53 31 40 42 66 73 80 8 12 14 27 45 41 56 67 88 95 11 21 38 39 54 84 97 2 20 33 44 78 90 99 46 61 83 3
Volta 58: 71 74 25 32 35 89 10 42 55 53 66 73 80 8 14 12 31 40 41 45 67 95 21 27 38 54 56 88 97 11 20 39 44 78 84 90 2 33 46 61 99 3 83
Volta 59: 25 74 71 89 10 32 35 55 53 66 73 80 14 31 40 45 42 67 95 8 12 27 38 41 54 56 88 11 20 21 39 78 84 90 97 33 44 46 61 99 3 2
Volta 60: 74 89 10 25 35 32 71 53 55 73 14 31 42 66 80 8 12 27 40 45 54 67 95 11 20 21 38 41 56 78 84 90 97 33 39 44 46 61 3 2 99
Volta 61: 74 89 35 71 10 25 32 55 53 73 14 31 66 80 12 27 40 42 45 67 95 8 11 20 41 54 56 78 84 90 97 21 38 39 61 2 33 44 46 3
Volta 62: 35 71 74 89 53 73 10 25 32 55 66 12 14 27 31 42 45 80 95 8 11 40 54 67 84 90 20 39 38 41 56 61 78 97 2 21 33 44 46 3
Volta 63: 35 71 74 89 53 25 32 73 10 14 12 31 55 66 80 27 40 45 42 95 8 11 20 41 54 61 67 84 90 97 2 21 38 39 44 46 56 78 33
Volta 64: 35 71 74 89 53 73 14 25 32 31 55 66 10 12 27 40 42 45 80 95 11 41 61 84 97 2 8 20 21 38 39 44 46 54 56 67 78 90 33
Volta 65: 35 74 71 89 53 25 31 32 73 10 14 12 27 40 42 55 66 80 41 45 84 95 11 21 38 46 54 61 67 78 90 97 2 8 20 39 44 56
Volta 66: 35 74 71 89 53 25 32 73 14 31 40 55 10 12 27 41 45 42 80 84 95 21 46 61 90 2 11 20 38 44 54 56 67 78 97 8
Volta 67: 35 74 53 71 89 25 32 31 40 55 73 10 14 12 42 80 84 95 21 27 41 45 61 90 2 20 38 44 46 54 56 67 78 11 97
Volta 68: 35 74 53 71 89 32 40 73 10 12 14 25 31 42 55 80 84 27 41 61 90 95 2 20 21 38 44 45 46 11 54 56 67 78 97
Volta 69: 35 74 53 71 89 40 73 12 14 32 31 42 84 10 25 27 55 61 80 95 20 21 45 44 41 90 2 38 46 54 67 78 11 56
Volta 70: 35 74 53 89 71 14 40 73 84 10 12 25 27 32 31 42 55 80 20 44 61 90 95 2 21 41 45 46 54 67 11 38 56 78
Volta 71: 35 53 74 89 71 14 40 73 84 12 25 32 42 55 80 10 20 27 31 44 61 90 95 2 41 46 54 67 11 21 38 45 56
Volta 72: 35 74 89 53 71 14 73 84 12 40 42 20 25 27 32 31 44 55 61 80 90 95 2 10 46 54 67 21 38 45 41 56 11
Volta 73: 35 53 74 89 71 14 84 40 42 73 12 25 32 44 55 61 80 90 95 2 10 20 27 31 46 54 67 21 38 45 41 56
Volta 74: 35 53 74 89 71 84 14 73 12 25 40 42 61 90 95 2 10 20 27 32 44 46 55 67 80 21 31 38 54 41 45 56
Volta 75: 35 53 74 71 89 14 73 84 12 40 42 61 90 2 10 25 32 44 46 55 95 20 21 27 54 67 80 31 38 41 45
Volta 76: 35 53 74 71 89 14 84 12 40 61 73 90 10 32 44 42 46 95 2 25 21 27 54 55 80 20 31 38 41 67 45
Volta 77: 35 53 74 71 89 84 12 14 61 73 10 32 40 42 90 95 25 27 44 46 54 80 2 20 21 31 38 55 67 41
Volta 78: 35 53 74 71 12 61 73 84 10 40 42 90 95 32 44 80 2 25 21 27 31 46 55 54 67 20 38 41
Volta 79: 35 53 74 71 61 10 12 73 84 95 32 40 44 42 80 90 2 21 25 27 31 46 54 20 38 55 67
Volta 80: 35 53 74 71 61 73 95 10 12 32 40 42 44 80 84 90 25 21 27 31 54 2 46 55 67 20 38
Volta 81: 35 74 53 71 61 73 95 12 32 40 80 84 90 10 21 31 44 42 2 25 27 55 54 20 46 67
Volta 82: 35 74 53 73 71 95 32 61 90 10 12 31 40 44 42 80 84 2 21 27 54 25 46 55 67 20
Volta 83: 35 53 74 73 71 61 90 95 10 12 32 31 40 80 84 21 27 42 44 2 46 54 55 25 67
Volta 84: 35 74 53 73 71 90 95 12 31 61 10 27 32 44 42 84 21 54 55 25 46 67
Volta 85: 35 53 74 73 71 90 12 31 61 95 10 27 42 44 84 21 32 55 25 54 46
Volta 86: 35 53 74 71 73 90 12 61 95 10 27 31 42 84 21 32 44 55 25 46 54
Volta 87: 35 74 53 71 73 90 12 10 27 31 42 61 84 95 44 21 32 55 25 46
Volta 88: 35 74 53 71 73 90 10 12 42 95 27 31 44 61 84 21 32 25 55 46
Volta 89: 35 74 53 73 90 10 12 42 71 95 31 44 61 84 21 27 32 55 25
Volta 90: 35 74 53 90 10 71 73 12 42 44 95 21 27 31 61 84 32 25
Volta 91: 35 74 53 73 71 90 10 12 42 95 44 61 84 21 27 31 32
Volta 92: 35 74 53 71 90 73 10 12 42 44 61 84 95 21 27 32 31
Volta 93: 35 74 53 71 73 90 10 12 42 44 61 95 27 32 84 21
Volta 94: 35 74 53 71 73 90 10 42 44 61 95 12 27 32 84 21
Volta 95: 35 74 53 71 73 90 61 95 10 44 42 84 12 27 32
Volta 96: 35 74 71 53 73 90 10 44 61 84 95 12 27 32 42
Volta 97: 35 74 71 53 73 90 44 61 84 95 10 12 27 32
Volta 98: 35 74 53 71 73 90 44 95 10 12 27 32 61 84
Volta 99: 35 74 53 71 73 90 95 10 12 27 32 44 61
Volta 100: 35 74 53 71 73 90 95 10 12 32 61 27 44
Volta 101: 35 74 53 71 73 90 10 12 32 61 95 27
Volta 102: 35 74 53 71 73 32 95 12 61 27
Volta 103: 35 74 71 53 73 32 12 95 61
Volta 104: 35 74 71 53 73 32 95 12 61
Volta 105: 35 74 71 53 32 73 12 95
Volta 106: 35 74 71 53 73 32 12 95
Volta 107: 35 74 71 53 73 12 32
Volta 108: 35 74 71 53 73 12 32
Volta 109: 35 74 71 73 53 12
Volta 110: 35 74 73 71 53 12
Volta 111: 35 74 73 53 71
Volta 112: 35 74 73 71 53
Volta 113: 35 74 73 71
Volta 114: 35 74 71 73
Volta 115: 35 74 71
Volta 116: 35 74 71
Volta 117: 35 74
Volta 118: 35 74

Ranqueamento Final:
1: Ciclista 74 - 2266.74 segundos
2: Ciclista 71 - 2251.74 segundos
3: Ciclista 35 - 2235.78 segundos
4: Ciclista 73 - 2206.74 segundos
5: Ciclista 53 - 2176.26 segundos
6: Ciclista 12 - 2160.30 segundos
7: Ciclista 32 - 2115.78 segundos
8: Ciclista 95 - 2102.22 segundos
9: Ciclista 61 - 2056.50 segundos
10: Ciclista 27 - 2025.66 segundos
11: Ciclista 44 - 1981.02 segundos
12: Ciclista 84 - 1936.98 segundos
13: Ciclista 42 - 1906.02 segundos
14: Ciclista 21 - 1890.54 segundos
15: Ciclista 31 - 1830.78 segundos
16: Ciclista 25 - 1830.54 segundos
17: Ciclista 46 - 1786.14 segundos
18: Ciclista 54 - 1741.26 segundos
19: Ciclista 67 - 1696.62 segundos
20: Ciclista 20 - 1665.42 segundos
21: Ciclista 38 - 1620.90 segundos
22: Ciclista 41 - 1576.02 segundos
23: Ciclista 45 - 1546.02 segundos
24: Ciclista 56 - 1501.38 segundos
25: Ciclista 11 - 1470.30 segundos
26: Ciclista 78 - 1426.86 segundos
27: Ciclista 97 - 1382.34 segundos
28: Ciclista 8 - 1350.90 segundos
29: Ciclista 33 - 1305.78 segundos
30: Ciclista 3 - 1275.06 segundos
31: Ciclista 99 - 1232.34 segundos
32: Ciclista 83 - 1201.98 segundos
33: Ciclista 9 - 1170.18 segundos
34: Ciclista 29 - 1125.66 segundos
35: Ciclista 52 - 1096.26 segundos
36: Ciclista 77 - 1051.86 segundos
37: Ciclista 57 - 1021.38 segundos
38: Ciclista 79 - 976.86 segundos
39: Ciclista 68 - 946.62 segundos
40: Ciclista 51 - 901.26 segundos
41: Ciclista 76 - 856.86 segundos
42: Ciclista 59 - 811.38 segundos
43: Ciclista 23 - 780.54 segundos
44: Ciclista 37 - 735.90 segundos
45: Ciclista 48 - 691.14 segundos
46: Ciclista 75 - 646.74 segundos
47: Ciclista 86 - 617.10 segundos
48: Ciclista 43 - 571.02 segundos
49: Ciclista 36 - 540.90 segundos
50: Ciclista 96 - 482.34 segundos
51: Ciclista 82 - 451.98 segundos
52: Ciclista 26 - 405.66 segundos
53: Ciclista 70 - 376.62 segundos
54: Ciclista 34 - 330.78 segundos
55: Ciclista 91 - 287.22 segundos
56: Ciclista 49 - 256.14 segundos
57: Ciclista 72 - 196.74 segundos
58: Ciclista 85 - 151.98 segundos
59: Ciclista 16 - 120.42 segundos
60: Ciclista 93 - 62.22 segundos

Ciclista 1 quebrou na volta 54 - 1065.00 segundos
Ciclista 2 quebrou na volta 84 - 1680.00 segundos
Ciclista 4 quebrou na volta 24 - 510.00 segundos
Ciclista 5 quebrou na volta 42 - 840.00 segundos
Ciclista 6 quebrou na volta 54 - 1050.12 segundos
Ciclista 7 quebrou na volta 54 - 1125.12 segundos
Ciclista 10 quebrou na volta 102 - 1995.12 segundos
Ciclista 13 quebrou na volta 6 - 150.24 segundos
Ciclista 14 quebrou na volta 78 - 1515.24 segundos
Ciclista 15 quebrou na volta 12 - 195.24 segundos
Ciclista 17 quebrou na volta 54 - 1080.36 segundos
Ciclista 18 quebrou na volta 30 - 630.36 segundos
Ciclista 19 quebrou na volta 18 - 360.36 segundos
Ciclista 22 quebrou na volta 54 - 1005.48 segundos
Ciclista 24 quebrou na volta 48 - 975.48 segundos
Ciclista 28 quebrou na volta 36 - 750.60 segundos
Ciclista 30 quebrou na volta 42 - 825.60 segundos
Ciclista 39 quebrou na volta 66 - 1350.84 segundos
Ciclista 40 quebrou na volta 84 - 1665.84 segundos
Ciclista 47 quebrou na volta 24 - 466.08 segundos
Ciclista 50 quebrou na volta 6 - 136.08 segundos
Ciclista 55 quebrou na volta 90 - 1801.20 segundos
Ciclista 58 quebrou na volta 30 - 586.32 segundos
Ciclista 60 quebrou na volta 36 - 691.32 segundos
Ciclista 62 quebrou na volta 48 - 976.44 segundos
Ciclista 63 quebrou na volta 24 - 511.44 segundos
Ciclista 64 quebrou na volta 54 - 1066.44 segundos
Ciclista 65 quebrou na volta 54 - 1066.44 segundos
Ciclista 66 quebrou na volta 66 - 1291.56 segundos
Ciclista 69 quebrou na volta 36 - 721.56 segundos
Ciclista 80 quebrou na volta 84 - 1666.80 segundos
Ciclista 81 quebrou na volta 36 - 676.92 segundos
Ciclista 87 quebrou na volta 30 - 602.04 segundos
Ciclista 88 quebrou na volta 60 - 1202.04 segundos
Ciclista 89 quebrou na volta 78 - 1487.04 segundos
Ciclista 90 quebrou na volta 102 - 1997.04 segundos
Ciclista 92 quebrou na volta 30 - 587.16 segundos
Ciclista 94 quebrou na volta 42 - 827.16 segundos
Ciclista 98 quebrou na volta 30 - 617.28 segundos
Ciclista 100 quebrou na volta 42 - 827.28 segundos
