Volta 1: 2 4 5 3 1 8 6 7 10 9 12 15 14 11 13 20 18 16 17 19 23 21 24 25 22 28 29 26 27 30 31 33 34 35 32 40 39 37 38 36 43 45 44 42 41 50 46 49 48 47
Volta 2: 5 2 1 9 8 7 10 6 13 12 14 11 15 17 16 19 18 25 23 26 29 27 28 30 33 32 35 31 34 38 40 39 45 41 42 43 44 49 3 4 20 24 22 21 37 36 48 47 46 50
Volta 3: 2 5 1 10 8 7 9 12 15 14 11 16 17 19 18 23 25 30 27 35 31 33 34 39 40 41 43 42 3 4 6 13 21 24 22 29 28 26 32 38 37 45 44 49 47 48 20 36 46
Volta 4: 1 5 2 7 10 9 15 14 11 16 17 19 18 23 25 30 27 34 31 35 40 39 42 41 43 3 6 8 12 21 24 26 28 33 37 48 47 4 13 20 22 29 32 36 38 44 45 46 49
Volta 5: 2 1 9 10 11 19 18 16 27 39 40 42 43 5 3 7 8 15 14 12 17 23 24 25 21 30 26 33 31 34 35 37 41 47 48 6 13 20 22 28 32 36 38 44 45 4 29 46
Volta 6: 1 2 9 10 11 18 16 27 39 40 42 5 3 7 14 15 19 17 23 25 26 30 31 35 37 43 47 48 6 8 13 12 22 24 21 28 33 34 36 45 4 20 32 44 46 29
Volta 7: 2 10 11 16 39 40 1 9 15 18 17 19 23 25 26 27 30 31 42 48 47 5 3 7 6 8 14 13 12 22 21 35 33 34 36 37 45 43 4 20 24 28 44 46 32
Volta 8: 2 11 40 39 1 9 10 16 19 18 17 23 25 27 30 48 47 5 8 7 15 14 12 21 26 31 35 42 43 3 4 6 13 20 24 22 28 33 34 36 37 45 46 44 32
Volta 9: 11 39 1 2 10 18 17 19 27 40 47 48 5 7 9 15 14 16 21 23 25 30 26 31 42 43 4 8 12 13 22 35 34 33 36 37 45 46 3 6 20 24 28 44
Volta 10: 11 39 1 2 10 17 40 47 5 9 15 14 19 18 23 25 30 27 31 42 48 8 7 13 16 21 22 26 34 33 35 36 43 45 4 3 6 12 20 24 28 37 44 46
Volta 11: 11 39 17 40 47 1 2 5 9 10 15 19 25 27 30 42 48 7 14 18 16 23 22 26 31 34 35 36 45 43 3 4 8 6 12 13 20 24 21 28 33 37 44
Volta 12: 11 39 17 47 2 1 10 15 25 30 27 48 5 14 19 23 26 31 35 34 36 45 42 8 7 13 18 20 22 21 37 43 4 6 12 24 28 33 44
Volta 13: 39 11 17 47 2 1 30 48 5 10 14 15 19 23 25 27 35 34 42 7 8 13 18 20 22 26 31 37 36 43 45 6 12 21 24 28 33 4
Volta 14: 11 17 39 47 30 2 1 14 15 19 25 23 35 48 5 10 7 13 18 27 26 34 31 36 45 43 42 6 8 12 20 22 28 33 37 4 24 21
Volta 15: 11 39 47 17 30 2 15 25 23 35 48 5 1 7 10 14 19 18 27 26 31 34 36 6 8 12 13 22 28 33 37 43 45 42 4 20 24
Volta 16: 47 11 17 30 39 15 23 48 2 1 10 7 14 19 18 25 27 31 35 36 5 6 13 22 26 34 33 37 45 43 42 8 12 20 24 28 4
Volta 17: 11 39 47 15 17 30 48 1 2 7 14 18 23 25 27 35 31 36 5 10 19 26 34 43 8 6 13 12 20 22 28 33 37 42 45 24
Volta 18: 11 39 30 47 15 18 17 25 27 35 31 48 2 1 10 7 14 23 26 34 36 43 5 8 6 13 20 19 22 37 45 42 12 24 28 33
Volta 19: 11 39 47 15 17 18 25 30 31 35 48 2 1 10 23 27 34 36 7 6 14 20 19 22 26 37 43 42 5 8 13 45 12 24 28
Volta 20: 11 39 15 18 30 35 31 47 1 2 17 23 25 27 34 36 48 10 7 14 19 20 42 8 6 22 26 37 45 43 5 12 13 28 24
Volta 21: 11 39 30 35 31 47 2 1 15 17 18 25 27 34 36 48 10 14 19 20 23 42 7 6 22 26 37 43 5 8 45 13 12 28
Volta 22: 11 39 30 35 47 2 15 25 31 34 36 48 1 10 18 17 23 27 7 14 19 20 22 42 43 6 8 26 37 45 5 12 13 28
Volta 23: 11 39 35 47 15 25 30 34 31 36 48 2 1 10 17 18 27 14 20 19 23 42 7 8 22 37 43 45 5 6 13 26 12
Volta 24: 39 11 35 47 30 34 31 36 48 1 2 15 18 25 27 10 14 20 19 17 42 23 45 43 5 8 6 22 26 37 13 12
Volta 25: 11 35 39 30 31 34 36 47 2 18 27 48 1 10 15 14 20 25 42 17 19 23 43 45 5 6 22 26 37 8 13
Volta 26: 35 39 11 31 34 2 18 30 27 36 47 48 1 14 15 20 25 42 10 19 17 23 43 6 45 5 8 13 22 26 37
Volta 27: 35 39 31 34 2 11 18 30 36 47 25 27 42 48 1 10 14 15 17 20 43 6 19 23 8 13 22 26 45 5
Volta 28: 31 35 39 2 11 18 34 36 47 27 30 42 48 10 14 20 17 25 1 15 19 23 43 6 13 26 45 5 8 22
Volta 29: 31 39 2 11 18 35 34 47 30 36 42 10 14 20 25 27 48 1 15 17 23 43 6 13 19 45 5 8 26
Volta 30: 39 2 11 35 31 18 30 34 42 47 14 20 25 27 36 48 1 17 6 15 13 19 23 45 43 8 26 5
Volta 31: 39 2 35 31 11 18 30 34 47 27 42 48 1 14 20 25 36 15 17 23 45 43 6 13 19 8 26
Volta 32: 39 31 2 11 18 35 47 27 30 34 42 1 20 25 48 14 15 17 36 45 43 6 13 19 23 8 26
Volta 33: 39 11 18 31 35 47 2 27 34 42 1 20 30 48 15 14 17 25 43 45 6 23 36 13 19 8
Volta 34: 39 11 18 31 2 35 42 47 20 27 30 34 48 1 14 17 25 45 43 6 15 36 13 19 23 8
Volta 35: 39 11 18 31 2 35 42 30 27 34 47 1 20 25 45 43 48 14 17 6 13 15 19 23 36
Volta 36: 39 18 31 2 11 35 27 34 42 47 20 48 1 17 25 43 45 6 15 14 13 19 23 36
Volta 37: 39 31 2 11 18 35 34 27 42 48 47 1 20 17 25 45 6 15 43 14 19 23 13
Volta 38: 31 39 2 18 35 11 27 34 42 48 47 1 20 45 17 25 43 6 15 14 23 13 19
Volta 39: 31 39 18 2 11 35 27 42 20 34 47 48 1 17 25 43 45 6 14 15 13 23
Volta 40: 31 18 39 2 11 35 27 34 42 48 47 1 20 17 25 43 45 15 6 14 13 23
Volta 41: 18 31 11 35 39 2 27 34 42 47 48 20 43 1 15 17 25 45 6 14 13
Volta 42: 18 11 31 35 2 34 48 20 27 43 42 47 15 17 45 6 25 14 13
Volta 43: 18 11 31 35 2 34 20 27 42 48 47 45 43 15 17 25 6 14
Volta 44: 11 18 31 35 2 34 20 27 48 47 42 43 15 17 25 45 6 14
Volta 45: 31 11 18 35 2 20 34 47 48 27 15 25 43 42 45 17 6
Volta 46: 11 18 35 31 2 20 34 47 27 48 15 42 45 43 17 25 6
Volta 47: 18 31 35 11 2 34 47 20 27 15 45 48 17 25 42 43
Volta 48: 31 35 18 2 11 47 20 34 15 27 45 48 42 43 17 25
Volta 49: 35 31 18 2 11 20 34 47 27 45 48 15 42 43 17
Volta 50: 35 31 18 2 11 34 47 20 48 15 27 45 17 43 42
Volta 51: 31 35 18 2 47 11 20 34 48 15 27 45 17 43
Volta 52: 35 31 2 18 47 11 20 27 34 45 48 15 17 43
Volta 53: 31 35 2 18 47 11 20 27 34 45 48 15 17
Volta 54: 31 35 18 47 2 11 20 34 45 27 48 15 17
Volta 55: 31 35 47 2 18 11 20 34 45 27 48 15
Volta 56: 31 35 47 2 18 34 45 11 20 27 48 15
Volta 57: 31 35 47 2 45 11 20 18 34 27 48
Volta 58: 31 35 2 45 47 18 34 11 20 27 48
Volta 59: 31 35 2 45 47 18 11 20 34 27
Volta 60: 31 35 2 45 47 11 18 34 20 27
Volta 61: 31 35 45 47 2 11 18 34 20
Volta 62: 31 35 2 45 47 11 34 18 20
Volta 63: 31 35 45 47 2 11 18 34
Volta 64: 31 35 45 47 2 11 18 34
Volta 65: 31 45 47 35 2 11 18
Volta 66: 31 47 35 45 2 11 18
Volta 67: 31 47 35 45 2 11
Volta 68: 31 35 45 47 2 11
Volta 69: 31 35 45 47 2
Volta 70: 31 35 45 47 2
Volta 71: 31 35 47 45
Volta 72: 31 35 45 47
Volta 73: 35 31 45
Volta 74: 35 31 45
Volta 75: 31 35
Volta 76: 35 31

Ranqueamento Final:
1: Ciclista 31 - 14400.78 segundos
2: Ciclista 35 - 14250.78 segundos
3: Ciclista 45 - 14101.02 segundos
4: Ciclista 47 - 13950.18 segundos
5: Ciclista 2 - 13950.06 segundos
6: Ciclista 11 - 13350.30 segundos
7: Ciclista 18 - 12900.42 segundos
8: Ciclista 34 - 12600.78 segundos
9: Ciclista 20 - 12150.42 segundos
10: Ciclista 27 - 11850.66 segundos
11: Ciclista 48 - 11551.14 segundos
12: Ciclista 15 - 11250.30 segundos
13: Ciclista 17 - 10800.42 segundos
14: Ciclista 43 - 10351.02 segundos
15: Ciclista 42 - 10051.02 segundos
16: Ciclista 25 - 9750.54 segundos
17: Ciclista 6 - 9450.18 segundos
18: Ciclista 14 - 9000.30 segundos
19: Ciclista 13 - 8850.30 segundos
20: Ciclista 23 - 8400.54 segundos
21: Ciclista 19 - 7950.42 segundos
22: Ciclista 36 - 7500.90 segundos
23: Ciclista 8 - 7200.18 segundos
24: Ciclista 26 - 6750.66 segundos
25: Ciclista 5 - 6450.06 segundos
26: Ciclista 22 - 6000.54 segundos
27: Ciclista 37 - 5550.90 segundos
28: Ciclista 12 - 5400.30 segundos
29: Ciclista 28 - 4800.66 segundos
30: Ciclista 24 - 4500.54 segundos
31: Ciclista 33 - 3900.78 segundos
32: Ciclista 4 - 3600.06 segundos
33: Ciclista 21 - 3150.54 segundos
34: Ciclista 44 - 2701.02 segundos
35: Ciclista 46 - 2251.14 segundos
36: Ciclista 32 - 2100.78 segundos
37: Ciclista 29 - 1650.66 segundos
38: Ciclista 49 - 1051.14 segundos
39: Ciclista 50 - 601.14 segundos

Ciclista 1 quebrou na volta 42 - 8400.00 segundos
Ciclista 3 quebrou na volta 12 - 2700.00 segundos
Ciclista 7 quebrou na volta 24 - 5100.12 segundos
Ciclista 9 quebrou na volta 12 - 2250.12 segundos
Ciclista 10 quebrou na volta 30 - 6000.12 segundos
Ciclista 16 quebrou na volta 12 - 2400.36 segundos
Ciclista 30 quebrou na volta 36 - 6900.60 segundos
Ciclista 38 quebrou na volta 6 - 1500.84 segundos
Ciclista 39 quebrou na volta 42 - 7800.84 segundos
Ciclista 40 quebrou na volta 12 - 2100.84 segundos
Ciclista 41 quebrou na volta 6 - 1200.96 segundos
