Volta 1: 2 5 3 1 4 6 9 10 7 8 11 13 14 12 15 18 17 19 20 16 22 24 21 23 25 30 29 28 27 26 33 32 35 34 31 39 40 36 37 38 42 44 41 45 43 48 46 49 47 50 54 55 53 51 52 59 58 56 60 57 63 64 61 65 62 67 68 70 69 66 71 73 72 75 74 79 76 78 80 77 83 84 85 82 81 87 89 86 88 90 95 91 92 93 94 100 98 99 96 97
Volta 2: 3 4 8 6 10 9 13 14 19 17 20 23 24 21 25 27 26 28 30 29 32 34 33 37 40 39 38 42 41 45 44 46 47 50 48 53 54 52 51 55 59 60 57 56 65 63 64 61 62 66 69 70 67 73 72 71 74 75 76 78 77 80 79 83 81 84 82 87 90 88 89 86 92 91 95 97 100 98 99 96 2 1 5 7 11 12 15 18 16 22 31 35 36 43 49 58 68 85 94 93
Volta 3: 3 9 10 8 13 20 23 21 24 25 29 27 33 32 37 39 38 40 44 42 46 47 51 53 56 59 57 65 61 64 63 67 66 73 72 71 75 74 79 78 80 77 84 81 87 90 86 88 91 95 92 99 1 4 2 7 6 12 14 11 15 19 17 22 30 26 28 35 31 34 36 43 45 41 49 48 50 54 55 52 60 58 62 69 68 70 76 85 83 82 89 94 98 100 97 96 5 18 16
Volta 4: 3 8 10 21 25 23 29 27 32 33 38 40 37 39 42 47 51 53 57 59 56 61 63 64 65 67 74 71 73 78 80 79 77 87 86 88 95 91 92 2 4 9 7 13 12 11 15 20 19 17 24 22 28 34 36 44 45 43 41 46 48 50 52 54 55 60 62 66 69 70 68 75 72 76 84 83 81 90 89 94 100 98 97 99 5 1 6 14 18 30 26 35 31 49 58 82 85 96 16
Volta 5: 8 21 27 29 32 37 38 42 47 53 51 57 59 56 61 65 64 67 80 78 86 92 91 95 3 4 9 10 12 11 13 19 17 20 24 25 23 33 34 40 39 36 43 41 45 46 50 48 54 60 62 63 69 68 72 74 73 75 71 77 76 79 81 87 88 90 94 99 97 100 98 5 1 2 7 6 15 14 18 22 26 28 30 35 31 44 52 55 58 66 70 83 84 85 89 49 82 96
Volta 6: 21 27 29 32 37 38 53 56 57 61 64 78 86 92 9 8 10 11 13 20 19 23 25 24 34 33 40 36 42 46 48 54 51 59 60 63 65 69 67 68 73 74 71 72 75 80 77 81 88 90 94 91 95 97 98 4 5 1 3 2 7 14 15 30 28 39 44 41 43 45 50 52 55 58 62 70 79 76 85 87 99 6 18 22 26 31 35 49 82 83 89 96
Volta 7: 21 27 38 53 56 64 86 92 10 8 13 20 19 24 29 34 32 36 37 40 42 46 51 54 60 59 57 61 65 63 68 67 74 72 75 71 73 80 78 81 95 98 4 5 3 7 9 11 14 15 25 23 30 33 39 44 41 43 48 50 52 55 58 69 70 79 76 77 85 88 87 90 94 91 99 97 1 2 6 18 28 26 35 31 45 49 62 82 83 89 22
Volta 8: 21 27 38 53 56 64 8 10 13 20 32 37 40 46 54 51 60 57 61 68 67 75 78 80 81 86 92 95 5 7 9 14 19 25 24 29 34 39 36 43 42 44 48 52 55 59 63 65 70 73 71 74 72 79 76 77 88 90 87 91 98 97 1 4 3 2 11 15 18 23 28 26 30 35 33 31 45 41 49 50 58 62 69 85 83 89 94 99 6 22 82
Volta 9: 53 56 8 13 20 21 27 32 38 37 40 54 64 67 68 78 80 92 5 7 10 9 14 24 25 29 34 36 39 42 44 46 48 51 55 59 60 57 61 65 63 70 74 75 73 72 71 79 81 88 90 86 95 91 97 2 1 4 15 18 19 30 26 31 33 41 43 49 52 58 62 69 77 76 87 89 98 99 3 11 22 23 28 35 45 50 85 83 94 6
Volta 10: 13 21 27 32 40 38 53 56 64 68 67 78 8 20 24 29 36 39 37 44 55 54 51 57 60 61 63 65 70 75 71 72 73 80 81 86 92 95 4 2 5 7 9 10 14 15 18 19 25 26 31 34 33 42 46 48 52 59 62 69 74 79 76 77 87 88 90 91 99 97 98 1 23 28 30 35 45 41 43 50 49 58 85 83 89 94 3 6 11 22
Volta 11: 13 21 38 53 56 64 67 78 8 20 24 27 32 36 37 40 44 54 57 61 65 63 68 75 71 72 80 92 95 4 2 5 9 10 14 15 19 29 31 33 34 39 42 48 46 52 55 51 60 59 70 74 73 79 77 76 81 88 90 86 87 91 99 97 1 7 18 25 28 26 30 41 43 49 58 62 69 85 89 98 3 11 23 35 45 50 83 94 6
Volta 12: 21 53 56 64 67 78 13 20 24 27 38 36 37 40 54 61 68 75 72 71 80 95 2 4 5 8 10 9 14 15 29 33 32 44 42 52 55 51 60 59 57 63 65 70 74 73 79 77 81 88 87 92 97 19 18 25 30 26 34 31 39 43 41 46 48 58 76 86 90 91 98 99 3 1 23 28 35 45 50 69 83 89 6 11 94
Volta 13: 21 53 56 64 67 13 24 27 40 38 37 54 61 68 72 75 80 78 2 4 8 14 15 20 33 32 36 55 57 59 63 65 73 74 71 79 81 88 87 92 95 97 5 10 9 19 25 29 31 34 39 44 42 41 48 46 51 52 60 58 70 76 77 91 99 98 3 1 18 23 28 30 26 43 50 69 89 90 86 6 11 35 45 83
Volta 14: 21 56 64 13 24 27 38 37 53 61 67 75 2 8 14 15 20 32 40 36 54 59 63 68 73 71 74 72 79 78 80 88 92 95 5 4 9 10 19 29 33 31 34 39 41 46 52 55 51 58 60 57 65 70 77 81 87 97 99 98 3 18 23 25 26 30 44 42 43 50 48 69 76 86 90 91 1 6 28 35 45 89 11 83
Volta 15: 21 56 64 13 24 27 37 38 53 15 36 40 54 59 61 68 67 75 72 78 80 92 95 5 2 4 8 14 20 29 33 32 34 39 41 52 55 51 60 63 65 70 74 73 71 77 79 81 88 87 97 9 10 18 19 25 23 30 31 44 43 48 46 57 58 86 91 99 98 1 3 6 28 26 42 45 50 69 76 89 90 35 11
Volta 16: 21 56 64 27 38 37 15 13 24 40 53 54 59 61 75 80 78 92 95 2 8 20 34 32 39 36 41 52 55 51 63 65 68 67 74 72 71 79 77 87 97 5 4 10 14 19 18 23 29 33 31 44 48 58 60 70 73 81 88 91 98 99 3 6 9 25 30 42 43 50 46 57 69 76 86 90 1 28 26 35 45 89 11
Volta 17: 21 64 27 37 56 13 24 40 38 53 59 61 92 95 2 8 15 20 39 36 41 52 54 55 68 71 74 75 79 77 80 78 87 97 4 5 10 14 19 23 29 31 34 32 51 60 63 65 70 67 73 72 81 88 91 6 9 18 25 33 43 44 48 50 46 57 58 69 76 90 99 98 3 1 28 30 26 42 45 86 35 89
Volta 18: 21 64 27 56 37 38 59 95 2 13 20 24 40 54 53 52 61 68 80 77 92 97 5 8 10 14 15 19 23 29 34 32 39 41 55 51 63 65 70 72 75 71 74 73 78 79 81 88 87 91 4 6 25 31 33 44 43 46 48 58 67 90 99 98 3 9 18 28 26 42 50 57 69 76 86 1 30 45 35 89
Volta 19: 21 64 27 38 56 59 95 13 37 52 53 61 80 92 2 5 8 15 20 23 24 29 34 40 39 41 55 54 68 70 71 73 75 78 79 77 88 87 91 97 4 10 14 19 25 32 43 44 48 46 51 65 63 67 74 72 81 98 99 9 6 28 31 33 42 50 58 57 69 86 90 3 18 26 30 76 1 35 45
Volta 20: 21 64 27 56 59 95 38 37 61 92 5 2 8 13 15 24 29 41 54 52 53 68 80 77 78 88 87 91 97 4 10 14 19 20 23 32 34 39 40 48 55 51 63 65 67 70 75 73 71 72 74 79 81 98 99 6 9 25 31 33 43 44 42 46 57 58 86 3 18 28 26 30 50 69 76 90 1 35 45
Volta 21: 21 59 64 95 27 38 56 61 92 5 8 15 13 37 52 54 80 87 2 19 20 23 24 29 34 40 41 48 55 53 51 65 63 68 70 75 74 71 72 73 77 78 79 88 91 97 99 98 4 9 10 14 31 33 32 39 43 44 46 67 81 6 25 30 26 42 50 57 58 69 76 90 86 1 3 18 28 35
Volta 22: 21 59 27 38 56 64 61 92 95 5 15 54 80 2 8 13 19 20 23 29 34 37 48 51 55 52 63 71 79 78 87 91 97 99 4 10 9 24 32 31 33 39 40 41 44 46 53 65 68 70 67 73 74 72 75 77 81 88 98 6 14 25 42 43 58 69 90 86 3 30 28 26 50 57 76 1 18 35
Volta 23: 21 59 27 38 56 61 64 92 5 15 54 95 19 23 37 48 52 51 63 71 79 78 80 97 99 2 4 8 10 13 20 24 29 34 33 31 32 40 44 41 46 55 65 70 73 74 72 75 81 87 88 91 9 14 25 39 43 42 53 68 67 77 90 98 3 6 28 30 26 50 58 69 86 1 18 57 76
Volta 24: 21 59 38 61 15 27 56 64 92 95 5 37 48 51 54 63 80 99 4 2 8 19 23 29 34 33 40 41 46 52 55 65 71 75 72 74 78 79 81 88 87 91 97 10 14 13 24 25 31 39 44 43 53 70 73 77 90 98 9 6 30 28 26 58 69 67 86 3 50 57 76 1 18
Volta 25: 59 21 61 15 27 38 56 64 95 5 54 63 92 4 2 23 29 33 40 37 41 48 46 51 52 65 71 72 74 75 80 78 81 91 99 97 10 8 14 13 19 24 31 34 39 43 44 55 53 73 79 90 88 87 98 9 25 30 26 28 67 69 70 77 86 3 6 50 58 76 57 1
Volta 26: 59 21 61 15 27 38 56 5 54 63 64 95 92 4 2 40 37 41 46 48 52 51 80 81 91 97 99 8 10 13 14 19 23 24 29 34 33 53 55 65 73 72 71 75 74 78 79 87 90 88 9 25 26 30 31 39 43 44 70 77 86 98 3 6 28 50 58 69 67 76 57 1
Volta 27: 21 59 56 61 5 15 27 38 64 63 95 4 2 40 41 54 51 80 92 91 99 97 10 14 24 29 33 37 48 46 52 65 74 72 75 79 78 81 88 9 8 13 19 23 25 31 34 39 44 43 55 53 73 71 87 90 86 98 3 6 26 28 30 50 67 70 77 57 58 69 76
Volta 28: 21 56 59 61 5 15 38 64 63 27 40 54 80 92 91 95 97 4 2 14 24 29 33 37 41 46 51 52 72 75 78 81 99 8 10 13 19 25 23 31 43 48 53 55 65 74 71 73 79 87 86 88 90 9 6 26 34 39 44 67 77 98 3 28 30 50 58 57 70 69 76
Volta 29: 21 59 61 15 56 64 63 5 27 38 54 92 95 97 2 4 24 29 33 37 40 41 46 52 51 75 80 81 91 99 8 14 25 23 31 43 48 55 72 71 74 78 87 88 10 13 19 34 39 53 65 73 79 86 90 98 3 6 9 26 30 44 50 58 67 70 77 28 57 69
Volta 30: 21 59 61 15 56 27 38 54 64 63 95 97 4 2 24 29 40 37 46 51 52 75 80 91 92 99 14 23 33 41 43 55 74 72 78 88 8 13 19 25 31 48 53 65 71 73 79 90 86 87 3 9 10 6 26 30 39 44 58 98 28 50 57 70 67 69 77
Volta 31: 21 59 61 15 27 56 64 95 4 2 24 29 38 37 46 52 54 51 63 80 91 92 99 97 23 33 40 41 43 75 78 8 14 19 25 31 48 53 55 65 74 72 86 88 90 87 3 10 13 30 26 39 44 71 73 79 9 6 28 50 58 67 98 57 69 70
Volta 32: 21 59 61 15 27 56 95 2 37 38 51 52 54 64 91 99 4 24 23 29 33 43 41 46 63 75 78 80 92 97 8 14 19 25 40 48 55 53 65 74 72 87 86 88 3 10 13 26 31 39 44 73 71 79 90 6 9 30 28 58 67 50 57 70 69 98
Volta 33: 21 59 61 56 95 2 15 27 37 51 54 91 33 38 43 46 52 64 63 75 78 80 92 99 4 8 14 23 24 29 41 53 65 74 88 86 87 97 3 10 19 25 26 40 39 48 55 71 72 79 90 13 28 30 31 44 73 9 6 50 57 58 70 67 69
Volta 34: 59 21 56 61 15 27 37 54 51 91 95 2 38 43 46 52 64 75 99 4 8 24 23 29 33 41 53 65 63 80 78 88 87 92 14 19 26 40 39 48 74 71 72 79 86 97 3 10 13 25 30 28 31 44 55 73 90 9 50 58 57 67 6 70 69
Volta 35: 21 59 56 61 27 54 51 95 2 15 37 43 52 64 91 8 24 23 29 33 38 41 46 53 75 80 78 92 99 4 14 40 39 65 63 74 71 88 86 87 3 10 13 19 25 30 26 31 48 55 72 73 79 90 97 28 44 50 58 67 9 6 57 70
Volta 36: 59 61 21 27 56 2 51 54 52 95 8 23 24 37 38 43 46 53 64 75 78 80 92 91 99 4 14 29 33 40 39 65 71 87 3 10 13 30 48 55 74 72 79 90 86 88 97 19 25 26 28 31 44 50 58 67 73 6 9 57
Volta 37: 59 21 27 61 51 54 52 56 95 2 8 24 37 53 64 75 91 4 23 29 39 38 43 46 78 80 87 92 99 10 13 14 30 33 40 48 55 65 71 74 88 86 97 3 19 25 28 26 31 50 58 73 72 79 90 9 44 57 67
Volta 38: 59 21 61 27 54 51 52 56 2 24 37 75 95 4 8 23 38 46 53 64 80 78 87 91 99 14 29 33 39 43 48 55 65 71 86 92 3 10 13 30 26 40 73 74 72 79 88 90 97 19 25 28 31 44 50 58 67 6 9
Volta 39: 59 21 27 52 54 51 61 2 24 56 75 4 23 37 38 53 64 80 91 95 8 29 33 39 43 46 48 65 78 87 86 92 99 14 13 30 26 40 55 74 71 79 88 90 97 3 10 19 25 31 44 50 58 72 73 6 28 67
Volta 40: 59 21 27 54 51 61 2 52 56 75 4 24 37 64 95 91 23 38 39 48 46 53 65 78 80 87 99 8 13 14 26 29 33 43 55 71 74 90 86 92 97 3 10 19 25 30 31 40 50 58 73 79 88 28 44 67 72 6
Volta 41: 59 27 51 2 21 52 54 56 61 4 24 37 75 91 23 38 48 53 64 65 87 95 99 8 13 29 26 33 39 46 55 74 71 78 80 90 86 10 14 25 30 40 43 73 92 97 3 19 28 31 44 50 58 79 88 67 72
Volta 42: 51 59 2 27 52 54 61 4 21 37 56 75 91 24 53 65 64 95 99 8 13 23 26 33 48 46 78 80 87 90 10 14 25 29 39 40 43 55 74 71 73 86 92 97 3 19 30 28 31 50 58 79 44 72 88
Volta 43: 51 59 27 52 54 61 2 21 56 75 91 4 24 37 53 65 99 8 13 33 46 64 90 95 14 25 23 29 26 39 43 48 55 74 71 73 78 80 87 86 92 10 19 30 40 50 58 97 3 28 31 44 72 79
Volta 44: 51 59 27 61 2 52 54 56 75 4 21 24 37 53 65 91 8 33 90 95 99 13 14 23 26 39 43 48 46 55 64 74 71 73 78 80 87 92 10 19 25 29 86 97 3 30 31 40 44 50 58 72 79 28
Volta 45: 27 51 59 52 54 56 61 2 4 21 37 65 75 91 24 53 95 99 8 14 13 23 26 33 39 43 46 48 73 90 10 25 29 55 64 74 71 80 78 86 87 92 97 3 19 30 40 44 50 58 72 31 79
Volta 46: 51 59 27 54 4 2 21 37 52 56 61 75 91 24 53 65 95 99 14 26 33 39 46 8 13 25 23 29 43 48 55 64 71 73 74 78 80 87 90 86 92 97 3 10 19 30 40 44 50 58 72 31 79
Volta 47: 59 54 51 2 21 27 37 52 61 91 4 53 56 65 75 99 24 46 95 8 14 13 23 25 26 33 39 48 55 64 74 73 71 78 80 90 87 86 92 97 3 10 19 29 43 50 58 72 30 31 40 44
Volta 48: 51 54 59 2 21 52 4 27 37 56 61 65 75 91 99 24 46 95 8 14 23 26 33 39 48 55 64 74 71 80 78 86 87 13 25 43 58 72 73 90 92 97 3 10 19 29 30 40 50 31
Volta 49: 54 59 2 52 51 4 21 27 61 65 75 91 99 24 37 46 56 95 14 39 74 71 80 78 8 25 23 26 33 48 55 64 87 90 86 92 97 3 10 13 19 29 40 43 50 58 72 73 30
Volta 50: 54 2 51 59 4 21 52 91 99 24 27 37 56 61 65 75 46 71 80 95 8 14 23 26 39 48 55 64 74 78 86 87 90 92 97 3 10 13 19 25 33 50 58 73 72 29 40 43 30
Volta 51: 2 51 54 59 4 21 52 24 27 37 56 61 91 99 46 65 71 75 80 95 14 23 26 39 48 64 74 78 87 86 92 97 10 8 13 25 33 55 58 72 73 90 3 19 40 43 50 29
Volta 52: 2 51 54 59 4 21 52 24 37 56 91 99 27 46 61 71 75 80 95 14 23 39 65 64 78 86 87 92 97 10 8 13 25 26 48 55 72 74 73 90 3 33 58 19 40 43 50 29
Volta 53: 51 54 59 2 4 21 24 37 52 56 91 99 27 46 61 75 95 14 23 39 64 65 71 80 87 8 25 26 48 55 74 72 73 78 90 86 92 97 3 10 13 33 58 43 19 40 50
Volta 54: 51 2 54 59 4 52 56 91 99 21 24 37 46 14 27 61 75 71 80 87 95 23 39 55 64 73 78 86 90 92 97 3 8 10 13 25 33 48 58 74 72 43 19 40 50
Volta 55: 51 2 54 59 56 91 4 24 21 37 46 52 99 27 75 71 14 23 39 55 64 61 80 78 87 95 92 97 10 8 13 25 33 48 73 74 72 86 90 3 43 58 40 19
Volta 56: 51 54 59 2 91 4 37 46 56 24 21 27 52 75 99 14 23 39 55 64 71 80 78 87 92 95 97 10 8 13 25 48 61 73 72 86 3 33 43 58 74 90 40 19
Volta 57: 54 59 51 2 4 37 46 91 24 27 52 56 75 14 23 21 71 78 87 95 97 99 10 13 39 48 55 64 61 72 80 86 92 8 25 33 74 73 90 3 43 58 40
Volta 58: 54 59 2 4 37 46 51 27 52 56 75 91 14 23 24 71 95 10 21 39 55 61 78 87 92 97 99 8 13 25 33 48 64 73 72 74 80 90 86 3 58 43 40
Volta 59: 54 59 4 51 2 37 46 52 56 75 91 14 24 23 27 95 10 21 39 55 61 71 78 87 92 99 97 13 25 33 64 72 74 80 86 8 48 73 90 3 43 58
Volta 60: 54 4 51 59 2 37 46 52 56 75 14 24 27 95 91 21 39 55 71 78 87 99 10 13 25 33 61 74 92 97 8 48 64 72 73 80 86 90 3 58 43
Volta 61: 54 51 59 4 52 56 75 2 24 37 46 95 91 14 21 27 55 71 87 13 33 39 61 74 78 92 99 97 10 25 48 64 80 86 3 8 58 72 73 90
Volta 62: 54 59 4 51 24 46 52 56 75 91 95 2 14 27 37 55 87 13 21 33 39 61 71 92 99 10 25 48 64 74 78 80 86 97 8 73 72 90 3 58
Volta 63: 54 4 59 24 51 56 95 2 14 27 37 46 52 55 75 87 91 13 33 39 61 71 10 21 48 64 74 80 78 92 99 25 90 86 97 3 8 73 72
Volta 64: 54 4 51 56 59 2 14 24 27 52 75 95 13 33 37 46 55 61 71 87 91 10 21 39 48 74 92 25 64 78 80 86 97 99 3 8 72 73 90
Volta 65: 54 4 51 56 59 2 52 95 14 24 27 33 46 55 75 91 13 39 37 48 61 71 74 87 92 10 21 64 80 78 86 97 3 25 73 72 99 8
Volta 66: 54 4 51 56 59 2 52 95 14 24 27 33 55 75 13 39 46 61 71 74 87 92 10 21 37 48 64 80 78 86 97 72 73 99 3 8 25
Volta 67: 54 4 56 2 51 59 14 24 27 33 52 75 95 13 39 46 55 74 71 92 10 21 37 48 64 61 80 78 87 97 86 99 73 72 3 8
Volta 68: 54 4 51 56 59 2 27 52 95 13 14 24 33 39 55 75 74 92 10 21 37 46 64 61 71 80 78 87 97 48 73 86 99 3 8 72
Volta 69: 54 4 51 2 59 56 95 13 14 24 27 33 39 52 75 74 92 10 21 37 55 71 78 87 97 46 48 61 64 80 73 86 99 3 8
Volta 70: 54 4 51 59 95 2 13 24 27 33 39 52 56 10 14 37 55 75 74 78 87 92 97 21 46 48 61 64 71 80 73 86 99 8 3
Volta 71: 4 54 51 59 95 2 13 33 52 56 14 24 27 39 55 74 75 78 87 92 10 21 37 46 71 80 97 48 64 61 73 8 86 99
Volta 72: 4 54 51 59 2 13 56 95 27 33 39 55 52 78 87 92 10 14 24 37 46 74 75 71 80 97 21 64 61 48 8 73 86 99
Volta 73: 4 54 51 2 13 59 95 27 39 55 56 78 87 10 14 33 52 75 92 97 24 21 37 46 64 61 71 74 80 48 86 8 73
Volta 74: 4 54 51 2 13 59 95 39 55 56 27 33 52 78 87 10 14 24 21 37 46 61 71 74 75 80 92 97 64 86 8 48 73
Volta 75: 54 4 2 13 51 39 55 56 59 95 33 78 87 10 14 21 24 27 37 52 61 75 74 80 92 46 64 71 97 48 86 8
Volta 76: 54 4 2 13 51 39 55 56 59 95 33 78 87 14 24 21 27 52 92 10 37 46 61 71 74 75 80 64 97 48 8 86
Volta 77: 54 4 51 2 13 56 59 95 39 55 78 14 24 21 33 87 92 10 27 37 46 52 61 74 80 64 75 71 97 8 48
Volta 78: 54 4 51 2 13 56 95 59 24 33 39 55 78 87 92 10 14 21 37 46 52 61 80 27 71 74 75 64 97 8 48
Volta 79: 54 4 2 13 51 95 56 59 24 33 39 55 92 10 14 21 37 52 61 78 87 27 46 71 74 80 64 75 97 8
Volta 80: 4 54 51 95 2 13 56 33 39 59 14 24 37 55 52 61 78 87 92 10 21 46 74 80 27 71 75 64 97 8
Volta 81: 54 4 51 95 2 56 13 33 59 14 24 39 37 55 52 61 87 92 10 21 46 74 78 80 71 27 64 75 97
Volta 82: 4 54 51 95 2 56 13 59 14 33 37 39 52 55 61 10 24 21 74 78 87 92 46 71 80 27 75 97 64
Volta 83: 4 54 51 2 56 95 13 59 33 37 39 52 55 10 14 24 61 74 87 92 21 46 80 78 71 75 97 27
Volta 84: 4 54 2 51 56 59 95 13 33 37 55 10 14 39 52 61 87 21 24 46 74 92 75 80 71 97 27
Volta 85: 4 54 2 51 56 59 95 13 33 55 10 14 37 52 61 24 39 87 92 21 46 74 75 80 71 97
Volta 86: 4 54 2 51 56 13 33 55 59 95 10 37 61 14 39 52 87 92 24 46 74 80 21 75 71 97
Volta 87: 4 54 2 51 56 33 55 59 13 37 61 95 10 39 52 87 92 14 24 46 74 75 80 21 71
Volta 88: 4 54 2 51 33 55 56 13 37 59 61 95 10 52 87 92 14 39 24 46 75 74 80 21 71
Volta 89: 4 2 54 33 55 51 56 13 37 61 95 52 59 92 10 39 87 14 24 46 75 74 21 80
Volta 90: 4 54 2 55 56 13 33 37 51 59 61 95 92 10 39 52 87 14 24 46 74 21 75 80
Volta 91: 4 2 54 55 56 33 37 51 13 61 92 10 39 52 59 95 24 46 74 87 14 75 21
Volta 92: 4 54 2 55 37 51 56 13 33 61 92 10 39 52 95 24 46 59 74 87 14 21 75
Volta 93: 4 54 2 51 55 56 37 61 92 13 33 39 52 10 24 59 74 95 14 46 87 21
Volta 94: 54 4 2 55 56 37 51 61 13 33 39 52 92 10 24 74 14 46 59 95 87 21
Volta 95: 54 4 2 55 56 51 13 33 37 39 52 61 92 10 24 74 14 59 95 46 87
Volta 96: 4 55 56 2 51 33 39 52 92 10 13 61 74 24 59 95 14 46 87
Volta 97: 4 55 2 56 51 52 10 13 33 39 61 74 92 24 59 95 14 46
Volta 98: 4 55 56 2 52 10 13 33 39 51 74 92 24 59 61 95 14 46
Volta 99: 4 55 56 2 13 39 51 52 10 33 59 61 74 92 24 95 14
Volta 100: 4 55 56 2 51 13 39 52 59 74 92 10 24 33 61 95 14
Volta 101: 4 55 56 2 51 13 39 52 92 10 33 59 61 74 24 95
Volta 102: 4 55 56 2 51 13 39 92 52 59 61 74 10 24 33 95
Volta 103: 55 4 56 2 13 51 39 52 59 61 92 10 24 74 33
Volta 104: 4 55 56 2 13 51 39 52 59 92 10 61 74 24 33
Volta 105: 4 56 55 2 13 39 51 59 92 52 61 10 24 74
Volta 106: 4 56 55 2 39 51 59 92 13 52 10 24 61 74
Volta 107: 56 4 55 39 51 2 13 59 92 10 24 52 61
Volta 108: 56 4 55 39 2 13 51 59 92 24 52 61 10
Volta 109: 4 56 55 39 13 59 2 24 52 51 61 92
Volta 110: 4 55 56 39 13 2 52 51 59 24 61 92
Volta 111: 4 55 56 39 2 13 52 59 24 51 61
Volta 112: 4 55 39 56 13 52 2 24 51 59 61
Volta 113: 4 55 56 39 13 52 2 51 59 24
Volta 114: 4 39 55 56 52 2 51 59 24
Volta 115: 4 39 56 55 2 52 51 59
Volta 116: 4 39 56 55 2 51 52 59
Volta 117: 4 56 39 55 2 51 52
Volta 118: 4 56 39 55 2 51 52
Volta 119: 4 56 55 39 2 51
Volta 120: 4 56 39 55 2 51
Volta 121: 4 56 39 55 2
Volta 122: 4 39 55 56 2
Volta 123: 4 39 55 56
Volta 124: 4 39 55 56
Volta 125: 4 39 55
Volta 126: 4 39 55
Volta 127: 4 39
Volta 128: 4 39

Ranqueamento Final:
1: Ciclista 39 - 2460.90 segundos
2: Ciclista 4 - 2445.06 segundos
3: Ciclista 55 - 2431.26 segundos
4: Ciclista 56 - 2386.38 segundos
5: Ciclista 2 - 2355.06 segundos
6: Ciclista 51 - 2326.26 segundos
7: Ciclista 52 - 2296.26 segundos
8: Ciclista 59 - 2266.38 segundos
9: Ciclista 24 - 2235.54 segundos
10: Ciclista 61 - 2191.50 segundos
11: Ciclista 92 - 2162.22 segundos
12: Ciclista 10 - 2130.18 segundos
13: Ciclista 74 - 2086.74 segundos
14: Ciclista 33 - 2055.78 segundos
15: Ciclista 95 - 2027.22 segundos
16: Ciclista 14 - 1980.30 segundos
17: Ciclista 46 - 1966.14 segundos
18: Ciclista 87 - 1922.10 segundos
19: Ciclista 21 - 1890.54 segundos
20: Ciclista 75 - 1846.74 segundos
21: Ciclista 80 - 1801.86 segundos
22: Ciclista 71 - 1771.74 segundos
23: Ciclista 97 - 1727.34 segundos
24: Ciclista 27 - 1710.66 segundos
25: Ciclista 64 - 1666.50 segundos
26: Ciclista 8 - 1635.18 segundos
27: Ciclista 48 - 1606.14 segundos
28: Ciclista 86 - 1562.10 segundos
29: Ciclista 73 - 1516.74 segundos
30: Ciclista 99 - 1472.34 segundos
31: Ciclista 3 - 1455.06 segundos
32: Ciclista 72 - 1396.74 segundos
33: Ciclista 25 - 1350.54 segundos
34: Ciclista 90 - 1307.10 segundos
35: Ciclista 58 - 1276.38 segundos
36: Ciclista 43 - 1246.02 segundos
37: Ciclista 40 - 1215.90 segundos
38: Ciclista 19 - 1170.42 segundos
39: Ciclista 50 - 1126.14 segundos
40: Ciclista 29 - 1095.66 segundos
41: Ciclista 30 - 1050.66 segundos
42: Ciclista 31 - 1005.78 segundos
43: Ciclista 79 - 961.86 segundos
44: Ciclista 28 - 930.66 segundos
45: Ciclista 88 - 887.10 segundos
46: Ciclista 6 - 855.18 segundos
47: Ciclista 9 - 810.18 segundos
48: Ciclista 57 - 781.62 segundos
49: Ciclista 69 - 736.62 segundos
50: Ciclista 98 - 692.34 segundos
51: Ciclista 77 - 646.86 segundos
52: Ciclista 76 - 616.86 segundos
53: Ciclista 1 - 585.06 segundos
54: Ciclista 18 - 540.42 segundos
55: Ciclista 35 - 495.78 segundos
56: Ciclista 45 - 451.02 segundos
57: Ciclista 89 - 422.10 segundos
58: Ciclista 11 - 375.30 segundos
59: Ciclista 83 - 331.98 segundos
60: Ciclista 94 - 287.22 segundos
61: Ciclista 22 - 240.54 segundos
62: Ciclista 82 - 196.98 segundos
63: Ciclista 96 - 152.34 segundos
64: Ciclista 16 - 120.42 segundos
65: Ciclista 93 - 62.22 segundos

Ciclista 5 quebrou na volta 30 - 570.00 segundos
Ciclista 7 quebrou na volta 12 - 255.12 segundos
Ciclista 12 quebrou na volta 6 - 135.24 segundos
Ciclista 13 quebrou na volta 114 - 2220.24 segundos
Ciclista 15 quebrou na volta 36 - 690.24 segundos
Ciclista 17 quebrou na volta 6 - 120.36 segundos
Ciclista 20 quebrou na volta 24 - 480.36 segundos
Ciclista 23 quebrou na volta 60 - 1170.48 segundos
Ciclista 26 quebrou na volta 54 - 1095.60 segundos
Ciclista 32 quebrou na volta 24 - 495.72 segundos
Ciclista 34 quebrou na volta 30 - 615.72 segundos
Ciclista 36 quebrou na volta 18 - 360.84 segundos
Ciclista 37 quebrou na volta 96 - 1860.84 segundos
Ciclista 38 quebrou na volta 42 - 825.84 segundos
Ciclista 41 quebrou na volta 36 - 705.96 segundos
Ciclista 42 quebrou na volta 24 - 510.96 segundos
Ciclista 44 quebrou na volta 48 - 990.96 segundos
Ciclista 47 quebrou na volta 6 - 106.08 segundos
Ciclista 49 quebrou na volta 12 - 256.08 segundos
Ciclista 53 quebrou na volta 48 - 946.20 segundos
Ciclista 54 quebrou na volta 96 - 1816.20 segundos
Ciclista 60 quebrou na volta 18 - 361.32 segundos
Ciclista 62 quebrou na volta 12 - 256.44 segundos
Ciclista 63 quebrou na volta 36 - 721.44 segundos
Ciclista 65 quebrou na volta 54 - 1081.44 segundos
Ciclista 66 quebrou na volta 6 - 151.56 segundos
Ciclista 67 quebrou na volta 42 - 886.56 segundos
Ciclista 68 quebrou na volta 24 - 496.56 segundos
Ciclista 70 quebrou na volta 36 - 781.56 segundos
Ciclista 78 quebrou na volta 84 - 1666.80 segundos
Ciclista 81 quebrou na volta 30 - 586.92 segundos
Ciclista 84 quebrou na volta 6 - 136.92 segundos
Ciclista 85 quebrou na volta 12 - 271.92 segundos
Ciclista 91 quebrou na volta 66 - 1307.16 segundos
Ciclista 100 quebrou na volta 6 - 137.28 segundos
