Volta 1: 2 5 3 1 4 6 9 10 7 8 11 13 14 12 15 18 17 19 20 16 22 24 21 23 25 30 29 28 27 26 33 32 35 34 31 39 40 36 37 38 42 44 41 45 43 48 46 49 47 50 54 55 53 51 52 59 58 56 60 57 63 64 61 65 62 67 68 70 69 66 71 73 72 75 74 79 76 78 80 77 83 84 85 82 81 87 89 86 88 90 95 91 92 93 94 100 98 99 96 97
Volta 2: 2 5 8 6 7 10 15 14 17 18 16 23 24 25 22 27 26 28 30 29 31 32 35 37 40 39 38 42 43 41 44 49 46 47 48 53 54 52 51 55 59 60 58 57 65 63 64 61 62 68 66 69 70 73 72 71 74 75 76 78 77 80 79 85 81 84 82 87 90 88 89 86 91 93 95 97 100 98 99 96 1 4 3 9 11 12 13 19 20 21 33 34 36 45 50 56 67 83 94 92
Volta 3: 2 6 7 10 14 17 23 22 24 25 29 28 31 32 37 39 38 40 43 41 49 47 53 52 60 57 58 62 61 64 63 70 69 73 72 71 75 74 76 79 78 77 85 81 87 90 88 89 91 95 93 98 5 3 4 8 9 13 15 11 12 16 18 21 26 27 30 34 33 35 36 45 42 44 48 46 50 51 54 55 56 59 65 68 67 66 80 82 84 83 86 94 100 99 97 96 1 19 20
Volta 4: 2 10 6 14 25 24 22 23 29 28 32 31 40 38 37 41 43 49 47 52 53 58 57 60 62 64 63 61 69 71 72 73 78 76 79 77 85 88 89 90 93 91 95 5 7 9 8 11 12 13 15 17 16 18 26 27 30 35 33 39 45 42 46 50 48 51 55 54 56 65 70 67 68 75 74 83 81 86 87 94 99 97 98 96 4 3 19 20 21 34 36 44 59 66 80 82 84 100 1
Volta 5: 2 6 10 14 23 25 29 28 40 38 43 41 49 53 52 58 60 64 61 72 71 73 78 77 79 7 9 11 13 12 16 17 22 24 26 31 32 37 39 42 45 48 50 47 54 55 56 57 62 63 65 69 67 74 75 76 81 83 85 86 88 89 90 87 91 93 95 99 98 96 5 3 8 15 19 18 20 21 27 30 34 35 33 36 44 46 51 59 70 68 82 84 94 97 100 4 66 80
Volta 6: 2 14 25 23 29 40 41 53 60 58 61 64 72 73 77 78 6 9 10 7 13 16 17 24 22 26 32 31 37 38 42 47 49 55 52 54 57 56 62 63 69 67 71 76 79 83 85 88 86 90 89 93 95 11 12 19 18 30 35 34 39 44 45 48 46 50 51 65 70 74 75 81 84 94 91 99 96 97 98 5 3 8 15 20 21 27 33 36 59 68 66 80 82 100 4
Volta 7: 14 23 29 41 53 60 58 64 61 77 2 10 9 17 25 24 22 32 40 42 47 52 63 69 71 73 72 79 78 76 85 83 88 86 95 93 7 6 12 13 11 16 19 18 26 34 31 38 39 37 45 49 48 50 51 55 54 57 56 62 67 75 84 81 89 90 94 91 96 5 3 8 15 20 30 35 33 36 44 46 59 65 66 68 70 74 80 82 97 98 99 21 27 100
Volta 8: 23 41 53 77 9 14 17 22 25 29 40 42 47 58 60 64 63 61 69 73 71 72 79 76 85 88 86 95 93 2 10 6 7 11 19 24 26 34 31 32 38 37 45 48 49 52 51 62 67 75 78 83 90 89 91 96 5 3 13 12 15 18 20 16 30 33 35 39 44 50 54 55 57 59 56 65 66 70 68 74 84 82 81 94 99 97 98 8 21 27 36 46 80 100
Volta 9: 23 41 77 9 14 25 22 29 40 42 47 53 64 69 72 73 79 76 88 2 6 10 11 19 17 24 34 37 52 51 60 58 61 62 63 67 71 85 83 89 90 86 91 95 93 3 5 7 12 20 18 16 30 26 32 33 35 31 39 38 44 45 48 49 55 54 57 65 70 68 66 74 75 78 81 84 94 98 99 96 13 15 21 36 50 46 59 56 80 82 97 8 27
Volta 10: 14 25 23 22 29 40 41 47 53 69 72 79 77 2 6 9 11 19 17 24 37 42 60 58 63 64 61 62 73 76 85 88 93 91 95 7 10 18 20 26 31 35 34 33 32 38 45 44 49 48 51 55 52 68 67 66 71 75 74 78 81 83 86 89 90 94 98 96 99 3 5 12 13 15 16 30 39 36 50 54 57 59 65 70 80 84 82 97 8 21 46 56 27
Volta 11: 22 23 40 41 47 53 79 6 14 17 24 25 29 37 42 63 62 64 69 72 77 85 88 95 2 10 9 11 20 19 18 32 33 35 38 44 45 48 55 51 52 58 60 61 68 67 66 71 74 73 75 78 76 81 83 86 89 90 91 93 94 99 98 3 5 7 12 16 26 30 31 34 36 39 49 54 59 57 65 70 96 97 15 13 21 50 46 56 80 84 82 8
Volta 12: 22 40 47 53 6 14 17 23 25 24 29 37 41 64 62 63 69 72 77 79 95 2 9 11 18 20 33 38 45 44 42 55 51 60 58 68 66 67 76 83 85 81 86 88 90 91 94 93 3 10 7 12 16 19 26 31 35 34 32 36 39 48 49 57 65 61 70 73 74 75 71 78 89 98 5 15 21 46 50 54 59 56 84 97 96 8 13 80 82
Volta 13: 6 14 17 24 22 25 23 40 41 47 53 62 63 64 72 79 2 11 18 29 37 42 60 69 77 81 85 88 86 95 94 93 3 7 10 9 20 19 16 32 33 35 34 36 38 45 44 48 51 55 57 58 61 66 68 70 67 74 71 75 73 78 76 83 90 89 91 98 5 15 12 21 26 31 39 50 46 49 54 59 65 84 96 8 13 56 80 97
Volta 14: 14 25 23 40 41 47 72 79 2 6 17 18 24 22 29 42 53 60 62 63 64 69 77 85 81 88 95 94 3 10 7 9 11 19 20 34 32 33 38 36 37 45 51 55 58 57 61 68 66 70 74 75 76 83 89 90 86 91 93 98 5 15 12 16 21 26 31 35 39 44 49 46 48 54 65 67 73 71 78 96 50 59 56 80 84 97 8 13
Volta 15: 14 25 40 41 6 18 17 23 22 29 42 47 53 62 64 63 72 77 79 81 88 94 2 3 11 24 33 34 37 38 45 51 55 58 60 70 69 75 74 76 85 83 90 86 89 91 93 95 98 5 10 7 9 12 15 20 19 16 21 26 35 32 39 36 49 48 54 57 61 66 68 67 73 71 78 96 31 44 46 50 56 59 65 84 97 8 80
Volta 16: 14 25 40 41 17 18 23 22 29 47 63 64 72 77 79 88 94 6 11 33 37 42 45 55 53 60 58 62 69 70 74 75 85 83 81 89 86 95 98 2 3 7 9 12 20 19 21 24 26 34 32 35 36 38 49 54 51 57 61 68 71 73 76 90 93 91 96 5 10 15 16 31 39 44 48 50 59 56 65 67 66 78 46 80 84 97 8
Volta 17: 14 25 40 17 23 41 94 6 11 18 22 29 33 42 45 47 53 58 63 62 64 70 69 72 75 77 79 81 88 95 98 2 3 9 20 24 26 35 34 37 36 38 55 54 60 57 68 74 71 85 83 90 89 86 91 93 5 10 7 12 15 16 19 21 32 49 48 51 59 56 61 65 67 73 76 78 96 31 39 44 50 66 84 97 46 80
Volta 18: 14 40 25 41 6 11 17 18 23 22 29 42 45 47 53 64 63 62 69 75 72 77 81 88 98 2 3 34 35 33 36 38 37 54 55 60 58 68 70 71 85 89 86 93 95 9 10 7 12 15 19 24 26 51 59 57 65 61 74 78 76 83 90 91 96 5 16 21 39 44 48 49 56 66 67 73 84 97 50 46 80
Volta 19: 14 25 40 41 6 11 18 17 23 22 29 42 62 63 69 75 77 81 88 98 3 33 34 38 36 45 47 55 54 53 58 60 64 70 72 85 89 95 93 2 9 10 12 15 19 26 35 37 57 65 68 71 74 78 83 90 86 7 16 21 24 48 49 51 59 56 61 67 66 73 76 91 96 97 5 39 44 50 84 46
Volta 20: 14 25 40 41 6 11 17 18 22 29 63 62 69 81 98 23 33 34 36 45 42 53 60 58 64 70 72 75 77 85 88 3 2 10 15 35 38 37 47 54 55 65 68 71 78 83 89 90 93 95 7 9 12 19 16 21 24 26 48 49 57 56 61 66 67 74 73 76 86 91 96 39 44 51 59 84 97 5 46 50
Volta 21: 14 25 41 6 11 18 22 40 17 23 29 36 45 42 53 60 62 64 63 69 75 77 85 81 98 15 35 33 34 38 47 54 55 58 68 70 72 78 83 89 88 90 93 95 2 3 7 10 12 16 19 21 24 26 37 48 49 56 57 65 61 74 71 73 76 86 96 9 44 59 66 67 84 91 97 5 39 46 51
Volta 22: 14 11 25 41 6 18 22 23 29 40 42 45 60 63 62 69 75 77 81 85 98 15 17 34 35 38 36 54 53 58 64 70 72 78 88 89 90 93 95 3 2 10 7 19 24 26 33 49 47 48 55 57 56 61 65 68 71 73 74 76 83 9 12 16 21 37 44 59 66 86 96 97 39 46 51 67 84 91 5
Volta 23: 14 11 25 41 18 23 22 29 40 45 42 60 62 75 77 85 81 98 6 17 34 35 38 36 53 54 58 63 70 69 72 78 89 90 2 10 7 15 24 55 56 57 64 65 68 71 73 83 88 93 95 3 9 12 19 21 26 33 37 49 48 47 59 61 66 74 76 86 96 97 16 39 44 46 84 91 51 67
Volta 24: 14 25 41 11 23 22 29 40 45 60 85 6 17 18 35 42 54 58 63 62 69 77 81 98 10 7 15 34 36 53 56 64 70 68 72 78 83 90 89 88 2 3 9 12 19 33 48 49 55 57 59 65 61 73 71 76 86 95 96 97 16 21 26 37 39 44 47 46 74 84 91 51 67
Volta 25: 14 25 41 11 23 22 40 45 60 29 35 42 54 58 63 69 77 85 98 6 10 17 18 34 36 53 56 62 70 72 78 81 83 89 90 3 7 15 33 49 55 59 57 61 64 68 73 71 76 88 97 2 9 12 19 21 26 39 37 44 46 47 48 65 74 86 91 95 96 16 84 51
Volta 26: 14 25 11 23 22 41 60 29 40 45 42 54 63 69 77 85 10 6 18 17 34 35 53 58 56 72 78 81 83 89 90 98 15 33 36 49 55 59 57 64 62 70 68 76 88 97 3 2 7 9 12 19 21 26 46 47 48 65 61 71 73 86 91 95 96 39 37 44 74 84 16 51
Volta 27: 14 25 11 22 41 60 23 40 42 45 63 77 85 6 17 29 35 54 53 58 69 72 78 81 90 89 98 10 15 18 33 34 49 59 56 62 70 68 76 83 88 2 3 7 9 12 21 36 48 55 57 64 65 73 86 95 97 96 19 26 39 37 44 47 46 61 71 74 84 91 16
Volta 28: 14 25 11 41 60 23 22 45 63 77 85 29 35 40 42 54 58 69 81 90 98 6 10 15 17 18 33 49 53 56 59 62 72 78 83 89 88 2 12 21 34 36 55 65 70 68 73 76 86 3 7 9 19 26 37 39 44 48 46 47 57 61 64 74 71 95 91 97 96 84 16
Volta 29: 14 25 41 11 22 23 60 77 85 40 42 45 54 58 63 81 90 98 10 6 18 17 29 33 35 49 53 69 72 78 2 15 21 34 55 59 56 62 68 70 76 83 88 89 12 19 26 36 47 57 65 61 64 73 74 86 91 95 96 97 3 7 9 37 39 44 46 48 71 84
Volta 30: 14 25 41 23 60 77 85 11 22 40 54 81 6 17 18 29 35 45 42 49 53 58 63 69 72 78 98 2 10 34 33 55 56 59 68 76 83 89 88 12 19 21 36 47 57 64 65 62 70 73 86 95 97 3 26 39 44 46 61 71 74 91 96 9 37 48 84
Volta 31: 14 41 23 25 77 85 11 22 60 18 17 29 35 40 42 45 54 58 63 81 98 10 6 33 49 55 53 56 69 68 72 78 83 89 88 2 19 21 34 36 57 59 62 65 70 76 95 3 12 26 44 46 47 64 61 73 74 86 91 97 96 9 39 37 48 71
Volta 32: 14 41 25 23 77 85 11 22 60 17 29 40 45 42 54 58 81 98 6 10 18 33 35 49 55 53 56 63 69 72 78 83 2 19 21 34 36 57 65 70 68 88 89 95 12 44 47 59 64 61 62 73 76 86 96 97 3 9 26 39 48 46 74 71 91 37
Volta 33: 14 23 25 41 85 11 22 60 77 29 54 81 98 17 35 40 42 45 55 56 58 63 72 78 83 2 10 6 18 21 34 33 36 49 53 57 65 69 68 89 88 95 19 44 47 59 61 70 86 96 3 12 26 39 64 62 74 71 73 76 97 9 48 46 91
Volta 34: 14 25 41 11 22 23 60 85 54 77 98 17 29 35 40 42 45 55 63 72 78 83 81 6 10 18 21 33 34 36 49 53 58 56 57 65 68 69 88 95 2 47 59 70 86 89 96 3 12 19 26 39 44 64 61 62 71 74 76 97 46 48 73 91 9
Volta 35: 14 41 11 23 22 25 60 85 77 98 29 40 55 54 63 78 81 83 10 6 18 17 21 35 34 36 42 45 57 56 58 69 72 88 95 2 33 49 53 59 65 68 89 86 96 3 19 26 39 44 47 62 61 70 71 76 97 12 46 64 73 74 48 91
Volta 36: 14 22 25 60 85 11 23 77 29 40 54 63 6 10 18 17 35 36 45 42 55 57 56 58 69 72 81 95 2 33 34 49 53 59 68 88 86 89 96 3 19 26 39 44 47 62 61 65 70 71 76 12 46 64 73 74 97 48 91
Volta 37: 14 22 25 60 85 23 77 11 29 40 6 45 42 55 54 57 56 63 69 95 2 10 18 17 34 33 35 36 49 59 58 68 72 81 88 96 26 39 44 47 53 65 61 70 86 89 3 12 19 46 62 73 71 76 97 48 64 74
Volta 38: 14 22 60 25 77 85 11 23 6 29 40 42 56 57 63 69 17 34 35 36 45 55 54 72 81 88 95 96 2 10 18 33 47 49 53 59 58 65 61 70 68 89 19 26 39 44 62 71 73 76 86 97 3 12 46 48 64 74
Volta 39: 14 60 25 22 11 23 77 85 40 56 57 69 6 17 29 35 42 45 54 55 63 81 88 95 96 10 18 34 36 49 53 58 59 61 65 68 70 72 2 19 26 33 39 44 47 62 73 76 86 89 97 3 12 46 48 71 64
Volta 40: 60 14 22 25 23 77 11 57 56 69 85 6 17 29 40 42 55 54 63 81 88 18 35 34 36 45 49 53 58 59 65 61 72 95 96 10 19 26 33 39 47 70 68 73 76 89 97 3 2 12 44 48 62 71 86 46 64
Volta 41: 14 22 60 77 11 23 25 56 57 69 17 42 54 63 81 85 88 6 29 36 40 45 55 61 95 96 10 18 19 26 33 35 34 47 49 53 58 59 65 72 76 89 97 2 3 12 39 62 70 68 73 71 86 44 46 48
Volta 42: 22 60 14 11 25 56 57 77 17 54 63 69 81 88 6 40 36 42 45 85 95 96 19 29 34 33 35 53 55 59 58 61 76 89 3 10 39 49 47 62 70 71 72 73 86 2 12 44 48 68 46
Volta 43: 22 14 60 11 57 56 77 17 25 54 63 69 81 88 6 40 45 42 85 29 35 36 53 55 58 61 76 95 96 3 10 19 34 33 39 59 72 71 86 89 2 12 44 49 47 62 70 68 73 48
Volta 44: 22 14 60 11 57 56 77 17 25 54 63 69 81 88 6 40 42 85 29 35 45 55 53 58 61 3 19 34 33 36 71 72 76 86 89 95 96 2 10 12 39 47 49 59 62 68 70 73 44 48
Volta 45: 14 22 60 11 54 57 56 63 77 81 88 17 25 40 42 69 85 6 29 35 55 58 61 3 33 34 45 53 72 71 76 86 95 96 2 10 12 19 39 36 49 59 62 68 70 73 89 44 47
Volta 46: 22 60 14 11 56 63 77 81 17 40 42 54 57 69 85 88 25 29 35 58 61 6 53 55 71 76 3 2 10 19 34 33 36 45 49 62 70 68 73 72 86 89 95 96 12 39 59 44 47
Volta 47: 22 60 14 11 56 81 17 54 57 63 69 77 85 88 25 29 35 40 42 58 61 6 55 53 76 2 3 10 19 34 33 36 45 68 73 71 89 86 95 96 12 39 49 59 62 70 72 44
Volta 48: 22 60 11 14 81 17 54 57 56 63 85 88 35 40 58 61 69 77 25 29 55 53 76 3 2 6 10 19 33 34 36 45 71 73 89 86 96 39 49 70 68 72 95 12 44 59 62
Volta 49: 22 11 14 60 81 17 35 54 58 56 57 61 63 69 77 85 88 25 29 40 55 76 3 2 6 19 34 33 36 53 73 89 10 39 45 70 68 71 86 96 12 49 72 95 44 59
Volta 50: 22 11 14 81 60 17 35 54 56 57 63 69 77 85 88 40 58 61 3 6 19 25 29 33 36 53 55 73 76 2 10 34 45 68 71 89 86 96 12 39 49 70 95 44 72 59
Volta 51: 22 14 11 81 17 60 56 77 88 35 40 54 58 57 61 63 69 85 3 6 19 25 29 33 36 55 76 2 34 45 53 68 73 71 86 89 96 10 12 39 49 70 95 44 72
Volta 52: 14 11 22 81 60 88 17 40 54 57 58 56 61 63 69 77 3 19 25 33 35 36 55 85 6 29 34 53 68 71 73 76 2 10 12 45 49 89 86 96 39 70 95 44 72
Volta 53: 11 22 14 60 81 88 17 40 54 56 58 57 61 63 77 3 19 25 33 35 55 69 85 6 36 68 73 71 76 2 10 29 34 45 49 53 86 12 70 89 95 96 39 44
Volta 54: 11 14 22 60 81 58 63 77 88 19 17 33 40 54 57 56 61 69 85 3 25 36 55 76 10 34 45 49 68 73 71 2 12 29 53 70 89 86 96 39 95 44
Volta 55: 11 14 22 60 58 63 77 81 88 19 17 40 54 57 56 85 3 33 61 69 10 25 34 36 49 55 68 71 73 76 2 12 29 45 53 70 86 89 96 39 95
Volta 56: 14 11 22 60 58 77 81 19 40 57 63 85 88 17 33 54 56 61 69 3 25 34 49 68 71 10 29 36 53 55 73 76 86 96 2 12 45 70 89 39 95
Volta 57: 14 11 22 58 60 63 77 81 88 17 19 33 40 57 56 61 69 85 3 54 68 10 25 34 36 49 73 71 76 86 2 12 29 45 53 55 70 89 96 39
Volta 58: 14 22 11 58 60 63 77 81 88 17 40 61 69 85 3 19 33 56 57 68 10 25 34 49 54 71 76 86 2 12 29 36 45 53 55 70 73 89 96 39
Volta 59: 14 11 22 58 63 81 88 40 60 61 77 85 17 33 56 57 69 68 3 10 19 25 34 49 54 86 2 12 29 36 53 55 71 73 76 96 45 70 89
Volta 60: 14 22 11 63 81 88 40 60 61 77 85 17 33 57 3 10 19 49 56 69 68 86 2 25 34 55 53 54 73 96 12 29 36 45 70 71 76 89
Volta 61: 14 22 11 40 63 81 88 17 33 57 60 61 77 85 10 69 86 3 2 19 34 49 55 54 53 56 68 12 25 29 36 70 71 73 96 45 76
Volta 62: 14 22 11 40 63 81 88 33 60 61 77 85 10 17 57 69 86 19 49 55 53 56 68 2 3 12 25 29 34 36 54 73 71 96 70 76 45
Volta 63: 22 14 11 88 40 63 85 81 10 17 33 60 61 69 77 86 19 49 56 57 3 2 12 25 29 34 36 54 55 53 68 73 96 70 71 76
Volta 64: 22 14 11 88 40 63 81 85 10 60 61 69 77 86 19 17 33 57 56 3 2 36 49 53 55 68 96 12 25 29 34 54 70 71 73 76
Volta 65: 22 14 11 63 85 81 88 10 40 60 69 86 33 56 57 61 77 3 19 17 49 55 68 96 2 12 25 29 36 53 54 70 71 73 34
Volta 66: 22 14 11 63 88 60 85 86 10 40 57 61 69 77 3 19 33 49 56 68 12 17 29 36 55 73 96 2 25 34 54 70
Volta 67: 22 14 63 88 11 60 85 40 57 61 77 86 10 56 68 69 3 19 33 49 55 73 96 2 12 17 25 29 34 36 54
Volta 68: 22 14 63 88 60 11 57 85 86 10 40 56 61 68 69 77 3 19 33 49 55 96 2 12 17 29 34 36 54 73 25
Volta 69: 22 14 63 88 11 60 85 10 57 61 77 86 3 33 40 49 55 56 68 69 96 2 19 36 54 73 12 17 29 34
Volta 70: 22 88 14 63 11 60 85 10 57 77 86 3 33 40 55 56 61 68 19 36 49 54 69 96 2 12 17 29 34 73
Volta 71: 22 63 88 11 14 60 85 10 57 77 86 3 40 55 56 19 33 36 61 69 68 96 2 12 29 34 49 54 17
Volta 72: 22 88 11 85 14 60 77 86 3 10 55 57 33 36 40 56 61 68 69 96 2 19 49 54 12 17 29 34
Volta 73: 22 88 11 85 14 60 77 3 10 57 86 33 36 40 55 56 61 96 2 19 54 68 69 17 29 49 12
Volta 74: 22 88 11 85 14 3 60 57 77 10 33 40 36 55 61 86 2 54 56 69 68 96 17 19 49 29 12
Volta 75: 22 85 88 14 11 3 60 57 77 10 40 36 86 2 33 55 54 56 61 68 69 96 19 49 17 29
Volta 76: 22 85 14 11 88 3 57 77 10 40 36 60 33 55 54 56 61 69 86 2 19 68 96 17 49 29
Volta 77: 22 11 85 88 3 14 60 57 77 10 33 36 40 54 61 69 2 19 55 56 68 86 17 49 96
Volta 78: 22 85 11 88 3 14 60 77 10 36 57 61 69 33 40 54 68 86 2 19 17 49 55 96
Volta 79: 22 85 88 3 14 11 60 77 57 61 69 10 33 40 36 54 68 2 19 49 55 86 17
Volta 80: 22 85 88 11 14 3 57 60 69 77 10 33 40 36 54 61 68 2 19 49 55 86 17
Volta 81: 22 88 11 85 3 14 57 77 10 33 40 54 60 61 69 2 19 36 55 68 86 49
Volta 82: 22 88 85 14 11 57 3 10 33 40 60 61 69 77 19 55 54 68 86 2 36 49
Volta 83: 22 88 11 85 10 14 57 61 69 77 3 19 33 40 60 68 86 2 36 55 54
Volta 84: 22 88 85 10 14 11 69 77 3 33 40 57 60 61 86 2 19 36 54 55 68
Volta 85: 22 88 85 14 11 10 33 60 61 69 77 3 19 36 40 54 55 57 86 2
Volta 86: 22 88 11 85 10 14 33 61 69 77 3 19 40 36 55 57 60 86 2 54
Volta 87: 22 88 11 85 10 14 33 69 77 36 55 57 60 61 86 3 19 40 2
Volta 88: 22 88 11 10 14 33 85 55 57 61 69 77 86 19 36 40 60 3 2
Volta 89: 22 88 11 10 14 33 57 61 69 77 85 86 36 40 55 60 3 19
Volta 90: 22 88 11 10 14 33 61 69 77 85 40 36 55 57 60 86 3 19
Volta 91: 22 11 88 10 14 77 85 33 55 57 60 61 69 3 36 40 86
Volta 92: 22 88 11 10 85 14 33 60 57 61 69 77 3 36 40 55 86
Volta 93: 22 88 11 10 14 60 57 77 85 3 33 40 61 69 36 55
Volta 94: 22 88 11 10 57 60 77 85 3 14 33 40 36 55 61 69
Volta 95: 22 88 11 10 57 85 14 60 77 3 33 40 36 55 61
Volta 96: 22 88 11 10 57 60 77 85 3 14 33 40 36 55 61
Volta 97: 22 88 11 10 57 85 3 33 36 60 77 14 40 55
Volta 98: 22 88 11 10 57 85 36 60 77 3 14 33 40 55
Volta 99: 22 88 11 57 10 60 77 85 3 14 33 36 40
Volta 100: 22 88 11 57 10 60 77 85 3 36 40 14 33
Volta 101: 22 88 11 57 60 85 10 40 36 77 3 14
Volta 102: 22 88 11 60 57 36 77 85 3 10 14 40
Volta 103: 22 88 11 60 57 77 85 10 14 36 3
Volta 104: 22 88 11 60 57 77 85 10 14 36 3
Volta 105: 22 88 60 11 57 77 85 10 14 36
Volta 106: 22 88 60 77 85 11 57 10 14 36
Volta 107: 22 88 60 85 11 57 77 14 10
Volta 108: 22 88 60 11 85 57 77 10 14
Volta 109: 22 88 60 11 57 77 85 10
Volta 110: 22 88 60 11 57 77 10 85
Volta 111: 22 88 60 77 11 57 10
Volta 112: 22 88 60 77 11 10 57
Volta 113: 22 88 60 77 11 10
Volta 114: 22 88 60 11 77 10
Volta 115: 22 88 60 77 11
Volta 116: 22 88 60 77 11
Volta 117: 22 88 60 77
Volta 118: 88 22 60 77
Volta 119: 22 88 60
Volta 120: 22 88 60

Ranqueamento Final:
1: Ciclista 60 - 2326.38 segundos
2: Ciclista 22 - 2295.54 segundos
3: Ciclista 88 - 2282.10 segundos
4: Ciclista 77 - 2281.86 segundos
5: Ciclista 11 - 2265.30 segundos
6: Ciclista 10 - 2250.18 segundos
7: Ciclista 57 - 2206.38 segundos
8: Ciclista 85 - 2161.98 segundos
9: Ciclista 14 - 2130.30 segundos
10: Ciclista 36 - 2085.90 segundos
11: Ciclista 3 - 2055.06 segundos
12: Ciclista 40 - 2010.90 segundos
13: Ciclista 33 - 1980.78 segundos
14: Ciclista 55 - 1936.26 segundos
15: Ciclista 61 - 1906.50 segundos
16: Ciclista 69 - 1861.62 segundos
17: Ciclista 86 - 1832.10 segundos
18: Ciclista 19 - 1785.42 segundos
19: Ciclista 2 - 1755.06 segundos
20: Ciclista 54 - 1711.26 segundos
21: Ciclista 68 - 1666.62 segundos
22: Ciclista 49 - 1636.14 segundos
23: Ciclista 17 - 1605.42 segundos
24: Ciclista 96 - 1577.34 segundos
25: Ciclista 29 - 1545.66 segundos
26: Ciclista 12 - 1515.30 segundos
27: Ciclista 34 - 1455.78 segundos
28: Ciclista 73 - 1411.74 segundos
29: Ciclista 25 - 1380.54 segundos
30: Ciclista 70 - 1336.74 segundos
31: Ciclista 76 - 1291.86 segundos
32: Ciclista 45 - 1276.02 segundos
33: Ciclista 89 - 1232.10 segundos
34: Ciclista 39 - 1185.90 segundos
35: Ciclista 95 - 1157.22 segundos
36: Ciclista 44 - 1126.02 segundos
37: Ciclista 72 - 1081.74 segundos
38: Ciclista 59 - 1051.38 segundos
39: Ciclista 62 - 991.50 segundos
40: Ciclista 47 - 961.14 segundos
41: Ciclista 48 - 916.14 segundos
42: Ciclista 46 - 886.14 segundos
43: Ciclista 64 - 856.50 segundos
44: Ciclista 74 - 796.74 segundos
45: Ciclista 91 - 767.22 segundos
46: Ciclista 9 - 735.18 segundos
47: Ciclista 37 - 690.90 segundos
48: Ciclista 84 - 646.98 segundos
49: Ciclista 16 - 615.42 segundos
50: Ciclista 51 - 571.26 segundos
51: Ciclista 67 - 526.62 segundos
52: Ciclista 5 - 495.06 segundos
53: Ciclista 50 - 451.14 segundos
54: Ciclista 80 - 406.86 segundos
55: Ciclista 8 - 375.18 segundos
56: Ciclista 13 - 330.30 segundos
57: Ciclista 82 - 286.98 segundos
58: Ciclista 27 - 255.66 segundos
59: Ciclista 100 - 197.34 segundos
60: Ciclista 4 - 165.06 segundos
61: Ciclista 1 - 120.06 segundos
62: Ciclista 92 - 62.22 segundos

Ciclista 6 quebrou na volta 54 - 1065.12 segundos
Ciclista 7 quebrou na volta 30 - 630.12 segundos
Ciclista 15 quebrou na volta 30 - 600.24 segundos
Ciclista 18 quebrou na volta 42 - 840.36 segundos
Ciclista 20 quebrou na volta 18 - 360.36 segundos
Ciclista 21 quebrou na volta 36 - 720.48 segundos
Ciclista 23 quebrou na volta 42 - 795.48 segundos
Ciclista 24 quebrou na volta 24 - 495.48 segundos
Ciclista 26 quebrou na volta 42 - 840.60 segundos
Ciclista 28 quebrou na volta 6 - 120.60 segundos
Ciclista 30 quebrou na volta 12 - 270.60 segundos
Ciclista 31 quebrou na volta 18 - 390.72 segundos
Ciclista 32 quebrou na volta 18 - 390.72 segundos
Ciclista 35 quebrou na volta 54 - 1050.72 segundos
Ciclista 38 quebrou na volta 24 - 480.84 segundos
Ciclista 41 quebrou na volta 36 - 645.96 segundos
Ciclista 42 quebrou na volta 48 - 930.96 segundos
Ciclista 43 quebrou na volta 6 - 105.96 segundos
Ciclista 52 quebrou na volta 12 - 256.20 segundos
Ciclista 53 quebrou na volta 66 - 1321.20 segundos
Ciclista 56 quebrou na volta 78 - 1546.32 segundos
Ciclista 58 quebrou na volta 60 - 1141.32 segundos
Ciclista 63 quebrou na volta 72 - 1366.44 segundos
Ciclista 65 quebrou na volta 42 - 841.44 segundos
Ciclista 66 quebrou na volta 24 - 496.56 segundos
Ciclista 71 quebrou na volta 66 - 1336.68 segundos
Ciclista 75 quebrou na volta 24 - 451.68 segundos
Ciclista 78 quebrou na volta 36 - 691.80 segundos
Ciclista 79 quebrou na volta 18 - 346.80 segundos
Ciclista 81 quebrou na volta 66 - 1261.92 segundos
Ciclista 83 quebrou na volta 36 - 691.92 segundos
Ciclista 87 quebrou na volta 6 - 122.04 segundos
Ciclista 90 quebrou na volta 30 - 572.04 segundos
Ciclista 93 quebrou na volta 24 - 482.16 segundos
Ciclista 94 quebrou na volta 18 - 347.16 segundos
Ciclista 97 quebrou na volta 42 - 857.28 segundos
Ciclista 98 quebrou na volta 36 - 692.28 segundos
Ciclista 99 quebrou na volta 12 - 257.28 segundos
