Volta 1: 2 1 5 4 3 6 10 8 9 7 15 13 12 11 14 16 17 20 19 18 22 24 23 25 21 30 26 27 29 28 35 31 33 34 32 38 37 36 40 39 44 42 43 45 41 50 49 48 46 47 53 55 52 54 51 60 59 56 57 58 64 65 63 61 62 69 68 67 70 66 75 73 74 72 71 79 77 80 78 76 84 81 82 83 85 89 86 90 87 88 92 93 95 91 94 96 97 98 100 99
Volta 2: 4 3 2 1 5 7 9 8 11 15 13 12 16 20 17 18 19 24 22 25 23 28 29 30 26 33 34 32 31 38 36 40 43 44 41 45 42 46 47 50 49 48 54 53 52 55 56 58 57 59 64 61 62 65 67 69 70 66 72 71 73 74 77 76 79 80 81 82 86 88 87 90 89 93 92 95 98 99 100 97 6 10 14 21 27 35 39 37 51 60 63 68 75 78 83 85 84 91 94 96
Volta 3: 5 1 3 2 8 12 13 18 16 19 20 23 22 26 28 30 29 32 31 33 36 38 44 45 46 48 55 54 57 58 56 59 62 64 67 69 70 73 71 72 80 88 86 90 89 93 92 100 98 4 10 7 9 6 15 11 14 17 21 24 25 27 34 35 39 40 37 43 41 42 47 49 50 52 53 51 60 61 65 63 68 66 75 74 79 76 78 77 84 82 81 83 85 87 94 95 97 99 91
Volta 4: 1 3 8 13 12 18 20 16 22 30 26 31 32 38 45 44 46 58 64 62 67 69 70 71 72 80 90 88 93 92 100 2 4 5 9 6 7 15 11 17 19 25 23 24 29 28 33 35 34 40 36 43 42 41 49 48 47 54 55 53 52 60 57 56 59 61 63 65 68 66 75 74 73 77 76 78 83 81 85 87 89 86 95 94 99 98 10 14 21 27 39 37 50 51 79 82 84 97 91
Volta 5: 8 12 13 22 30 31 32 45 44 46 58 69 70 72 80 93 100 3 4 2 5 1 9 7 11 19 20 18 16 23 24 25 26 29 28 33 34 36 38 41 43 48 53 55 54 59 60 61 63 62 64 67 68 74 75 73 71 78 76 83 85 81 88 86 89 90 95 92 98 10 6 14 15 17 27 35 39 40 37 42 49 50 47 52 56 57 65 66 77 79 82 84 87 94 97 99 21 51
Volta 6: 12 13 22 45 46 93 2 5 1 8 7 11 18 16 19 20 24 25 26 30 28 32 31 34 38 41 44 43 48 54 59 62 64 70 68 67 69 72 74 71 78 80 85 83 89 90 88 95 92 100 4 3 6 15 14 17 23 29 27 33 35 37 42 47 49 55 53 56 57 60 63 61 65 73 75 77 84 82 81 86 94 99 98 10 40 39 50 51 52 66 79 87 97 21
Volta 7: 12 22 45 46 93 1 2 7 11 13 16 20 19 24 25 30 26 28 31 32 41 44 48 54 64 62 70 69 68 74 72 80 85 92 100 5 4 3 8 6 15 18 17 27 34 38 43 42 49 55 59 60 56 65 61 63 67 73 75 71 77 78 83 82 81 88 86 89 90 95 98 10 14 23 29 35 33 37 40 39 47 50 53 51 57 79 84 94 97 99 52 66 87
Volta 8: 45 93 1 11 13 12 20 16 25 24 22 26 30 31 32 44 48 46 64 62 80 92 100 4 3 2 5 6 8 7 18 19 17 28 27 34 43 41 49 54 59 65 63 69 67 68 70 74 71 72 78 83 82 85 81 89 86 90 88 95 98 10 15 23 29 35 33 37 38 40 39 42 50 47 55 53 60 56 57 61 75 73 79 77 84 94 99 97 14 51 52 66 87
Volta 9: 45 93 20 24 25 22 26 30 31 46 48 64 92 100 1 3 5 2 7 13 11 12 16 18 28 27 34 32 44 43 54 59 62 63 70 67 69 74 80 82 81 83 90 89 88 86 95 98 4 6 8 10 17 19 23 29 35 33 37 39 41 42 49 56 57 60 65 61 68 72 75 71 78 77 79 85 94 97 15 14 38 40 47 50 51 55 53 66 73 84 99 52
Volta 10: 20 22 25 24 30 31 45 48 64 93 92 100 5 3 1 7 11 12 18 27 26 32 44 46 59 62 69 67 74 82 81 88 90 98 4 2 10 6 8 13 16 19 23 28 34 37 41 43 54 57 60 63 70 68 75 71 80 78 79 83 89 86 95 97 14 15 17 29 35 33 40 38 39 42 50 49 53 56 65 61 73 72 77 85 94 99 47 52 55 51 66 84
Volta 11: 20 25 22 24 31 45 48 64 92 93 5 7 12 30 26 32 62 69 74 81 90 88 100 3 1 4 6 10 11 19 18 16 23 27 28 34 43 44 46 59 60 57 63 68 67 70 71 80 78 82 83 86 89 95 97 98 2 8 15 14 13 17 35 33 37 40 41 42 53 54 61 73 75 77 79 85 94 99 29 39 38 49 50 47 51 56 65 66 72 52 55
Volta 12: 22 25 31 48 92 93 5 12 24 32 45 64 62 69 74 81 88 90 3 1 6 7 10 11 16 18 27 26 28 44 46 57 59 60 68 67 70 78 80 83 82 95 98 100 2 4 15 13 19 17 23 34 35 40 37 43 41 54 63 73 75 71 79 77 85 89 86 94 97 8 14 29 33 38 39 42 49 50 51 53 65 66 72 99 47 56
Volta 13: 25 31 48 93 5 12 22 24 45 64 69 90 88 92 3 10 11 16 26 27 32 46 59 60 62 67 74 78 80 81 82 2 4 1 7 6 15 13 18 17 19 23 28 34 40 37 44 41 43 54 57 70 68 75 79 83 85 86 89 95 100 98 97 8 29 33 35 38 42 49 50 53 65 63 66 72 71 73 77 94 99 14 39 47 51
Volta 14: 25 48 5 12 24 31 45 69 88 93 10 11 16 22 26 27 62 64 74 80 81 82 90 92 3 2 1 7 6 13 15 18 17 28 34 32 37 44 43 41 46 54 59 60 70 67 68 75 78 79 85 83 95 98 100 4 19 23 29 35 40 38 49 57 63 66 73 72 77 86 89 94 99 97 8 14 33 39 42 47 50 53 51 65 71
Volta 15: 5 12 25 31 45 48 93 11 22 24 27 26 64 62 69 74 80 88 90 3 7 6 10 17 16 34 32 44 46 54 60 59 67 70 75 79 78 81 83 82 92 95 98 1 2 4 13 15 18 19 23 29 28 40 37 41 43 49 63 66 68 73 77 85 89 86 94 99 100 97 8 14 35 33 38 39 42 47 50 53 51 57 65 72
Volta 16: 5 45 48 12 24 22 25 26 31 62 64 69 74 80 88 93 3 6 10 11 16 17 27 34 59 67 78 81 83 82 90 92 95 98 2 1 7 13 15 19 18 23 28 32 40 37 41 44 43 49 46 54 60 63 68 70 73 75 79 77 85 89 97 99 4 8 29 35 33 38 47 57 65 66 72 86 94 100 14 39 42 50 51 53
Volta 17: 5 45 12 22 24 31 48 62 64 69 93 10 11 17 16 25 26 27 34 59 74 80 83 88 90 92 98 1 3 7 6 13 18 19 23 32 40 41 44 54 60 70 68 67 75 73 79 78 77 82 81 95 99 2 4 15 28 33 35 37 43 47 46 49 57 63 66 72 85 89 86 94 97 8 14 29 38 39 50 65 100 42 51
Volta 18: 5 12 24 31 45 64 69 17 16 25 22 26 34 48 59 62 74 80 83 93 98 1 10 6 11 13 18 19 23 27 32 54 60 67 75 78 77 81 82 90 88 95 99 3 4 2 7 15 28 40 37 41 43 47 46 57 63 70 66 68 72 79 85 86 94 97 8 29 35 33 39 38 50 65 89 100 14 42 51
Volta 19: 5 12 24 31 45 69 17 16 25 34 64 62 74 80 83 93 98 1 10 6 13 11 18 22 23 26 27 32 48 54 59 75 82 81 88 90 95 99 3 2 7 19 28 37 40 47 46 60 66 67 70 68 78 79 77 86 94 4 8 15 29 35 43 41 57 63 72 85 89 100 97 14 33 39 38 42 50 65
Volta 20: 5 24 31 12 17 16 34 45 62 69 80 93 10 6 11 18 25 23 22 27 32 48 59 64 74 75 81 82 83 90 95 98 99 1 13 19 26 47 46 54 60 67 70 66 68 78 86 88 3 2 4 7 8 15 29 28 40 37 41 57 63 77 79 85 89 94 100 97 14 35 39 38 42 43 50 65 72 33
Volta 21: 5 31 12 17 24 45 62 69 80 93 6 11 16 18 25 34 32 64 75 82 90 95 98 10 19 22 23 27 26 47 48 46 54 59 70 74 78 81 83 99 4 1 3 2 7 15 13 29 28 37 60 63 68 66 67 79 77 89 86 88 94 97 8 14 35 38 40 39 43 41 42 50 57 65 72 85 100
Volta 22: 5 12 17 24 31 62 80 93 6 11 16 32 34 45 69 75 82 90 95 10 19 18 25 23 22 26 27 47 48 64 70 74 83 98 4 2 7 15 13 28 37 46 54 60 59 67 66 68 77 78 79 81 89 86 99 3 1 8 14 29 35 38 40 43 41 57 63 72 85 88 94 100 97 39 42 50 65
Volta 23: 5 12 17 24 31 62 93 6 11 16 34 45 69 75 80 82 10 23 25 22 26 27 32 64 70 74 90 95 98 2 15 13 18 19 47 48 46 59 60 68 67 79 78 81 83 89 99 3 1 4 8 7 14 28 29 38 37 43 41 54 66 72 77 85 88 86 100 97 35 39 40 57 63 94 42 50
Volta 24: 5 12 31 62 11 24 34 45 75 82 93 10 6 16 23 27 32 69 74 90 95 98 18 25 22 46 47 48 59 60 64 70 78 83 99 2 3 1 8 7 14 13 29 28 37 38 54 66 68 72 79 85 81 88 86 89 97 35 41 43 57 63 77 94 100 39 40 42 50
Volta 25: 5 12 62 24 31 34 45 75 82 6 11 16 23 32 74 90 95 93 98 10 18 25 27 47 48 46 60 64 70 69 78 83 99 1 2 7 8 13 22 29 37 38 54 59 79 85 88 3 14 28 35 43 41 57 63 66 68 72 81 89 86 94 100 97 40 39 77 42
Volta 26: 12 5 24 31 34 45 62 82 6 11 75 90 93 10 18 16 25 23 27 32 47 64 74 83 95 99 98 1 2 22 29 48 46 60 70 69 78 79 85 88 3 8 7 14 13 28 38 37 43 54 59 57 68 72 81 86 97 35 40 41 63 66 77 89 94 100 39 42
Volta 27: 12 31 34 45 82 5 11 24 62 6 16 18 25 23 32 47 75 90 93 98 1 10 22 27 29 46 48 60 64 74 78 83 85 95 99 2 3 7 13 14 28 37 38 43 54 57 69 68 70 72 79 88 86 8 40 41 59 63 66 81 89 94 100 97 35 39 77
Volta 28: 12 31 45 5 11 24 34 62 82 6 23 25 32 75 90 93 10 18 16 22 27 29 46 47 48 60 74 83 85 95 98 3 2 1 7 14 28 37 54 57 64 69 72 79 78 88 99 8 13 38 40 43 63 68 70 81 86 89 94 97 35 41 59 66 77 100 39
Volta 29: 12 31 11 24 45 62 82 5 6 25 23 34 32 93 10 16 22 27 46 47 48 74 75 85 90 95 98 1 3 2 14 18 28 29 37 54 60 69 72 78 83 99 7 8 40 38 57 64 70 68 79 81 88 89 86 94 13 35 43 59 63 66 77 100 97 41
Volta 30: 12 24 31 45 62 11 23 34 82 93 5 6 10 16 25 22 32 47 46 48 74 75 85 90 95 98 1 3 18 28 27 29 37 54 60 69 72 83 99 2 7 8 14 38 40 64 68 78 79 89 94 13 43 59 57 63 70 77 81 88 86 41 66 97 100
Volta 31: 12 31 62 11 23 24 34 45 82 93 5 10 16 25 32 46 74 75 85 90 98 1 6 22 27 37 48 47 54 60 69 95 2 3 14 18 28 29 40 38 72 78 79 83 89 99 8 7 43 57 64 68 88 86 94 13 59 63 70 66 77 81 97 41
Volta 32: 12 11 23 24 31 62 82 93 10 25 34 32 45 46 74 85 90 1 5 16 27 37 48 47 60 69 75 95 98 3 6 14 18 22 38 40 54 72 83 99 2 8 7 29 28 57 64 68 78 79 88 86 89 43 59 63 70 66 81 94 97 13 41 77
Volta 33: 12 11 23 31 62 82 93 10 25 24 32 34 45 46 85 90 5 1 16 37 47 60 75 74 95 3 6 14 18 22 27 48 54 69 72 99 98 2 29 28 38 40 57 64 68 78 79 83 86 89 7 8 63 66 81 88 94 97 13 41 43 59 70
Volta 34: 12 11 23 31 62 82 93 10 25 24 32 34 45 46 85 16 47 75 74 90 95 5 1 14 18 22 27 37 48 60 69 72 98 99 2 3 6 28 40 54 68 78 83 89 86 8 7 29 38 57 64 79 81 88 94 97 13 43 59 63 70 66 41
Volta 35: 12 11 23 62 82 25 24 34 31 45 46 93 10 32 75 85 90 95 1 14 16 27 37 48 47 60 69 74 72 99 98 3 5 6 18 22 54 78 83 89 86 2 7 29 28 40 57 64 68 81 88 8 38 43 59 63 66 79 94 97 13 70
Volta 36: 12 23 11 25 24 34 31 45 46 62 82 93 85 90 1 10 16 32 48 47 69 72 74 75 95 98 3 5 14 22 27 37 54 60 78 83 89 99 2 7 18 28 29 40 57 68 81 86 88 59 64 66 79 97 8 13 38 43 94 70
Volta 37: 12 23 24 34 45 62 82 11 25 31 46 93 1 10 32 47 69 75 72 85 90 98 5 3 14 16 27 37 48 54 60 74 78 95 99 2 22 28 29 57 68 83 81 86 89 7 18 40 64 66 79 88 38 43 59 94 97 8 13
Volta 38: 12 23 24 11 34 31 45 46 62 82 1 10 25 32 47 69 75 85 90 93 3 14 16 37 48 54 74 72 78 95 98 2 5 22 27 29 28 57 60 68 89 99 7 18 40 64 83 81 86 88 43 59 66 79 94 8 13 38 97
Volta 39: 12 23 24 11 34 45 46 62 82 1 25 31 32 47 3 10 14 16 69 75 74 72 78 85 90 93 95 98 5 27 29 37 48 54 60 57 89 99 2 7 22 28 68 83 88 86 18 40 43 59 64 66 79 81 8 13 38 94
Volta 40: 12 23 24 11 45 46 62 25 31 34 82 3 1 10 14 16 32 47 74 72 75 85 90 93 5 27 37 48 54 60 57 69 78 89 95 99 98 2 7 22 29 68 88 18 28 40 64 66 79 83 86 13 38 43 59 81 94 8
Volta 41: 12 24 23 46 62 11 34 31 45 82 3 1 10 14 16 25 32 47 74 72 75 5 27 37 48 54 57 69 78 85 90 89 93 95 98 2 29 60 88 99 7 18 22 28 40 68 66 79 83 86 43 59 64 94 13 38 81
Volta 42: 12 24 23 46 11 31 62 82 3 10 16 25 34 45 72 1 14 32 37 48 47 74 75 85 90 93 98 5 27 54 60 57 69 78 95 99 2 18 22 29 28 40 68 66 83 86 88 7 64 79 13 38 43 59 81 94
Volta 43: 12 23 24 31 46 62 82 3 10 11 16 45 72 1 14 25 34 37 48 47 75 93 98 5 27 32 54 60 57 74 78 85 90 95 2 18 22 28 29 40 69 88 86 99 68 66 79 83 7 38 59 64 81 13 43
Volta 44: 12 23 24 31 46 82 10 11 16 45 62 72 3 1 25 34 47 93 98 14 32 37 48 54 57 60 74 75 78 95 5 18 22 27 69 85 90 88 86 99 2 29 28 40 66 79 83 64 68 81 7 38 59 13 43
Volta 45: 12 23 24 31 46 82 10 11 16 45 62 72 3 34 93 1 14 25 48 47 57 60 75 74 95 98 5 18 32 37 54 78 85 88 86 90 99 22 27 29 28 40 66 69 79 2 64 68 83 7 38 59 81 13
Volta 46: 24 12 23 31 46 82 10 16 45 11 34 62 72 1 3 25 47 48 57 60 75 74 95 93 98 14 32 37 54 78 85 88 86 99 5 18 22 28 29 27 69 66 79 90 2 40 83 7 38 64 68 81 59 13
Volta 47: 24 12 23 31 46 82 16 45 10 11 62 72 1 3 25 34 47 57 74 75 95 98 14 32 48 54 60 85 88 86 93 18 22 28 37 69 66 78 99 5 2 27 29 40 79 83 90 68 81 7 38 59 64
Volta 48: 24 12 23 31 46 82 16 10 11 45 62 72 3 25 34 47 74 75 95 98 14 48 57 60 88 93 18 22 32 37 54 66 69 78 85 86 99 5 28 27 29 40 79 90 2 83 81 7 59 64 68 38
Volta 49: 24 12 23 46 82 16 31 10 11 62 72 3 25 34 45 75 74 98 14 47 60 57 88 95 93 18 32 37 48 54 66 69 78 85 86 5 22 28 29 27 40 79 90 99 2 83 64 68 81 7 59
Volta 50: 24 12 16 23 31 46 82 11 62 10 25 34 45 72 74 75 98 3 14 47 57 60 95 93 18 37 48 54 78 85 86 88 5 22 29 28 32 66 69 79 99 2 27 40 90 64 83 81 7 59 68
Volta 51: 24 12 16 31 46 82 11 23 62 10 25 34 45 72 3 14 47 57 74 75 93 98 48 54 60 78 85 86 88 95 5 18 29 32 37 69 79 99 2 22 28 66 90 27 40 64 81 59 83 7
Volta 52: 24 16 31 82 12 11 23 46 10 62 3 14 25 34 45 47 57 72 74 93 98 54 60 75 78 85 86 95 18 37 48 69 88 99 5 2 22 29 28 32 66 79 40 64 90 27 59 81 7 83
Volta 53: 24 16 31 82 12 46 11 23 62 3 10 25 34 45 57 72 74 93 14 47 54 75 85 95 98 48 60 78 86 88 5 2 18 22 29 28 32 37 66 69 99 40 79 90 59 64 27 81 7
Volta 54: 24 12 16 31 46 82 23 10 11 34 57 62 72 93 3 14 25 54 74 75 85 98 47 48 78 88 86 95 5 2 18 29 37 60 66 69 22 28 32 40 79 90 99 59 27 64 81 7
Volta 55: 24 46 82 12 16 23 31 11 34 62 3 10 25 54 57 74 75 72 93 98 14 48 85 86 95 2 5 18 29 37 47 60 69 66 78 88 22 28 90 99 32 40 79 27 59 64 81
Volta 56: 24 46 12 16 23 31 82 62 3 10 11 25 34 54 57 75 93 98 14 74 72 85 86 2 18 29 37 47 48 60 66 78 88 95 5 22 69 90 99 28 32 40 79 27 59 64 81
Volta 57: 24 12 23 46 82 16 31 62 10 11 34 54 98 3 25 57 75 72 74 93 14 18 29 37 47 48 60 66 85 88 86 95 5 2 69 78 22 28 90 99 27 32 40 59 64 79
Volta 58: 24 46 82 12 16 23 31 62 34 54 98 3 10 11 57 93 18 25 29 37 48 60 72 74 75 88 86 95 5 14 47 66 78 85 2 22 28 69 90 99 40 64 79 27 32 59
Volta 59: 24 82 12 23 46 16 34 31 62 98 3 10 11 54 18 25 29 57 72 75 74 86 88 93 95 14 37 48 47 60 78 85 5 2 22 69 66 99 28 40 79 90 27 32 64
Volta 60: 82 12 16 31 62 98 3 10 34 54 11 25 29 57 74 86 95 14 18 48 47 60 72 75 85 88 93 5 37 66 78 2 22 40 69 79 99 28 32 90 27 64
Volta 61: 82 12 16 31 62 98 10 54 3 11 34 57 86 18 25 29 47 48 60 75 74 88 95 5 14 37 66 72 78 85 93 2 69 79 99 22 28 40 90 32 27
Volta 62: 82 12 16 31 62 54 98 3 10 11 34 57 86 25 29 60 74 75 95 5 14 18 37 47 48 66 72 85 88 93 2 69 78 99 22 79 90 28 32 40 27
Volta 63: 82 12 16 31 62 98 3 10 11 34 54 57 86 29 60 75 74 95 5 18 25 48 47 72 88 14 37 66 69 78 85 93 99 2 22 79 28 32 40 90
Volta 64: 82 12 16 31 62 3 10 34 54 98 11 57 75 86 95 18 25 29 47 48 60 72 74 88 5 37 66 69 85 93 99 2 14 22 78 28 40 79 90 32
Volta 65: 82 12 16 31 62 3 34 54 10 11 75 86 95 98 29 47 60 57 72 74 5 18 25 37 48 69 88 2 22 66 78 85 93 99 14 40 28 79 90
Volta 66: 82 12 31 62 3 16 54 75 86 10 11 29 47 57 74 95 98 25 48 69 72 88 2 5 18 22 37 66 78 85 93 14 40 99 28 79 90
Volta 67: 82 12 62 3 16 31 54 75 86 10 57 74 98 11 29 47 48 69 72 88 95 2 5 22 25 66 14 18 37 78 85 93 99 28 40 79
Volta 68: 82 12 62 16 31 3 54 75 10 57 86 98 11 29 47 69 72 74 88 95 2 5 25 48 18 22 66 78 93 99 14 28 37 85 40 79
Volta 69: 82 12 62 31 3 16 54 57 75 86 98 10 69 74 72 95 2 11 25 29 48 47 88 5 18 22 78 93 14 37 66 85 99 28 40
Volta 70: 82 12 31 62 3 16 54 75 86 98 10 57 69 74 2 11 25 29 47 72 88 95 5 18 48 78 22 37 85 93 99 14 28 66 40
Volta 71: 82 12 31 62 3 16 54 75 10 57 69 86 98 2 11 25 29 47 72 74 95 18 78 88 5 22 37 48 85 93 99 14 28 66
Volta 72: 82 12 31 62 3 54 16 69 75 86 2 10 29 57 72 95 98 11 18 47 74 78 88 5 22 37 99 14 28 48 85 93 66
Volta 73: 82 12 31 54 62 3 16 75 86 10 57 69 95 98 2 11 18 29 47 74 72 78 88 5 37 99 22 48 85 93 14 28
Volta 74: 82 12 31 54 62 3 16 75 86 10 2 11 29 47 57 69 72 78 88 95 98 5 18 37 74 22 85 99 14 28 48 93
Volta 75: 82 12 31 62 3 16 54 86 75 10 11 29 47 57 69 72 78 95 98 2 18 37 74 88 5 22 85 99 14 28 48
Volta 76: 82 12 31 62 3 16 54 86 75 10 11 29 47 57 72 98 2 69 74 78 88 95 5 18 22 37 85 99 14 48 28
Volta 77: 82 12 31 3 54 62 86 16 10 47 75 2 11 29 57 74 72 78 88 95 98 5 22 37 69 99 14 18 48 85
Volta 78: 82 12 3 31 54 62 86 16 10 47 2 29 57 72 75 78 95 98 11 37 69 99 5 18 22 48 85 14
Volta 79: 82 12 3 31 86 54 62 10 16 2 29 47 75 72 78 95 37 57 69 98 5 11 18 22 48 85 99
Volta 80: 82 12 3 31 62 86 10 16 54 2 47 75 72 78 29 37 57 95 98 5 11 22 48 69 18 85 99
Volta 81: 82 12 3 31 62 10 16 54 86 2 47 75 78 37 57 72 98 5 11 29 69 95 18 22 48 85
Volta 82: 82 12 3 31 62 10 54 86 16 2 37 47 57 72 75 78 98 5 11 29 95 18 22 48 69 85
Volta 83: 82 12 3 31 62 10 54 16 86 2 47 57 72 75 78 98 5 37 95 11 18 22 29 69 48
Volta 84: 82 12 31 62 3 10 2 16 47 72 78 37 57 75 95 98 5 11 18 22 29 48 69
Volta 85: 82 12 62 3 10 31 2 16 72 78 37 47 57 75 98 22 95 5 11 18 29 48
Volta 86: 82 12 31 62 3 10 16 72 78 2 47 57 75 37 98 5 11 22 29 95 18 48
Volta 87: 82 12 31 62 3 10 72 2 16 75 78 47 57 98 5 11 22 29 37 95 18
Volta 88: 82 12 62 31 3 10 2 16 75 72 78 47 57 98 29 37 95 5 11 22 18
Volta 89: 82 12 31 62 3 10 72 75 78 2 16 57 98 29 37 47 5 11 22 95
Volta 90: 82 12 31 62 3 10 72 2 16 57 75 78 98 47 5 11 29 37 95 22
Volta 91: 82 12 31 62 3 10 72 16 75 78 98 2 47 57 5 11 29 37 95
Volta 92: 82 12 31 62 10 3 75 72 78 2 16 98 5 11 29 47 57 37 95
Volta 93: 82 12 31 10 62 3 72 75 16 78 98 5 2 11 29 47 57 37
Volta 94: 82 10 12 31 3 62 72 75 5 2 16 47 57 78 98 11 29 37
Volta 95: 82 10 12 31 3 62 72 75 2 5 16 78 98 11 47 57 29
Volta 96: 82 10 31 12 3 62 72 75 2 5 16 47 78 29
Volta 97: 82 31 10 3 12 62 16 72 75 2 5 78 47
Volta 98: 82 31 10 3 12 62 72 75 5 2 16 47 78
Volta 99: 82 31 10 12 62 3 75 5 2 16 72 47
Volta 100: 82 31 10 12 3 62 5 2 16 75 72 47
Volta 101: 82 31 10 12 62 5 3 2 75 72 16
Volta 102: 82 31 10 12 62 2 5 72 3 16
Volta 103: 82 10 12 31 62 5 2 3 72
Volta 104: 82 12 31 62 5 10 2 3 72
Volta 105: 82 12 31 62 10 2 5 3
Volta 106: 82 12 31 62 2 5 10 3
Volta 107: 82 12 31 62 5 2 10
Volta 108: 82 31 5 62 2 10
Volta 109: 82 31 62 5 2
Volta 110: 82 31 62 2 5
Volta 111: 82 31 62 2
Volta 112: 82 31 62 2
Volta 113: 82 62 31
Volta 114: 82 62 31
Volta 115: 82 62
Volta 116: 82 62

Ranqueamento Final:
1: Ciclista 62 - 22351.50 segundos
2: Ciclista 31 - 22050.78 segundos
3: Ciclista 2 - 21750.06 segundos
4: Ciclista 82 - 21601.98 segundos
5: Ciclista 5 - 21450.06 segundos
6: Ciclista 10 - 21000.18 segundos
7: Ciclista 3 - 20700.06 segundos
8: Ciclista 72 - 20251.74 segundos
9: Ciclista 16 - 20100.42 segundos
10: Ciclista 47 - 19651.14 segundos
11: Ciclista 78 - 19351.86 segundos
12: Ciclista 29 - 19050.66 segundos
13: Ciclista 37 - 18600.90 segundos
14: Ciclista 95 - 18302.22 segundos
15: Ciclista 22 - 18000.54 segundos
16: Ciclista 18 - 17700.42 segundos
17: Ciclista 48 - 17251.14 segundos
18: Ciclista 69 - 16801.62 segundos
19: Ciclista 85 - 16351.98 segundos
20: Ciclista 99 - 16052.34 segundos
21: Ciclista 14 - 15750.30 segundos
22: Ciclista 28 - 15450.66 segundos
23: Ciclista 93 - 15002.22 segundos
24: Ciclista 66 - 14701.62 segundos
25: Ciclista 40 - 14400.90 segundos
26: Ciclista 79 - 13951.86 segundos
27: Ciclista 90 - 13502.10 segundos
28: Ciclista 32 - 13200.78 segundos
29: Ciclista 27 - 12900.66 segundos
30: Ciclista 64 - 12451.50 segundos
31: Ciclista 59 - 12001.38 segundos
32: Ciclista 81 - 11701.98 segundos
33: Ciclista 7 - 11400.18 segundos
34: Ciclista 83 - 10951.98 segundos
35: Ciclista 68 - 10501.62 segundos
36: Ciclista 38 - 10200.90 segundos
37: Ciclista 13 - 10050.30 segundos
38: Ciclista 43 - 9451.02 segundos
39: Ciclista 94 - 8852.22 segundos
40: Ciclista 8 - 8550.18 segundos
41: Ciclista 97 - 8102.34 segundos
42: Ciclista 70 - 7801.62 segundos
43: Ciclista 41 - 7351.02 segundos
44: Ciclista 77 - 6901.86 segundos
45: Ciclista 100 - 6452.34 segundos
46: Ciclista 39 - 6150.90 segundos
47: Ciclista 42 - 5851.02 segundos
48: Ciclista 50 - 5251.14 segundos
49: Ciclista 65 - 4801.50 segundos
50: Ciclista 33 - 4500.78 segundos
51: Ciclista 51 - 4051.26 segundos
52: Ciclista 53 - 3601.26 segundos
53: Ciclista 71 - 3151.74 segundos
54: Ciclista 56 - 2851.38 segundos
55: Ciclista 84 - 2401.98 segundos
56: Ciclista 87 - 1952.10 segundos
57: Ciclista 21 - 1650.54 segundos
58: Ciclista 91 - 1202.22 segundos
59: Ciclista 96 - 602.34 segundos

Ciclista 1 quebrou na volta 48 - 9450.00 segundos
Ciclista 4 quebrou na volta 24 - 5100.00 segundos
Ciclista 6 quebrou na volta 36 - 7350.12 segundos
Ciclista 9 quebrou na volta 6 - 1350.12 segundos
Ciclista 11 quebrou na volta 96 - 19050.24 segundos
Ciclista 12 quebrou na volta 108 - 20700.24 segundos
Ciclista 15 quebrou na volta 24 - 4800.24 segundos
Ciclista 17 quebrou na volta 24 - 4500.36 segundos
Ciclista 19 quebrou na volta 24 - 4950.36 segundos
Ciclista 20 quebrou na volta 12 - 2250.36 segundos
Ciclista 23 quebrou na volta 60 - 11400.48 segundos
Ciclista 24 quebrou na volta 60 - 11100.48 segundos
Ciclista 25 quebrou na volta 72 - 14100.48 segundos
Ciclista 26 quebrou na volta 24 - 4650.60 segundos
Ciclista 30 quebrou na volta 12 - 2250.60 segundos
Ciclista 34 quebrou na volta 66 - 12600.72 segundos
Ciclista 35 quebrou na volta 30 - 6450.72 segundos
Ciclista 36 quebrou na volta 6 - 1200.84 segundos
Ciclista 44 quebrou na volta 18 - 3750.96 segundos
Ciclista 45 quebrou na volta 54 - 10350.96 segundos
Ciclista 46 quebrou na volta 60 - 11401.08 segundos
Ciclista 49 quebrou na volta 18 - 3901.08 segundos
Ciclista 52 quebrou na volta 12 - 2851.20 segundos
Ciclista 54 quebrou na volta 84 - 16051.20 segundos
Ciclista 55 quebrou na volta 12 - 2851.20 segundos
Ciclista 57 quebrou na volta 96 - 18901.32 segundos
Ciclista 58 quebrou na volta 6 - 1051.32 segundos
Ciclista 60 quebrou na volta 66 - 12901.32 segundos
Ciclista 61 quebrou na volta 12 - 2701.44 segundos
Ciclista 63 quebrou na volta 36 - 7651.44 segundos
Ciclista 67 quebrou na volta 24 - 4801.56 segundos
Ciclista 73 quebrou na volta 18 - 3751.68 segundos
Ciclista 74 quebrou na volta 78 - 15301.68 segundos
Ciclista 75 quebrou na volta 102 - 19951.68 segundos
Ciclista 76 quebrou na volta 6 - 1201.80 segundos
Ciclista 80 quebrou na volta 24 - 4501.80 segundos
Ciclista 86 quebrou na volta 84 - 16352.04 segundos
Ciclista 88 quebrou na volta 78 - 15452.04 segundos
Ciclista 89 quebrou na volta 42 - 8402.04 segundos
Ciclista 92 quebrou na volta 18 - 3452.16 segundos
Ciclista 98 quebrou na volta 96 - 18752.28 segundos
