Volta 1: 2 3 4 5 1 8 6 7 10 9 15 12 11 14 13 17 18 19 20 16 22 21 25 23 24 26 30 28 27 29 33 35 34 31 32 40 36 39 38 37 41 45 42 44 43 47 49 48 46 50 51 52 53 54 55 57 58 56 60 59 62 61 63 65 64 67 68 70 69 66 75 73 74 71 72 80 76 77 78 79 83 82 84 81 85 90 89 87 88 86 94 92 93 95 91 98 99 97 96 100
Volta 2: 1 4 2 5 8 9 6 7 13 11 20 16 17 18 19 21 25 28 26 29 30 34 33 31 35 36 38 37 45 44 43 41 46 50 48 49 47 53 52 54 51 55 57 56 59 60 62 64 63 61 65 67 69 66 68 72 75 71 80 79 78 85 83 84 81 88 92 94 93 95 91 98 97 96 100 99 3 10 15 14 12 22 23 24 27 32 40 39 42 58 70 73 74 77 76 82 86 90 89 87
Volta 3: 2 1 9 7 8 6 13 20 18 17 25 30 29 35 38 36 45 41 46 52 55 54 60 56 57 63 62 66 67 75 80 79 83 85 81 88 94 91 92 93 99 98 96 100 5 3 4 10 12 15 11 16 19 24 23 21 22 28 27 26 31 32 33 34 37 39 40 43 42 44 49 48 50 47 51 53 58 59 61 64 65 69 68 70 72 71 77 78 76 82 84 90 86 95 97 14 74 73 89
Volta 4: 1 9 8 18 20 30 29 35 36 41 56 57 63 67 66 75 80 79 81 83 85 88 94 91 92 100 98 4 5 2 7 6 10 12 15 13 17 19 21 25 24 22 27 26 28 32 34 33 39 38 40 45 42 43 44 49 47 48 50 46 55 54 52 53 59 60 58 64 62 69 68 71 72 78 77 76 84 82 86 93 96 99 3 11 14 16 23 31 37 51 61 65 70 73 90 95 97 74 89
Volta 5: 1 18 30 35 41 57 66 80 79 88 92 94 98 5 2 8 10 6 9 7 12 13 15 17 20 19 25 21 24 29 26 27 33 34 36 39 38 44 45 43 46 47 49 50 55 54 52 53 59 58 56 62 63 69 67 71 72 75 77 76 84 85 83 81 93 91 99 100 4 14 16 22 23 28 31 32 37 40 42 48 51 60 65 64 70 68 73 78 82 90 86 95 97 96 3 11 61 74
Volta 6: 1 18 30 35 57 66 88 98 5 9 6 7 8 13 21 25 24 29 34 39 36 45 44 43 49 50 52 55 56 63 67 69 75 80 79 76 85 81 83 92 91 94 99 100 4 2 10 15 14 12 19 16 17 20 22 23 27 26 28 32 33 38 40 42 47 46 54 53 51 58 65 62 64 73 72 71 78 77 82 84 90 86 3 11 31 37 48 60 61 70 68 74 95 97 96
Volta 7: 1 18 30 66 88 98 5 8 7 13 21 29 35 34 43 45 44 56 57 63 67 69 76 80 79 81 83 85 92 94 91 100 99 2 4 10 6 9 15 12 14 17 20 16 19 22 24 25 28 27 32 33 36 39 38 47 46 49 50 52 55 53 58 62 75 71 78 77 84 90 23 26 31 40 42 48 51 54 60 65 64 70 73 72 82 86 95 97 3 11 37 61 68 74
Volta 8: 18 30 98 1 7 8 13 21 29 35 44 56 63 66 67 69 76 79 85 88 5 2 4 6 10 14 12 20 17 16 24 22 32 34 39 38 43 45 50 49 47 52 55 53 57 58 62 75 77 80 83 81 90 92 94 91 99 100 9 15 19 23 25 28 26 27 33 31 36 42 46 51 54 60 64 65 70 73 71 72 78 82 84 86 95 97 3 11 40 37 48 61 68 74
Volta 9: 18 30 98 1 8 13 21 29 56 63 67 66 76 79 85 88 5 2 4 7 14 20 16 22 35 34 38 45 44 43 47 49 57 69 75 77 83 81 90 94 91 92 100 99 6 9 10 12 15 17 19 24 23 27 31 32 39 36 46 50 52 54 51 55 53 58 64 62 65 70 71 73 80 78 84 86 95 3 11 25 28 26 33 40 42 48 60 68 72 82 97 37 61
Volta 10: 18 98 13 21 30 56 67 85 88 5 2 1 4 8 14 22 29 34 35 44 43 57 63 66 69 75 76 79 81 83 90 91 92 94 10 9 7 15 17 16 20 24 27 32 31 38 39 45 49 50 47 51 52 55 54 53 58 62 65 64 80 78 77 95 100 99 3 6 12 19 23 28 36 42 46 48 60 70 71 73 72 82 84 86 11 25 26 33 40 37 61 68 97
Volta 11: 18 98 13 30 56 85 1 2 8 14 21 29 43 44 57 63 66 67 75 76 79 83 81 88 90 92 94 91 5 4 7 9 15 17 20 16 24 22 35 34 31 38 45 49 50 47 53 55 52 58 64 62 69 77 80 99 100 6 10 19 23 27 28 32 36 39 42 46 48 51 54 60 65 70 73 72 71 78 82 86 95 3 12 11 25 33 40 61 68 84 26 37
Volta 12: 18 13 30 85 98 1 14 21 29 44 43 56 66 75 79 81 90 88 94 91 5 2 8 15 16 24 31 35 34 38 45 50 52 57 62 63 69 76 92 99 6 9 10 19 17 23 28 32 42 49 48 51 54 53 55 58 64 65 72 77 80 95 100 3 11 12 27 40 36 39 46 60 70 68 73 71 78 82 86 25 33 37 61 84
Volta 13: 13 18 85 30 29 44 56 66 79 81 88 94 91 98 1 2 15 14 16 21 31 45 43 57 62 69 75 76 90 92 5 9 10 8 17 24 28 34 35 38 42 50 48 49 55 52 58 63 64 65 77 80 100 99 3 6 12 19 23 27 32 40 39 36 46 53 54 51 60 68 71 73 72 82 86 95 11 25 33 37 61 70 78
Volta 14: 13 85 18 30 29 79 81 94 91 98 2 1 14 16 21 43 44 45 56 57 66 75 76 88 90 5 8 15 24 35 34 31 38 42 50 52 63 65 62 69 77 80 92 100 99 3 10 9 17 19 23 27 28 40 48 49 46 55 51 54 60 58 64 68 72 73 82 86 6 11 12 32 37 36 39 53 61 70 71 78 95 25 33
Volta 15: 85 13 18 81 94 1 14 16 29 30 45 43 56 57 66 79 90 88 91 98 2 8 15 21 31 35 34 38 42 44 52 63 62 65 69 75 76 77 92 99 100 5 10 9 17 19 23 24 28 40 49 48 50 51 55 58 68 73 72 80 3 6 12 27 39 46 54 53 60 64 71 78 82 86 95 11 25 32 36 37 61 70
Volta 16: 13 81 85 94 14 18 16 29 45 57 56 66 79 90 91 98 1 2 8 15 21 30 35 31 43 62 63 69 75 76 77 88 99 100 5 9 10 19 17 34 38 40 44 42 48 50 51 52 58 65 68 72 80 92 3 24 23 28 27 39 46 49 55 54 60 64 73 71 78 82 86 6 12 11 25 32 36 53 61 70 95 37
Volta 17: 81 85 94 13 18 29 45 57 56 79 90 91 98 1 2 8 14 16 30 35 31 43 63 62 66 75 77 76 88 99 100 5 9 10 15 17 19 21 34 38 40 42 44 50 48 51 52 65 68 69 72 80 92 28 27 46 49 54 55 60 58 64 73 71 78 82 3 6 11 12 24 23 25 39 53 61 70 86 95 32 36
Volta 18: 81 85 94 13 45 56 91 98 2 1 8 14 16 31 35 43 62 76 77 79 90 88 99 15 30 40 38 48 52 51 65 63 69 66 75 100 5 10 9 17 19 21 27 34 42 44 49 50 54 60 58 64 68 73 80 92 3 6 11 23 24 39 46 55 53 61 70 71 78 82 95 12 32 36 86
Volta 19: 81 13 45 56 85 91 94 98 2 14 16 35 31 43 62 76 77 79 90 99 1 8 30 40 38 52 65 66 75 88 100 5 10 9 15 19 17 21 27 34 44 42 48 50 49 51 54 64 63 69 68 73 80 3 6 11 23 46 55 60 58 70 71 78 92 95 12 24 39 36 53 61 82 32
Volta 20: 13 45 56 85 81 94 2 16 31 62 77 76 91 98 99 8 14 35 40 43 66 79 90 88 100 1 5 10 9 15 19 21 30 27 34 38 42 48 50 54 52 65 63 68 75 80 3 6 11 17 23 44 46 49 51 60 58 64 70 69 73 78 92 24 36 39 53 55 71 82 95 12 32 61
Volta 21: 13 81 94 2 16 31 45 56 62 76 85 91 98 99 8 35 43 77 79 100 5 10 9 14 15 30 40 38 42 48 52 63 65 66 68 75 88 90 3 1 6 11 19 23 21 27 34 44 46 50 49 54 58 64 69 70 80 78 92 17 36 39 55 51 60 73 82 95 12 24 32 53 71
Volta 22: 13 81 2 16 31 45 56 62 76 85 94 99 8 35 43 91 100 98 5 9 15 14 30 42 52 63 65 66 68 75 79 77 90 88 3 10 19 23 21 27 34 40 38 50 49 48 54 58 80 1 6 11 17 39 36 44 46 55 51 64 70 69 73 78 82 92 95 12 24 53 60 71 32
Volta 23: 13 16 56 81 94 99 2 35 31 45 62 76 85 91 100 98 5 8 9 15 30 42 43 63 68 66 75 77 79 90 88 3 10 14 23 34 38 50 48 52 58 65 1 6 11 19 17 21 27 39 36 40 44 49 46 54 64 70 69 78 80 82 12 24 51 55 60 73 92 95 53 71
Volta 24: 13 81 94 99 2 16 35 31 45 56 62 76 85 98 5 9 8 15 30 63 66 79 88 90 91 100 3 10 14 34 42 52 65 68 75 77 6 17 19 23 21 27 38 36 40 46 48 50 49 54 58 64 80 82 1 11 24 39 44 51 60 69 70 73 78 92 12 71 53
Volta 25: 94 2 13 31 56 62 76 81 99 98 9 8 15 16 30 35 45 63 66 79 85 90 5 3 10 14 34 42 52 77 88 91 100 6 17 38 40 46 49 50 48 54 58 65 64 68 75 80 82 1 19 23 21 24 27 39 36 44 60 70 69 73 78 92 12 11 51 71
Volta 26: 2 13 62 76 94 99 98 8 16 35 31 45 56 63 79 85 81 5 3 9 15 14 30 34 52 66 77 90 91 100 10 38 40 42 49 46 48 54 65 68 75 82 88 1 6 19 17 21 27 39 36 50 58 60 64 70 73 78 80 12 11 23 24 44 51 69 92 71
Volta 27: 76 99 2 13 16 45 56 63 62 85 81 94 98 5 8 9 14 15 30 31 35 34 66 79 90 3 10 40 38 46 48 49 52 54 68 75 77 88 91 100 1 6 17 39 36 42 50 58 65 64 78 80 82 11 19 21 24 23 27 44 51 60 69 70 73 92 12
Volta 28: 76 99 2 13 16 56 63 62 85 94 98 15 31 34 35 45 66 79 81 90 3 5 8 10 9 14 30 52 77 88 91 100 1 6 40 38 39 36 42 46 48 49 54 58 65 68 75 80 82 17 19 21 27 44 50 60 64 70 73 78 92 11 12 24 23 51 69
Volta 29: 2 13 56 62 76 85 94 99 16 31 34 35 45 63 81 98 3 5 8 9 15 14 30 52 66 79 77 90 88 91 100 1 10 6 36 40 48 49 46 54 58 68 75 80 82 17 21 27 38 39 42 44 50 60 64 65 70 73 78 92 11 19 24 23 12 51
Volta 30: 56 76 94 99 2 16 34 45 62 63 81 85 3 8 35 31 52 66 90 98 1 5 9 10 15 30 36 49 54 58 68 77 79 82 88 91 100 6 21 39 40 38 42 50 46 60 65 64 75 78 92 11 23 24 27 44 70 73 12 19 51
Volta 31: 56 76 94 99 2 45 62 85 81 3 16 31 35 34 63 66 90 98 5 1 9 8 15 49 52 54 58 68 79 77 82 88 100 10 6 21 30 36 38 40 42 75 78 91 92 23 27 39 44 50 46 60 64 65 70 11 19 24 73 12
Volta 32: 56 76 2 94 99 16 34 35 45 62 63 66 81 85 98 1 5 3 8 31 49 54 68 77 90 10 9 15 21 30 40 38 36 42 52 58 79 78 82 88 92 91 100 6 44 46 50 60 65 70 75 11 19 23 27 39 64 73 12 24
Volta 33: 56 76 2 16 34 45 63 66 85 94 99 98 1 5 31 35 62 77 81 90 3 8 9 15 30 36 38 42 49 54 52 58 68 79 82 88 92 100 6 10 21 40 46 60 75 78 91 11 23 27 39 44 50 65 64 70 19 73 12
Volta 34: 56 2 34 63 76 94 98 99 1 16 45 62 66 77 81 85 90 5 3 8 30 35 31 36 38 42 49 52 54 58 68 88 92 6 9 10 15 21 75 79 78 82 91 100 11 23 27 40 44 46 50 60 70 39 64 65 73 19 12
Volta 35: 34 56 76 99 2 1 45 63 66 77 85 90 94 98 3 5 16 30 31 42 49 52 58 62 81 88 92 9 8 10 15 35 38 36 54 68 75 82 91 100 6 21 23 40 44 46 60 78 79 11 27 39 50 64 70 73 65 19
Volta 36: 34 56 99 2 1 45 63 76 85 94 3 5 16 30 31 49 52 62 66 77 81 90 88 9 8 36 54 58 82 91 6 15 21 35 38 60 68 75 79 78 100 11 27 40 39 44 46 64 50 65 70 73 19
Volta 37: 34 56 1 45 63 76 85 99 2 5 16 30 49 52 62 66 77 81 90 88 94 3 31 36 54 58 82 91 9 6 8 15 35 68 75 78 79 21 27 39 38 40 46 60 64 100 11 44 70 73 50 65
Volta 38: 34 56 1 45 63 85 99 5 2 49 52 62 66 77 76 81 90 88 94 3 16 30 31 82 91 6 15 36 54 58 68 75 78 8 9 21 27 35 40 60 64 79 100 11 38 39 44 46 70 73 50 65
Volta 39: 34 1 56 5 45 62 63 77 85 90 94 99 2 3 30 31 49 52 66 76 82 81 88 6 16 36 54 68 75 91 9 8 15 21 27 35 60 58 64 79 78 11 39 38 40 44 46 70 100 50 73
Volta 40: 1 34 45 56 62 63 85 90 99 3 5 2 30 49 66 76 77 88 94 6 16 31 36 52 54 68 75 81 82 91 9 8 15 21 27 35 60 58 79 78 11 38 44 46 64 100 40 39 50 70 73
Volta 41: 34 1 45 62 99 3 5 56 63 77 85 90 94 2 16 30 31 36 49 66 76 82 81 88 91 9 8 6 27 35 54 52 68 75 79 78 15 11 21 38 58 60 64 39 40 44 46 100 50 70
Volta 42: 1 34 45 62 99 63 85 2 5 16 30 36 49 76 77 88 90 91 94 6 31 54 68 78 79 82 81 8 9 15 21 27 35 52 60 64 75 39 38 44 100 40 50 70
Volta 43: 1 34 45 63 62 85 99 2 5 16 30 49 76 77 90 6 31 36 68 78 81 82 88 94 91 8 15 27 35 54 52 60 64 75 79 9 21 39 44 40 38 50 100
Volta 44: 1 34 45 62 63 85 5 30 76 77 90 99 2 6 16 31 36 49 78 88 91 94 15 27 35 68 79 81 82 8 44 52 54 60 64 75 9 21 40 38 39 100 50
Volta 45: 1 34 45 63 62 30 77 85 99 5 2 16 76 90 6 15 27 35 31 36 49 68 78 79 81 82 88 91 94 8 52 54 60 64 75 9 39 44 21 38 40 100
Volta 46: 1 62 63 30 34 45 77 5 2 16 85 90 99 6 27 36 49 68 78 79 76 82 91 94 8 15 35 31 54 64 75 81 88 9 44 52 60 21 38 39 40 100
Volta 47: 62 1 34 45 63 77 2 16 30 85 90 99 5 6 49 68 79 78 76 82 94 8 15 27 35 31 36 54 75 88 91 44 52 64 81 9 39 38 60 21 40
Volta 48: 1 34 45 62 77 16 30 63 90 2 68 79 82 85 94 99 5 6 27 31 35 36 49 76 91 8 15 54 75 81 88 39 44 52 9 21 40 38 60
Volta 49: 34 62 77 1 16 30 45 90 2 63 85 94 99 5 6 31 36 49 68 79 82 8 27 35 54 75 76 88 91 15 39 44 52 81 21 40 9 38
Volta 50: 34 62 77 1 45 2 16 30 63 85 90 99 5 6 49 68 79 94 8 27 31 35 36 75 76 82 88 91 39 44 54 52 81 15 21 9 40 38
Volta 51: 34 62 77 1 16 45 63 85 90 99 2 5 6 30 49 68 94 8 31 36 75 79 76 91 27 35 54 82 81 88 15 21 39 44 52 40 9
Volta 52: 34 62 77 1 16 45 63 90 99 2 5 30 49 68 85 94 6 8 36 79 76 91 27 35 31 75 82 88 15 21 39 44 54 52 81 40 9
Volta 53: 34 62 45 77 90 99 1 16 30 49 63 68 85 94 2 5 6 8 76 27 35 31 36 79 91 39 54 52 75 82 81 88 15 21 44 40
Volta 54: 34 62 77 99 45 63 68 90 5 2 1 8 6 16 30 49 76 85 94 27 31 35 36 52 79 81 82 88 91 15 21 39 75 40
Volta 55: 34 62 77 99 45 68 90 1 2 5 6 8 49 63 85 94 16 27 30 35 36 76 31 52 79 81 91 15 39 75 82 88 21
Volta 56: 34 62 99 45 68 77 90 1 6 49 63 94 5 2 8 16 30 27 76 85 35 36 52 79 81 91 15 31 75 88 21 39 82
Volta 57: 34 62 45 77 99 1 6 63 68 90 94 5 2 8 16 27 49 76 85 30 35 36 79 91 15 52 81 88 21 31 39 75
Volta 58: 34 62 45 77 99 63 68 94 1 5 6 16 49 76 90 2 8 27 30 85 91 35 36 52 79 81 15 21 31 75 88 39
Volta 59: 34 62 77 99 45 63 68 1 5 6 16 90 94 8 49 76 85 2 30 27 35 36 52 91 15 31 75 79 81 21 88
Volta 60: 34 62 45 63 68 77 99 5 1 16 90 94 6 8 76 85 2 27 36 49 52 91 30 31 35 75 79 81 15 21 88
Volta 61: 34 62 77 99 1 45 63 68 90 5 6 8 16 76 85 94 36 49 91 2 30 27 35 52 75 79 81 15 21 31
Volta 62: 34 62 99 45 63 68 77 1 6 16 76 90 94 5 8 85 91 2 27 30 35 36 49 52 75 81 15 21 31 79
Volta 63: 34 62 45 63 77 99 1 6 16 68 76 90 5 8 85 91 94 2 27 35 36 49 15 21 30 52 75 81 31
Volta 64: 34 62 45 77 99 1 6 16 63 76 8 68 90 94 91 2 5 35 36 49 85 15 21 27 30 52 75 81 31
Volta 65: 34 62 45 77 1 6 63 99 8 16 68 76 94 5 35 36 49 85 90 91 2 21 27 30 75 15 52 81
Volta 66: 34 45 62 77 63 99 1 6 16 76 5 8 49 68 85 90 94 91 2 21 30 27 36 75 15 81 52
Volta 67: 34 45 62 63 77 99 6 16 1 8 68 76 85 94 2 5 27 36 49 75 90 91 15 21 30 81
Volta 68: 34 45 62 63 77 99 1 6 16 76 85 94 5 2 8 36 49 68 75 90 91 15 27 30 21 81
Volta 69: 34 45 62 63 77 1 16 76 85 99 2 5 6 8 49 68 75 94 91 15 30 27 36 90 21
Volta 70: 34 45 62 63 77 1 76 5 6 16 49 68 75 85 91 99 2 8 15 30 27 94 36 90 21
Volta 71: 34 45 62 63 77 1 76 5 6 16 85 99 8 15 30 27 49 68 75 91 94 2 36 90
Volta 72: 34 62 45 63 76 77 1 5 6 99 8 16 30 49 68 75 85 91 94 2 15 27 36 90
Volta 73: 34 45 62 63 76 5 77 99 1 6 8 16 30 68 75 91 94 15 27 36 49 85 2
Volta 74: 34 45 63 62 76 1 5 6 8 16 68 77 91 99 15 30 49 75 94 2 27 36 85
Volta 75: 34 45 62 63 76 5 1 8 6 16 68 77 99 15 30 49 75 94 91 2 27 36
Volta 76: 34 45 63 62 76 5 8 16 68 77 99 1 6 15 30 49 75 91 36 94 2 27
Volta 77: 62 34 45 63 76 8 16 68 99 1 5 6 75 77 15 30 49 94 91 36 2
Volta 78: 34 45 63 76 8 16 5 1 6 68 77 99 15 75 94 30 36 49 2
Volta 79: 34 76 8 45 63 1 6 16 68 77 5 15 94 99 30 36 75 49
Volta 80: 8 34 76 1 6 16 45 63 68 77 5 15 99 36 75 94 30 49
Volta 81: 76 8 34 45 63 77 1 6 15 16 68 99 5 36 75 30 94
Volta 82: 76 34 45 77 1 8 6 15 16 63 99 5 68 30 36 75 94
Volta 83: 76 34 45 6 8 15 16 63 77 5 1 68 99 30 36 75
Volta 84: 76 8 6 34 45 77 1 15 16 63 99 5 30 75 36
Volta 85: 76 8 6 34 45 16 63 77 99 1 15 30 5 75
Volta 86: 76 6 8 34 45 16 77 99 15 63 5 1 30 75
Volta 87: 76 6 8 45 16 34 77 99 1 15 30 63 5
Volta 88: 76 45 8 6 16 34 99 63 77 1 5 15 30
Volta 89: 76 6 16 34 45 8 99 63 77 5 15 1
Volta 90: 76 6 45 8 16 34 99 77 5 63 1 15
Volta 91: 76 6 8 16 34 45 99 5 63 77 1
Volta 92: 76 6 8 16 34 45 99 5 63 1 77
Volta 93: 76 6 8 34 16 99 5 45 63 1
Volta 94: 76 6 8 16 34 99 63 1 5 45
Volta 95: 76 6 8 16 34 99 5 63 1
Volta 96: 76 6 16 34 63 99 1
Volta 97: 76 6 16 34 99 63
Volta 98: 76 6 16 34 99 63
Volta 99: 76 6 16 99 34
Volta 100: 76 6 16 99 34
Volta 101: 76 6 16 99
Volta 102: 76 6 16 99
Volta 103: 76 6 16
Volta 104: 76 6 16
Volta 105: 6 76
Volta 106: 6 76

Ranqueamento Final:
1: Ciclista 76 - 10201.86 segundos
2: Ciclista 6 - 10150.18 segundos
3: Ciclista 16 - 10125.42 segundos
4: Ciclista 99 - 9902.34 segundos
5: Ciclista 34 - 9825.78 segundos
6: Ciclista 63 - 9751.50 segundos
7: Ciclista 1 - 9525.06 segundos
8: Ciclista 45 - 9301.02 segundos
9: Ciclista 77 - 9151.86 segundos
10: Ciclista 15 - 9000.30 segundos
11: Ciclista 30 - 8775.66 segundos
12: Ciclista 75 - 8551.74 segundos
13: Ciclista 36 - 8400.90 segundos
14: Ciclista 94 - 8177.22 segundos
15: Ciclista 49 - 8026.14 segundos
16: Ciclista 2 - 7875.06 segundos
17: Ciclista 27 - 7650.66 segundos
18: Ciclista 85 - 7426.98 segundos
19: Ciclista 90 - 7202.10 segundos
20: Ciclista 21 - 7125.54 segundos
21: Ciclista 81 - 6901.98 segundos
22: Ciclista 52 - 6751.26 segundos
23: Ciclista 31 - 6600.78 segundos
24: Ciclista 79 - 6301.86 segundos
25: Ciclista 88 - 6152.10 segundos
26: Ciclista 39 - 6000.90 segundos
27: Ciclista 82 - 5776.98 segundos
28: Ciclista 40 - 5625.90 segundos
29: Ciclista 9 - 5550.18 segundos
30: Ciclista 38 - 5325.90 segundos
31: Ciclista 60 - 5026.38 segundos
32: Ciclista 100 - 4802.34 segundos
33: Ciclista 50 - 4651.14 segundos
34: Ciclista 70 - 4501.62 segundos
35: Ciclista 73 - 4201.74 segundos
36: Ciclista 65 - 4126.50 segundos
37: Ciclista 19 - 3975.42 segundos
38: Ciclista 12 - 3750.30 segundos
39: Ciclista 24 - 3450.54 segundos
40: Ciclista 51 - 3226.26 segundos
41: Ciclista 69 - 3001.62 segundos
42: Ciclista 71 - 2851.74 segundos
43: Ciclista 53 - 2701.26 segundos
44: Ciclista 32 - 2475.78 segundos
45: Ciclista 61 - 2251.50 segundos
46: Ciclista 86 - 2027.10 segundos
47: Ciclista 37 - 1875.90 segundos
48: Ciclista 33 - 1650.78 segundos
49: Ciclista 84 - 1426.98 segundos
50: Ciclista 97 - 1202.34 segundos
51: Ciclista 74 - 976.74 segundos
52: Ciclista 96 - 752.34 segundos
53: Ciclista 89 - 602.10 segundos
54: Ciclista 87 - 302.10 segundos

Ciclista 3 quebrou na volta 42 - 4050.00 segundos
Ciclista 4 quebrou na volta 12 - 1200.00 segundos
Ciclista 5 quebrou na volta 96 - 9525.00 segundos
Ciclista 7 quebrou na volta 12 - 1200.12 segundos
Ciclista 8 quebrou na volta 96 - 9300.12 segundos
Ciclista 10 quebrou na volta 36 - 3600.12 segundos
Ciclista 11 quebrou na volta 42 - 4350.24 segundos
Ciclista 13 quebrou na volta 30 - 2775.24 segundos
Ciclista 14 quebrou na volta 30 - 2925.24 segundos
Ciclista 17 quebrou na volta 30 - 3150.36 segundos
Ciclista 18 quebrou na volta 18 - 1650.36 segundos
Ciclista 20 quebrou na volta 12 - 1275.36 segundos
Ciclista 22 quebrou na volta 12 - 1200.48 segundos
Ciclista 23 quebrou na volta 36 - 3675.48 segundos
Ciclista 25 quebrou na volta 18 - 1950.48 segundos
Ciclista 26 quebrou na volta 12 - 1425.60 segundos
Ciclista 28 quebrou na volta 18 - 1875.60 segundos
Ciclista 29 quebrou na volta 18 - 1650.60 segundos
Ciclista 35 quebrou na volta 66 - 6525.72 segundos
Ciclista 41 quebrou na volta 6 - 525.96 segundos
Ciclista 42 quebrou na volta 36 - 3525.96 segundos
Ciclista 43 quebrou na volta 24 - 2325.96 segundos
Ciclista 44 quebrou na volta 54 - 5550.96 segundos
Ciclista 46 quebrou na volta 42 - 4351.08 segundos
Ciclista 47 quebrou na volta 12 - 1276.08 segundos
Ciclista 48 quebrou na volta 30 - 3001.08 segundos
Ciclista 54 quebrou na volta 54 - 5551.20 segundos
Ciclista 55 quebrou na volta 24 - 2551.20 segundos
Ciclista 56 quebrou na volta 42 - 4051.32 segundos
Ciclista 57 quebrou na volta 18 - 1726.32 segundos
Ciclista 58 quebrou na volta 42 - 4276.32 segundos
Ciclista 59 quebrou na volta 6 - 601.32 segundos
Ciclista 62 quebrou na volta 78 - 7501.44 segundos
Ciclista 64 quebrou na volta 48 - 4876.44 segundos
Ciclista 66 quebrou na volta 42 - 4126.56 segundos
Ciclista 67 quebrou na volta 12 - 1201.56 segundos
Ciclista 68 quebrou na volta 84 - 8251.56 segundos
Ciclista 72 quebrou na volta 18 - 1801.68 segundos
Ciclista 78 quebrou na volta 48 - 4726.80 segundos
Ciclista 80 quebrou na volta 30 - 3001.80 segundos
Ciclista 83 quebrou na volta 12 - 1126.92 segundos
Ciclista 91 quebrou na volta 78 - 7727.16 segundos
Ciclista 92 quebrou na volta 36 - 3527.16 segundos
Ciclista 93 quebrou na volta 6 - 602.16 segundos
Ciclista 95 quebrou na volta 24 - 2552.16 segundos
Ciclista 98 quebrou na volta 36 - 3452.28 segundos
