Volta 1: 2 1 5 4 3 6 10 8 9 7 15 13 12 11 14 16 17 20 19 18 22 24 23 25 21 30 26 27 29 28 35 31 33 34 32 38 37 36 40 39 44 42 43 45 41 50 49 48 46 47 53 55 52 54 51 60 59 56 57 58 64 65 63 61 62 69 68 67 70 66 75 73 74 72 71 79 77 80 78 76 84 81 82 83 85 89 86 90 87 88 92 93 95 91 94 96 97 98 100 99
Volta 2: 4 3 2 1 5 6 9 10 11 14 13 12 16 20 17 18 19 24 22 23 21 28 29 30 26 35 33 32 31 38 36 40 43 44 41 45 42 46 47 50 49 48 51 54 53 55 56 58 57 59 64 61 62 65 67 69 70 66 75 72 71 73 77 76 79 80 83 81 86 88 87 90 89 93 92 91 99 96 100 97 8 7 15 25 27 34 39 37 52 60 63 68 74 78 82 85 84 95 94 98
Volta 3: 5 4 1 2 6 12 13 18 16 19 17 21 24 26 28 30 29 35 32 33 36 38 41 44 49 48 51 53 57 58 56 59 62 64 67 66 70 73 71 72 76 88 86 87 89 91 92 99 96 3 8 10 7 9 14 11 20 23 22 25 27 34 31 39 40 43 42 45 47 46 50 55 52 54 60 65 61 68 69 74 75 77 79 78 80 85 84 83 81 82 90 95 93 97 100 15 37 63 94
Volta 4: 5 4 6 13 18 17 16 21 28 30 33 35 38 44 41 49 53 57 64 62 67 66 72 73 89 86 91 3 1 2 8 10 9 7 14 12 11 20 19 23 25 22 24 26 29 32 34 40 39 36 45 43 42 48 46 47 50 51 52 54 56 58 60 59 61 65 68 70 69 71 75 80 76 77 79 82 84 83 90 88 87 92 95 93 100 99 96 97 15 27 31 37 55 63 74 78 81 85 94
Volta 5: 5 13 17 21 30 33 38 41 49 53 57 64 67 72 73 91 4 1 3 2 6 9 10 7 12 14 19 20 16 18 24 22 23 28 29 26 35 32 40 36 42 43 45 44 47 50 48 52 51 54 58 59 56 60 62 61 70 66 71 76 83 84 82 86 88 89 87 93 95 92 96 99 8 11 25 27 31 34 39 37 46 65 63 68 69 75 74 77 80 78 79 85 81 90 100 97 15 55
Volta 6: 5 17 21 38 53 67 73 91 4 2 1 9 14 12 18 16 19 23 22 24 26 30 33 35 42 44 45 41 43 49 50 47 52 56 59 60 64 62 66 70 71 72 76 84 82 86 89 92 95 99 3 6 7 10 8 11 20 28 29 27 32 34 37 40 36 48 46 51 58 63 61 69 68 75 80 77 78 81 83 88 90 87 93 96 97 100 15 25 31 39 55 65 74 79 85
Volta 7: 5 17 21 38 67 73 2 4 9 16 19 24 22 35 44 41 50 47 53 59 64 66 70 72 71 84 89 86 91 3 1 7 10 11 14 12 18 20 23 27 30 28 29 26 34 32 33 36 40 43 42 45 49 46 51 52 56 60 58 62 69 80 77 78 76 83 82 87 90 92 95 93 100 99 96 6 8 25 31 37 39 48 55 63 65 61 68 74 75 79 81 88 97 15
Volta 8: 5 21 73 2 16 17 19 24 22 38 44 41 47 53 70 67 89 86 4 1 10 7 9 12 11 14 20 18 23 28 26 29 27 30 33 35 32 36 40 45 43 42 50 49 60 59 58 56 62 64 66 71 72 78 76 84 82 90 87 92 93 95 91 96 99 100 3 8 6 34 31 37 39 48 46 51 52 61 63 68 69 75 77 80 79 81 83 88 97 15 25 55 65 74
Volta 9: 2 5 17 24 21 22 53 73 86 4 1 9 7 11 12 14 20 16 19 23 30 26 28 27 29 35 32 33 40 38 36 42 45 41 43 44 50 47 59 56 58 62 64 66 70 67 72 71 78 84 82 89 87 93 91 100 99 96 3 10 6 8 18 31 34 39 49 51 60 68 69 77 80 76 79 90 95 92 97 25 37 48 46 55 52 61 63 65 75 83 81 88 15
Volta 10: 5 2 17 21 22 73 86 4 7 19 20 24 26 29 27 35 32 36 38 41 44 47 53 59 58 70 67 72 71 78 89 87 91 1 10 9 6 8 11 12 14 18 16 23 30 28 33 31 40 39 43 45 42 50 56 62 64 66 68 69 80 76 84 82 90 95 92 93 99 96 100 3 25 34 37 46 48 49 55 52 51 60 65 79 77 83 81 97 15 63 61 75 88
Volta 11: 2 73 86 4 5 19 17 20 22 24 21 27 35 38 44 41 47 53 59 71 72 78 87 89 91 1 9 7 10 6 8 12 14 16 18 23 29 30 28 26 33 32 36 39 40 42 43 50 56 58 64 70 68 67 76 82 90 93 92 95 100 96 99 3 11 31 34 45 48 49 51 55 60 62 66 69 80 79 77 84 81 83 97 25 37 46 52 61 65 75 15 63
Volta 12: 73 86 4 5 20 17 21 24 27 35 38 44 47 53 59 71 89 87 1 7 10 6 12 22 23 29 28 40 36 42 41 43 58 64 67 70 72 78 76 93 95 91 92 99 9 8 11 14 18 30 26 33 34 32 31 39 45 50 49 48 55 56 62 68 66 81 82 84 90 96 100 3 25 46 52 51 60 65 61 69 77 79 83 97 15 63 75
Volta 13: 73 5 4 20 17 24 27 38 44 47 53 59 71 86 89 1 7 10 12 21 22 35 40 36 41 42 58 64 67 70 72 78 87 93 95 91 8 9 6 14 18 23 29 26 28 30 32 39 43 49 55 56 68 76 82 92 99 96 100 3 11 25 31 34 33 45 50 48 51 52 60 62 69 66 77 79 84 81 83 90 15 46 63 61 65 97
Volta 14: 5 17 38 44 47 53 59 73 86 89 1 4 7 20 21 22 24 27 36 58 64 70 71 72 78 91 95 93 10 6 9 12 23 29 26 35 40 42 41 49 55 56 67 76 82 87 92 96 100 99 3 8 11 14 18 25 28 30 31 34 32 39 43 45 48 50 52 60 62 68 79 77 83 81 84 90 33 51 65 63 61 69 66 97 15 46
Volta 15: 17 38 44 47 53 59 73 86 4 5 20 22 70 72 89 91 1 6 7 10 12 23 24 21 29 27 35 36 40 41 42 49 58 64 67 71 76 78 87 95 92 93 100 99 8 9 14 11 18 28 30 26 32 45 50 48 55 56 62 79 84 82 96 3 25 34 31 33 39 43 52 51 60 63 61 68 69 77 81 83 90 97 15 65 66
Volta 16: 38 44 47 53 59 5 4 17 20 22 73 72 86 89 91 1 6 10 7 12 24 21 27 29 35 36 41 42 49 58 64 70 71 78 76 87 93 92 9 14 11 23 30 28 26 32 40 45 48 55 56 67 84 82 95 100 96 99 3 8 18 25 33 34 39 43 50 52 60 63 62 61 69 68 77 79 83 81 90 97 31 51 65 66 15
Volta 17: 53 59 5 4 17 38 44 47 72 73 89 86 91 10 6 7 12 20 22 24 21 42 41 49 58 64 70 71 87 93 92 1 9 11 23 26 29 28 27 30 32 35 36 48 56 78 76 82 84 95 99 96 100 3 8 14 25 34 40 45 55 52 60 61 62 63 67 68 69 79 77 81 83 90 18 31 33 39 43 50 51 97 65 66
Volta 18: 53 59 5 17 44 47 86 89 91 4 10 7 20 22 21 24 58 70 73 71 87 93 92 6 9 12 11 29 27 35 42 78 76 84 95 96 1 3 8 23 28 30 26 32 34 36 40 45 48 56 61 62 69 67 83 82 81 90 99 100 14 18 25 43 50 52 55 51 60 63 68 77 79 97 31 39 65 66
Volta 19: 53 59 17 47 89 91 5 4 7 10 21 44 58 70 71 73 86 93 9 6 20 24 22 35 42 78 76 87 95 92 96 3 1 8 12 11 23 29 27 34 32 40 36 45 48 56 61 69 67 84 81 83 90 100 99 14 18 25 26 28 30 50 55 51 60 62 63 68 77 79 82 31 39 43 52 65 97
Volta 20: 59 17 47 53 89 5 7 44 73 71 86 91 4 10 9 6 24 21 58 70 76 78 92 93 3 11 12 20 22 29 35 34 42 48 56 61 69 81 90 87 95 96 99 1 8 14 23 27 28 26 30 32 36 40 45 50 51 60 63 62 67 79 77 84 82 83 100 18 25 31 39 43 52 55 68 65 97
Volta 21: 47 53 59 89 5 7 17 71 86 91 4 10 9 21 44 58 70 73 78 3 6 11 12 20 22 24 29 35 34 42 48 61 69 76 81 90 87 92 95 93 99 96 1 8 23 30 26 27 32 36 40 45 50 51 60 56 63 62 67 77 79 84 83 100 14 18 28 52 55 68 82 25 31 39 43 65
Volta 22: 47 59 7 17 53 71 89 86 91 5 9 10 44 58 73 3 4 6 12 24 22 21 35 34 42 48 61 70 76 78 81 87 93 95 96 99 11 20 27 30 29 45 56 60 63 67 69 84 83 90 92 1 8 14 18 23 26 32 40 36 50 55 51 62 77 79 82 100 25 28 31 43 52 65 68 39
Volta 23: 59 7 47 71 89 91 5 10 17 44 53 58 86 4 6 9 24 21 22 42 48 61 70 73 78 81 95 99 96 3 12 20 27 30 29 34 35 45 60 56 67 76 84 87 90 93 1 8 11 14 23 26 32 40 36 55 63 69 77 79 82 83 92 100 18 25 28 50 51 52 62 68 31 43 65
Volta 24: 59 47 71 91 10 7 17 44 53 58 86 89 5 9 6 22 42 48 61 70 73 96 4 3 12 21 24 27 30 35 34 45 56 67 76 78 81 87 90 95 1 8 14 11 20 23 26 29 32 40 36 60 79 77 83 82 92 18 25 28 50 51 55 52 62 69 100 65 68 31 43
Volta 25: 59 47 91 7 10 17 44 58 71 89 5 9 6 42 48 53 70 73 86 4 3 12 22 21 30 45 56 61 76 78 81 95 96 1 11 14 20 24 23 27 29 26 34 35 32 67 79 77 90 87 92 8 25 36 40 50 55 60 62 69 83 82 100 18 28 51 52 65 31 68
Volta 26: 59 91 10 7 44 47 58 71 5 6 17 42 48 53 70 73 86 89 4 9 12 21 22 30 45 61 76 95 96 1 3 14 20 24 27 29 35 32 56 67 78 77 81 87 90 8 11 23 26 34 40 36 55 60 62 79 82 83 92 100 18 25 28 50 52 51 65 69 68 31
Volta 27: 10 59 58 71 91 5 7 17 44 42 47 73 89 6 9 12 21 30 45 48 53 61 70 76 86 96 4 3 14 20 22 24 32 35 56 77 78 81 95 1 11 23 26 27 29 34 40 36 62 67 79 82 83 90 87 92 100 8 18 28 50 51 55 60 69 25 52 65 68
Volta 28: 10 59 71 91 7 17 47 58 5 9 12 30 42 45 44 48 53 70 73 89 86 96 4 3 6 20 21 32 35 56 61 76 77 81 95 1 14 11 22 24 26 29 34 62 67 78 82 87 92 8 23 27 36 40 51 55 60 79 83 90 100 18 25 28 50 52 69 68 65
Volta 29: 59 10 17 47 71 91 5 7 12 42 48 53 58 70 73 96 4 3 9 6 21 30 32 35 44 45 61 76 77 81 86 89 1 14 11 20 24 22 56 62 67 78 92 95 8 23 26 29 27 34 36 40 55 79 82 83 87 90 100 18 25 28 50 51 52 60 69 68
Volta 30: 10 17 47 59 91 5 7 12 53 58 73 96 4 9 21 32 35 45 42 48 61 70 81 86 1 3 6 14 20 30 62 78 77 76 89 92 95 11 22 23 36 56 67 82 83 87 90 100 8 25 28 29 26 34 40 51 55 52 60 79 18 50 68 69
Volta 31: 47 91 5 10 12 17 59 73 96 7 21 32 42 45 53 58 61 86 4 3 9 6 20 35 48 70 77 81 89 95 92 1 11 14 23 30 56 62 67 76 78 87 100 8 22 29 26 28 34 40 36 51 55 82 83 90 18 25 50 52 60 79 68
Volta 32: 47 91 10 12 17 59 96 5 7 21 32 42 53 58 61 73 86 3 4 9 20 35 45 48 70 81 95 1 6 14 11 23 30 62 78 77 89 87 92 100 8 22 29 36 40 56 67 76 83 82 90 18 25 28 26 34 52 51 55 79 50 60 68
Volta 33: 47 59 91 7 10 12 17 21 32 42 53 58 73 86 96 5 35 45 48 61 70 81 95 1 4 3 6 9 11 14 20 23 62 78 89 92 22 30 29 36 56 67 76 77 82 83 87 90 100 8 18 25 26 40 55 28 34 50 52 51 60 79
Volta 34: 47 59 91 12 17 32 42 53 58 86 5 10 7 21 70 73 96 4 3 6 9 11 20 23 35 45 48 62 61 78 81 92 95 1 14 22 29 30 77 76 83 82 89 87 100 8 26 40 36 55 56 67 90 18 25 28 34 51 52 50 60 79
Volta 35: 47 59 91 32 42 53 86 7 10 12 17 21 58 70 96 5 3 20 23 45 48 61 73 78 81 95 1 4 6 9 14 11 30 35 62 76 77 83 92 100 8 22 26 29 40 36 56 67 82 89 87 90 18 25 55 52 51 28 34 50 60
Volta 36: 47 32 59 86 91 10 12 17 21 42 53 58 70 96 5 3 7 23 45 48 73 78 81 95 4 1 9 6 20 30 35 61 62 76 77 92 100 8 14 11 22 40 36 67 83 82 87 26 29 55 51 90 89 18 25 34 50 52 60 28
Volta 37: 47 59 86 91 10 17 32 42 53 7 12 21 23 58 70 73 96 3 1 5 6 20 35 45 48 61 78 76 81 95 100 4 9 8 14 22 30 40 36 62 67 77 83 92 11 26 55 82 87 90 89 18 25 29 34 51 60 50 52
Volta 38: 47 59 86 91 42 7 10 12 17 23 32 53 58 70 96 5 1 3 20 21 35 45 61 73 76 78 81 95 100 4 9 8 6 22 40 48 62 67 92 11 14 30 36 77 83 82 90 18 25 26 29 55 51 60 87 89 34 50 52
Volta 39: 47 59 91 42 86 10 12 17 23 32 53 58 96 5 1 3 7 20 21 35 61 70 73 95 4 8 9 6 22 40 45 48 62 67 78 76 81 100 77 83 82 90 92 14 11 18 25 26 30 36 60 89 29 34 50 51 55 87
Volta 40: 47 59 91 42 86 10 32 58 96 1 7 12 17 20 21 23 35 53 61 95 4 3 5 8 22 40 45 62 67 70 73 76 81 100 9 6 48 78 77 83 90 92 11 14 18 26 30 36 82 89 25 29 34 50 51 60 87 55
Volta 41: 47 59 42 86 91 10 58 20 23 32 53 61 95 96 3 1 5 7 8 12 17 21 35 45 70 73 81 100 4 6 9 22 40 48 62 67 76 78 83 90 18 30 26 77 82 89 92 14 11 25 29 34 36 60 87 50 51
Volta 42: 59 86 91 10 42 58 23 32 53 95 96 1 3 12 20 17 45 61 70 100 5 7 9 6 8 35 40 62 67 73 78 76 83 81 90 4 18 22 48 77 92 11 25 26 29 30 34 36 87 89 14 50 51 60
Volta 43: 59 86 10 42 58 91 23 32 53 96 3 12 20 17 61 70 95 100 1 9 8 45 67 73 78 76 83 81 4 5 7 6 22 35 40 62 77 90 92 18 25 26 30 29 34 36 48 89 11 14 50 87 51
Volta 44: 59 10 42 58 86 23 32 53 91 3 20 17 61 96 100 1 8 9 12 45 67 70 73 78 76 81 95 4 7 22 35 40 62 83 90 92 5 6 18 26 30 29 36 77 14 11 25 34 50 48 89 51 87
Volta 45: 10 42 58 59 86 23 53 91 20 17 32 61 100 96 3 1 9 12 45 70 73 81 95 4 8 7 40 67 78 76 5 6 18 22 29 30 35 36 62 83 90 92 25 26 34 48 77 89 14 11 50 51
Volta 46: 42 58 86 10 53 59 91 20 23 32 61 100 3 1 17 45 70 73 81 95 96 9 8 12 40 67 78 5 4 7 6 18 22 29 30 35 36 62 76 83 90 26 34 48 77 92 11 14 25 50 89 51
Volta 47: 10 42 53 58 86 20 23 32 59 91 1 3 17 45 61 81 95 96 100 8 12 40 70 73 4 5 9 7 18 22 30 67 78 76 90 6 29 34 35 36 48 62 77 83 92 11 14 25 26 50 89
Volta 48: 42 58 86 10 53 59 3 20 17 32 95 91 100 1 45 70 73 96 4 5 8 9 12 22 30 40 67 78 76 90 7 18 29 35 36 62 83 92 6 14 25 26 34 48 50 77 11 89
Volta 49: 42 58 53 59 86 3 10 20 32 95 1 17 45 91 100 8 9 12 70 73 76 90 96 5 4 7 22 30 36 40 62 67 78 83 92 18 25 29 35 34 48 77 6 14 26 50 11
Volta 50: 42 53 59 58 86 3 20 95 1 10 17 32 45 91 100 8 9 12 70 73 90 5 4 7 22 30 40 67 76 78 83 96 18 29 35 36 48 62 77 92 6 14 25 26 34 50 11
Volta 51: 42 53 59 86 58 95 3 20 17 45 1 10 8 12 32 90 91 100 5 4 9 7 22 70 73 76 83 96 18 30 29 35 36 40 48 62 67 78 26 34 50 77 92 6 14 25
Volta 52: 42 53 86 58 59 17 20 45 95 3 8 10 32 90 100 1 4 9 7 12 70 73 76 83 91 96 5 18 22 30 48 67 78 29 26 35 36 40 50 62 77 92 6 14 25 34
Volta 53: 42 86 53 59 58 20 45 95 3 10 8 17 32 1 4 7 12 70 73 76 83 90 91 100 96 5 9 22 78 18 30 29 35 40 50 48 62 67 6 25 26 36 77 92 14
Volta 54: 42 86 53 58 59 3 8 20 17 45 95 1 10 7 12 32 70 73 76 83 90 91 96 100 4 9 22 78 5 18 30 29 40 48 50 6 25 26 35 36 62 77 14 92
Volta 55: 42 86 53 59 58 3 20 45 95 1 7 10 8 12 17 70 83 91 100 96 4 9 22 32 73 76 78 90 5 30 6 18 26 29 35 40 48 50 62 77 14 25 36
Volta 56: 42 86 58 59 3 20 53 95 10 8 12 17 45 70 83 91 100 1 7 22 32 76 90 96 4 9 30 73 78 5 18 26 40 50 48 6 29 35 62 77 14 25 36
Volta 57: 42 86 59 58 53 95 3 10 12 20 17 91 100 1 8 22 32 45 70 76 83 90 96 4 9 7 73 30 26 40 50 48 78 5 18 29 35 62 77 6 14 25
Volta 58: 42 86 59 58 95 17 53 91 100 3 8 10 12 20 32 45 70 83 1 22 73 76 90 96 4 9 7 30 40 5 18 26 35 48 50 77 78 6 25 29 62 14
Volta 59: 42 59 86 58 53 95 100 3 8 10 12 17 20 32 45 83 91 1 22 70 73 76 90 96 4 9 7 30 40 5 18 26 50 48 78 6 29 35 62 77 25
Volta 60: 42 86 58 59 95 100 3 8 17 53 91 10 12 20 45 83 90 1 4 9 7 22 70 73 76 5 18 26 30 50 78 35 48 62 6 25 29 77
Volta 61: 42 86 58 59 95 100 3 17 8 53 83 90 91 1 7 10 9 12 20 22 45 70 73 76 5 4 26 50 18 30 78 6 35 48 62 25 29
Volta 62: 42 86 58 95 100 17 59 3 53 83 90 91 8 9 10 20 22 45 73 76 1 5 7 12 50 70 4 18 30 26 78 35 48 6 25 29 62
Volta 63: 42 86 95 100 59 58 3 17 90 91 9 10 20 22 53 73 83 1 5 7 8 45 50 76 4 12 18 26 30 70 35 48 78 6 25 29
Volta 64: 42 86 95 58 59 100 3 17 90 10 9 73 91 1 8 20 22 45 53 76 83 5 7 12 18 30 26 50 4 70 78 35 48 6 25 29
Volta 65: 42 86 95 59 58 3 90 100 9 17 73 91 1 10 20 22 53 5 8 7 12 18 26 30 45 50 76 83 4 70 78 35 48 6 25
Volta 66: 42 86 95 59 3 58 100 9 90 1 10 17 20 22 53 73 5 8 12 18 30 26 45 50 76 83 4 7 70 78 35 48 6 25
Volta 67: 42 86 95 59 58 100 3 9 90 10 17 53 5 1 12 20 22 26 45 50 73 4 8 7 18 30 76 78 83 35 48 70 6
Volta 68: 42 86 95 59 58 100 3 9 90 17 53 1 10 12 20 22 73 5 8 7 18 30 26 45 50 76 83 4 70 78 35 48 6
Volta 69: 42 86 95 59 58 3 90 100 9 1 10 12 20 17 53 73 7 18 22 26 30 45 50 5 4 8 78 76 83 35 48 70
Volta 70: 42 86 95 59 58 100 3 9 90 10 17 73 1 7 12 20 26 50 53 4 5 8 18 22 30 45 76 83 35 48 70 78
Volta 71: 42 86 95 59 58 90 100 3 9 17 73 1 10 7 12 50 53 8 20 18 30 26 45 83 4 5 22 35 70 76 48
Volta 72: 42 86 95 59 58 90 100 3 10 9 17 50 53 73 1 8 7 20 26 45 83 5 18 30 4 35 48 70 76
Volta 73: 42 86 95 58 59 90 100 3 9 10 17 53 73 1 7 8 20 26 45 50 83 18 30 5 4 35 48 70
Volta 74: 42 86 95 59 58 90 100 3 9 10 17 53 8 20 50 73 83 1 7 26 45 4 5 18 30 48 70 35
Volta 75: 42 95 86 58 59 90 100 3 10 17 53 8 9 20 50 73 83 7 45 5 1 18 26 30 48 4 70
Volta 76: 42 95 86 58 59 90 100 3 10 17 53 9 8 20 50 73 7 45 83 1 30 26 4 5 18 48 70
Volta 77: 42 95 86 59 58 100 17 90 3 8 9 10 20 53 7 45 50 73 83 26 30 1 18 48 4 5
Volta 78: 42 95 86 100 17 90 9 8 10 53 3 20 50 83 7 26 30 45 73 1 48 5 4
Volta 79: 42 86 95 17 100 9 90 3 8 10 20 50 53 83 30 26 45 73 7 1 48 5
Volta 80: 42 95 86 17 90 100 3 8 10 9 20 50 53 30 45 73 83 7 26 1 48 5
Volta 81: 42 86 95 17 90 100 3 10 8 50 53 9 20 45 73 83 26 30 1 7 48
Volta 82: 42 86 95 90 100 3 8 17 10 9 20 45 50 53 73 26 83 1 7 30 48
Volta 83: 42 86 95 90 3 17 100 8 10 9 20 45 50 53 73 1 30 26 83 7
Volta 84: 42 86 95 90 3 17 100 8 45 9 10 20 50 53 73 1 26 83 7 30
Volta 85: 42 86 95 90 3 17 100 45 10 8 73 1 9 20 50 53 83 26 7
Volta 86: 42 86 95 3 90 17 100 10 45 73 8 20 50 53 83 1 9 26 7
Volta 87: 42 86 95 90 3 17 100 45 8 10 20 50 73 1 53 83 9 26
Volta 88: 42 86 95 17 90 100 3 10 20 45 50 1 8 53 73 9 83 26
Volta 89: 42 86 95 90 3 17 100 10 20 50 1 8 45 53 73 83 9
Volta 90: 42 95 90 3 17 100 10 20 1 8 50 53 73 45 83 9
Volta 91: 42 95 90 17 100 3 10 20 1 50 53 8 45 73 83
Volta 92: 42 95 17 90 3 10 20 100 1 8 45 50 53 73 83
Volta 93: 42 95 90 3 10 20 17 100 1 8 45 50 53 73
Volta 94: 42 95 90 17 20 100 3 10 1 8 53 45 50 73
Volta 95: 42 95 90 20 3 10 17 100 8 53 1 45 50
Volta 96: 42 95 20 90 3 10 100 17 1 8 45 53 50
Volta 97: 42 95 3 10 20 90 100 8 17 53 1 45
Volta 98: 42 95 10 20 100 3 90 8 17 1 45 53
Volta 99: 42 95 20 3 10 90 100 1 8 17 45
Volta 100: 42 95 20 3 10 100 90 1 8 17 45
Volta 101: 42 95 20 10 100 3 90 8 1 17
Volta 102: 42 95 10 20 100 3 90 1 17
Volta 103: 95 42 10 20 100 3 1 90
Volta 104: 42 95 10 100 20 3 1 90
Volta 105: 95 42 100 10 20 3 1
Volta 106: 95 42 100 10 20 3 1
Volta 107: 95 42 100 10 20 3
Volta 108: 95 42 10 100 3
Volta 109: 95 42 100 10
Volta 110: 95 42 10 100
Volta 111: 95 42 10
Volta 112: 95 42 10
Volta 113: 95 42
Volta 114: 95 42

Ranqueamento Final:
1: Ciclista 42 - 22051.02 segundos
2: Ciclista 10 - 21900.18 segundos
3: Ciclista 95 - 21752.22 segundos
4: Ciclista 100 - 21452.34 segundos
5: Ciclista 3 - 21300.06 segundos
6: Ciclista 1 - 21000.06 segundos
7: Ciclista 90 - 20552.10 segundos
8: Ciclista 17 - 20250.42 segundos
9: Ciclista 45 - 19951.02 segundos
10: Ciclista 53 - 19501.26 segundos
11: Ciclista 50 - 19201.14 segundos
12: Ciclista 73 - 18751.74 segundos
13: Ciclista 83 - 18601.98 segundos
14: Ciclista 9 - 18150.18 segundos
15: Ciclista 26 - 17850.66 segundos
16: Ciclista 7 - 17400.18 segundos
17: Ciclista 30 - 16951.26 segundos
18: Ciclista 48 - 16951.14 segundos
19: Ciclista 5 - 16500.06 segundos
20: Ciclista 4 - 16050.06 segundos
21: Ciclista 70 - 15451.62 segundos
22: Ciclista 35 - 15150.78 segundos
23: Ciclista 76 - 14701.86 segundos
24: Ciclista 78 - 14251.86 segundos
25: Ciclista 6 - 14100.18 segundos
26: Ciclista 25 - 13650.54 segundos
27: Ciclista 29 - 13350.66 segundos
28: Ciclista 62 - 12901.50 segundos
29: Ciclista 77 - 12451.86 segundos
30: Ciclista 14 - 12150.30 segundos
31: Ciclista 36 - 11700.90 segundos
32: Ciclista 92 - 11252.22 segundos
33: Ciclista 34 - 10800.78 segundos
34: Ciclista 11 - 10500.30 segundos
35: Ciclista 89 - 10052.10 segundos
36: Ciclista 51 - 9751.26 segundos
37: Ciclista 87 - 9302.10 segundos
38: Ciclista 60 - 8851.38 segundos
39: Ciclista 55 - 8551.26 segundos
40: Ciclista 52 - 8251.26 segundos
41: Ciclista 28 - 7800.66 segundos
42: Ciclista 79 - 7351.86 segundos
43: Ciclista 68 - 6901.62 segundos
44: Ciclista 69 - 6451.62 segundos
45: Ciclista 65 - 6151.50 segundos
46: Ciclista 31 - 5850.78 segundos
47: Ciclista 43 - 5401.02 segundos
48: Ciclista 39 - 4950.90 segundos
49: Ciclista 97 - 4502.34 segundos
50: Ciclista 66 - 4201.62 segundos
51: Ciclista 15 - 3750.30 segundos
52: Ciclista 46 - 3301.14 segundos
53: Ciclista 75 - 2851.74 segundos
54: Ciclista 88 - 2402.10 segundos
55: Ciclista 74 - 1951.74 segundos
56: Ciclista 85 - 1501.98 segundos
57: Ciclista 94 - 1202.22 segundos
58: Ciclista 98 - 602.34 segundos

Ciclista 2 quebrou na volta 12 - 2100.00 segundos
Ciclista 8 quebrou na volta 102 - 20250.12 segundos
Ciclista 12 quebrou na volta 72 - 14250.24 segundos
Ciclista 13 quebrou na volta 6 - 1200.24 segundos
Ciclista 16 quebrou na volta 12 - 2400.36 segundos
Ciclista 18 quebrou na volta 78 - 15750.36 segundos
Ciclista 19 quebrou na volta 12 - 2250.36 segundos
Ciclista 20 quebrou na volta 108 - 21150.36 segundos
Ciclista 21 quebrou na volta 42 - 8250.48 segundos
Ciclista 22 quebrou na volta 72 - 14700.48 segundos
Ciclista 23 quebrou na volta 48 - 9300.48 segundos
Ciclista 24 quebrou na volta 30 - 6150.48 segundos
Ciclista 27 quebrou na volta 30 - 6300.60 segundos
Ciclista 32 quebrou na volta 60 - 11850.72 segundos
Ciclista 33 quebrou na volta 18 - 4050.72 segundos
Ciclista 37 quebrou na volta 12 - 2700.84 segundos
Ciclista 38 quebrou na volta 18 - 3300.84 segundos
Ciclista 40 quebrou na volta 60 - 12000.84 segundos
Ciclista 41 quebrou na volta 18 - 3600.96 segundos
Ciclista 44 quebrou na volta 30 - 5850.96 segundos
Ciclista 47 quebrou na volta 42 - 7501.08 segundos
Ciclista 49 quebrou na volta 18 - 3451.08 segundos
Ciclista 54 quebrou na volta 6 - 1201.20 segundos
Ciclista 56 quebrou na volta 36 - 7501.32 segundos
Ciclista 57 quebrou na volta 6 - 1051.32 segundos
Ciclista 58 quebrou na volta 78 - 15001.32 segundos
Ciclista 59 quebrou na volta 78 - 14851.32 segundos
Ciclista 61 quebrou na volta 48 - 9301.44 segundos
Ciclista 63 quebrou na volta 24 - 4951.44 segundos
Ciclista 64 quebrou na volta 18 - 3451.44 segundos
Ciclista 67 quebrou na volta 54 - 11101.56 segundos
Ciclista 71 quebrou na volta 30 - 5551.68 segundos
Ciclista 72 quebrou na volta 18 - 3301.68 segundos
Ciclista 80 quebrou na volta 12 - 2551.80 segundos
Ciclista 81 quebrou na volta 48 - 9451.92 segundos
Ciclista 82 quebrou na volta 42 - 8551.92 segundos
Ciclista 84 quebrou na volta 24 - 4951.92 segundos
Ciclista 86 quebrou na volta 90 - 16952.04 segundos
Ciclista 91 quebrou na volta 66 - 12902.16 segundos
Ciclista 93 quebrou na volta 24 - 4802.16 segundos
Ciclista 96 quebrou na volta 60 - 12002.28 segundos
Ciclista 99 quebrou na volta 24 - 4802.28 segundos
