Volta 1: 3 4 1 2 5 9 10 6 8 7 14 13 15 12 11 19 16 20 18 17 24 23 21 22 25 26 30 29 27 28 32 34 31 33 35 37 38 39 40 36 43 42 45 44 41 50 47 48 49 46
Volta 2: 1 5 3 4 10 6 7 8 14 12 13 15 20 18 17 16 25 24 21 23 22 26 30 29 27 33 34 32 31 35 40 38 45 42 49 48 47 50 2 9 11 19 28 37 36 39 44 43 41 46
Volta 3: 3 5 7 8 6 15 16 17 20 24 25 22 27 26 29 33 34 40 45 47 48 50 2 4 1 10 9 14 12 11 13 19 18 21 23 30 28 31 32 35 36 38 37 39 44 41 43 42 49
Volta 4: 5 3 8 6 15 20 25 22 27 34 40 47 48 50 2 4 1 9 10 7 13 14 18 17 16 21 23 24 26 30 29 28 33 35 37 38 36 43 41 45 44 11 12 19 31 32 39 42 49
Volta 5: 5 3 8 20 22 47 50 2 1 4 6 7 15 13 18 17 16 25 24 21 23 26 27 28 30 29 34 33 37 40 38 36 44 43 48 9 10 12 11 14 35 31 39 42 41 45 19 32
Volta 6: 3 5 8 50 47 4 15 18 20 17 16 25 23 22 29 28 30 26 27 33 37 38 40 48 1 2 10 9 7 14 13 11 21 35 34 31 36 42 41 44 45 43 12 19 32 39
Volta 7: 5 3 47 50 4 8 15 17 20 18 16 22 23 29 26 28 30 27 33 38 1 2 7 21 25 34 37 40 36 43 45 44 41 48 10 9 12 13 14 11 35 31 32 42 19
Volta 8: 3 5 50 4 8 15 17 18 23 22 28 29 26 30 47 7 20 16 25 21 27 33 34 38 36 40 37 43 44 48 2 1 10 9 12 11 14 35 31 41 42 45 13 19 32
Volta 9: 5 3 50 4 17 22 28 29 47 8 15 18 16 20 23 30 26 34 33 37 43 48 1 2 7 9 11 21 25 27 35 31 40 38 36 45 41 44 42 10 13 14 12 19
Volta 10: 3 50 4 5 17 22 29 47 8 15 16 20 23 30 26 28 37 43 48 1 9 7 18 25 27 33 34 36 40 38 45 41 44 2 10 12 11 14 21 31 35 42 13 19
Volta 11: 3 5 29 50 4 15 20 17 22 23 26 28 30 37 43 48 47 7 8 16 18 25 34 33 41 1 2 9 10 11 12 21 27 35 31 40 38 36 44 42 45 14 13
Volta 12: 3 5 29 4 15 17 20 26 28 43 48 50 8 23 22 30 33 34 37 2 1 7 10 11 12 25 21 27 31 38 44 42 45 41 9 14 35 36 40 13
Volta 13: 3 29 5 17 20 28 43 48 50 4 8 15 23 30 26 33 34 37 1 2 10 11 12 25 21 22 27 31 38 41 9 7 14 35 36 40 42 45 44
Volta 14: 3 5 17 20 29 48 50 15 23 28 30 26 33 34 43 4 2 1 8 10 12 25 21 27 31 37 9 11 14 22 35 38 36 42 45 41 44 7 40
Volta 15: 3 20 17 29 50 5 15 23 28 26 33 34 48 2 4 1 10 8 12 21 27 30 37 43 11 14 25 22 31 35 38 45 41 7 9 36 44 42
Volta 16: 3 17 29 50 5 15 20 23 34 48 4 2 8 10 12 21 28 26 27 33 37 43 1 11 14 25 30 35 31 38 41 45 7 9 22 36 44 42
Volta 17: 3 17 50 5 20 23 29 34 48 8 15 27 26 33 37 2 4 1 10 12 14 11 21 25 28 30 31 38 43 45 9 7 22 35 36 41 44
Volta 18: 3 17 50 20 23 29 5 8 26 27 33 34 37 48 2 1 4 10 15 25 21 28 31 45 43 12 11 22 30 36 38 41 9 7 35 44
Volta 19: 3 17 23 50 5 20 29 27 26 33 48 2 4 10 8 15 31 34 37 43 1 11 12 22 25 21 30 28 45 41 9 7 35 36 38
Volta 20: 3 17 23 50 5 20 29 33 48 2 4 10 8 15 26 27 31 34 43 1 12 21 25 22 28 30 37 45 41 9 7 11 35 38 36
Volta 21: 3 23 17 29 33 50 48 5 10 8 15 20 26 27 34 31 43 2 1 4 12 22 21 37 41 45 7 9 11 25 30 28 35 38
Volta 22: 3 23 17 50 5 8 15 20 26 27 29 34 31 33 43 48 4 2 1 10 41 45 7 11 12 25 21 22 28 37 9 30 35 38
Volta 23: 3 17 23 5 8 15 27 29 34 31 43 50 48 1 4 10 20 26 33 2 7 12 11 22 21 28 37 41 45 9 25 35 30
Volta 24: 3 17 23 29 27 31 43 50 48 1 5 4 8 10 15 20 26 34 33 2 12 22 37 45 41 7 25 21 28 35 30
Volta 25: 3 17 23 27 29 31 50 4 5 10 8 34 43 48 1 15 20 26 33 37 41 45 2 7 12 21 22 25 28 35
Volta 26: 3 17 29 27 31 50 4 5 10 8 23 34 43 1 15 20 26 33 37 45 48 2 12 28 41 7 25 22 21 35
Volta 27: 3 17 29 31 50 4 5 10 8 23 27 34 43 1 20 26 33 37 45 48 2 12 15 28 41 7 22 21 25
Volta 28: 3 17 29 31 50 5 4 27 1 8 10 20 23 34 43 48 2 28 26 33 37 41 45 7 12 15 25 22 21
Volta 29: 3 17 31 4 29 50 5 1 8 23 27 43 2 10 20 34 33 48 7 15 12 26 28 37 45 41 25 22
Volta 30: 3 17 31 4 5 8 27 29 43 50 2 1 10 23 34 48 15 12 20 28 26 33 37 41 7 25 45 22
Volta 31: 3 17 31 5 4 29 27 50 1 8 23 34 43 2 10 12 20 26 33 37 41 48 7 15 25 28 45
Volta 32: 3 31 17 5 4 29 27 8 43 50 2 1 10 12 23 26 33 34 37 48 15 20 25 28 41 45 7
Volta 33: 3 31 5 17 27 4 29 50 1 2 8 12 26 43 48 10 15 20 23 34 33 37 45 25 28 41
Volta 34: 3 31 5 17 27 29 4 1 8 12 43 50 2 10 15 20 23 26 33 34 45 48 25 28 37 41
Volta 35: 3 31 5 27 17 1 4 12 29 43 50 2 8 20 26 33 45 48 10 15 23 28 34 37 25
Volta 36: 3 5 31 17 29 43 2 4 8 12 26 50 15 20 23 28 34 33 37 45 48 25
Volta 37: 3 5 31 17 43 2 4 12 29 50 8 20 23 28 26 33 34 45 48 15 37
Volta 38: 3 5 31 17 43 2 29 4 8 12 20 23 28 33 45 50 15 26 34 37 48
Volta 39: 3 31 5 17 43 2 29 4 8 20 33 12 15 23 26 28 34 37 45 50
Volta 40: 3 5 17 31 43 29 4 2 8 20 33 12 23 28 34 37 45 15 26 50
Volta 41: 3 17 5 31 43 8 20 29 2 4 12 28 33 45 15 23 26 34 37
Volta 42: 3 5 17 31 43 29 2 8 12 20 28 33 4 15 26 34 37 45 23
Volta 43: 3 17 31 5 43 2 20 28 29 33 4 8 12 15 34 37 45 26
Volta 44: 3 5 17 31 43 20 28 29 33 4 2 8 12 15 34 45 26 37
Volta 45: 3 5 17 31 43 28 2 4 8 15 12 20 29 34 33 45 26
Volta 46: 3 17 5 31 43 28 2 4 8 33 34 45 15 12 20 29 26
Volta 47: 3 5 17 31 43 2 4 8 28 34 45 12 20 29 33 15
Volta 48: 3 31 43 5 17 4 8 28 2 12 20 29 34 33 45 15
Volta 49: 3 31 43 5 17 4 8 28 2 12 20 29 33 34 45
Volta 50: 3 43 5 31 4 17 28 2 8 20 29 33 34 45 12
Volta 51: 3 43 5 31 17 4 2 8 20 28 29 33 45 34
Volta 52: 3 43 5 31 17 4 2 8 28 20 29 34 33 45
Volta 53: 43 3 5 17 31 2 8 4 28 34 33 20 29
Volta 54: 3 43 5 17 31 8 2 4 28 33 20 29 34
Volta 55: 43 5 3 31 17 2 8 33 4 29 28 20
Volta 56: 43 5 3 31 17 2 8 28 29 33 4 20
Volta 57: 43 3 5 31 17 29 33 2 4 8 28
Volta 58: 43 3 5 31 17 2 8 29 28 33 4
Volta 59: 43 5 3 17 31 8 29 28 33 2
Volta 60: 43 17 31 28 29 33 2
Volta 61: 43 17 31 29 28 33
Volta 62: 43 17 31 28 29 33
Volta 63: 17 31 43 28 29
Volta 64: 17 43 31 28 29
Volta 65: 43 17 31 28
Volta 66: 43 17 28 31
Volta 67: 43 17 28
Volta 68: 43 17 28
Volta 69: 43 17
Volta 70: 43 17

Ranqueamento Final:
1: Ciclista 17 - 6675.42 segundos
2: Ciclista 28 - 6600.66 segundos
3: Ciclista 43 - 6526.02 segundos
4: Ciclista 31 - 6375.78 segundos
5: Ciclista 29 - 6300.66 segundos
6: Ciclista 33 - 6075.78 segundos
7: Ciclista 2 - 6000.06 segundos
8: Ciclista 4 - 5775.06 segundos
9: Ciclista 20 - 5550.42 segundos
10: Ciclista 34 - 5325.78 segundos
11: Ciclista 45 - 5101.02 segundos
12: Ciclista 12 - 4950.30 segundos
13: Ciclista 15 - 4875.30 segundos
14: Ciclista 26 - 4650.66 segundos
15: Ciclista 37 - 4425.90 segundos
16: Ciclista 23 - 4275.54 segundos
17: Ciclista 50 - 4051.14 segundos
18: Ciclista 48 - 3826.14 segundos
19: Ciclista 25 - 3675.54 segundos
20: Ciclista 41 - 3451.02 segundos
21: Ciclista 7 - 3300.18 segundos
22: Ciclista 22 - 3150.54 segundos
23: Ciclista 21 - 2925.54 segundos
24: Ciclista 35 - 2700.78 segundos
25: Ciclista 30 - 2550.66 segundos
26: Ciclista 38 - 2400.90 segundos
27: Ciclista 36 - 2175.90 segundos
28: Ciclista 44 - 1951.02 segundos
29: Ciclista 42 - 1726.02 segundos
30: Ciclista 40 - 1575.90 segundos
31: Ciclista 13 - 1425.30 segundos
32: Ciclista 19 - 1275.42 segundos
33: Ciclista 32 - 975.78 segundos
34: Ciclista 39 - 750.90 segundos
35: Ciclista 49 - 526.14 segundos
36: Ciclista 46 - 301.14 segundos

Ciclista 1 quebrou na volta 36 - 3450.00 segundos
Ciclista 3 quebrou na volta 60 - 5700.00 segundos
Ciclista 5 quebrou na volta 60 - 5625.00 segundos
Ciclista 6 quebrou na volta 6 - 600.12 segundos
Ciclista 8 quebrou na volta 60 - 5925.12 segundos
Ciclista 9 quebrou na volta 24 - 2475.12 segundos
Ciclista 10 quebrou na volta 36 - 3675.12 segundos
Ciclista 11 quebrou na volta 24 - 2400.24 segundos
Ciclista 14 quebrou na volta 18 - 1875.24 segundos
Ciclista 16 quebrou na volta 12 - 1275.36 segundos
Ciclista 18 quebrou na volta 12 - 1275.36 segundos
Ciclista 24 quebrou na volta 6 - 675.48 segundos
Ciclista 27 quebrou na volta 36 - 3300.60 segundos
Ciclista 47 quebrou na volta 12 - 1126.08 segundos
