Volta 1: 3 4 1 2 5 9 10 6 8 7 14 13 15 12 11 19 16 20 18 17 24 23 21 22 25 26 30 29 27 28 32 34 31 33 35 37 38 39 40 36 43 42 45 44 41 50 47 48 49 46
Volta 2: 2 1 5 3 10 9 6 7 11 12 13 15 20 19 17 16 25 24 21 23 22 26 29 28 27 33 34 32 31 35 40 39 43 45 49 48 46 50 4 8 14 18 30 37 38 36 42 44 41 47
Volta 3: 1 3 10 6 9 15 19 16 17 21 25 23 28 27 26 32 35 39 45 46 49 48 2 5 4 8 7 14 12 11 13 18 20 24 22 29 30 34 33 31 36 40 37 38 41 43 42 44 50
Volta 4: 3 1 10 6 15 16 19 23 25 27 32 39 45 48 49 46 2 5 4 7 9 11 13 20 17 24 21 22 29 28 26 33 35 31 38 36 44 43 41 42 50 8 14 12 18 30 34 40 37
Volta 5: 3 6 10 19 25 23 45 46 49 48 5 1 4 2 9 15 11 17 20 16 24 22 21 26 29 27 28 33 35 32 39 38 36 43 41 44 42 50 7 8 13 14 12 18 30 31 34 40
Volta 6: 3 10 6 25 48 49 46 2 1 11 15 19 16 23 29 27 26 35 39 38 41 44 45 50 5 4 8 7 13 14 12 20 24 21 22 28 33 31 32 34 36 42 43 18 30 40
Volta 7: 25 48 1 2 3 10 6 11 15 16 23 39 38 45 50 46 49 5 12 19 20 22 26 28 27 29 35 34 33 36 41 43 42 44 4 8 7 14 13 21 24 30 32 31 18
Volta 8: 25 1 2 3 10 6 11 15 16 23 48 46 49 12 19 27 29 26 28 35 34 39 38 36 42 43 45 41 50 4 5 7 8 14 13 20 21 22 24 30 31 32 33 44 18
Volta 9: 2 1 10 6 15 11 16 25 48 49 3 12 19 23 26 28 35 36 38 39 42 45 43 50 46 5 4 8 14 20 29 27 34 32 31 33 44 41 7 13 24 22 21 30
Volta 10: 1 2 10 6 15 11 16 25 3 19 23 26 28 36 39 38 42 49 46 48 50 5 4 8 12 20 27 35 33 34 32 41 45 44 43 7 13 14 21 24 22 29 30 31
Volta 11: 2 1 6 10 11 25 3 15 16 19 23 26 28 36 38 42 50 48 4 8 20 27 32 39 44 43 45 49 46 5 14 12 13 24 30 29 33 35 34 41 7 22 21
Volta 12: 1 2 6 3 10 15 11 16 23 25 28 38 42 50 20 19 27 26 32 36 39 44 45 43 46 48 5 8 13 12 14 29 35 34 41 7 22 24 21 30 33
Volta 13: 6 2 1 3 10 11 16 25 28 38 42 50 15 20 23 26 27 32 36 39 44 43 48 5 8 12 13 19 34 35 45 46 14 22 24 30 29 41 7 21
Volta 14: 3 1 6 25 42 2 10 11 16 23 27 28 26 38 36 50 48 8 15 12 20 34 32 39 43 45 44 46 5 13 19 24 29 35 41 7 14 21 22 30
Volta 15: 3 25 42 1 2 6 16 23 28 27 38 36 50 10 8 11 20 26 32 34 39 45 43 44 48 46 12 15 13 19 29 35 5 7 21 24 41 14 22
Volta 16: 3 25 42 2 1 16 23 28 38 50 6 8 11 27 32 34 36 39 43 44 46 10 15 12 13 19 20 26 45 48 5 7 21 24 29 35 41 14 22
Volta 17: 25 42 3 1 23 28 50 2 6 8 16 27 32 34 38 36 43 44 46 10 13 11 15 20 19 26 39 48 7 12 21 24 29 35 45 41 5 14
Volta 18: 25 42 50 2 1 8 16 23 27 28 34 38 36 44 6 13 20 19 32 39 43 46 48 7 10 15 12 24 26 5 21 35 45 41 14
Volta 19: 42 25 50 2 1 8 16 23 27 28 34 38 36 44 13 20 32 43 46 10 6 15 19 26 39 48 7 12 24 21 35 5 45 41
Volta 20: 42 1 2 16 25 34 38 36 50 8 13 23 28 27 32 43 44 46 6 15 20 19 26 39 48 7 10 12 24 21 35 5 41 45
Volta 21: 42 1 16 25 34 36 38 50 2 8 13 23 28 27 32 43 44 46 15 19 20 26 39 6 7 12 48 5 10 21 24 35 41
Volta 22: 42 1 16 25 36 38 2 8 13 23 27 32 34 43 44 50 15 28 26 39 46 6 19 20 48 5 7 12 24 21 35 10 41
Volta 23: 42 1 16 25 36 38 2 8 13 32 43 44 23 27 26 28 34 39 50 6 15 20 46 48 5 12 19 21 10 7 24 35
Volta 24: 42 1 25 38 16 36 43 2 8 13 23 28 27 32 39 44 50 6 20 26 5 15 19 48 46 7 10 12 21 24 35
Volta 25: 42 1 16 25 36 38 43 2 8 13 23 28 27 32 39 44 50 6 26 5 15 19 20 46 48 7 10 12 24 21
Volta 26: 1 42 25 38 36 16 23 32 39 43 50 2 8 6 13 28 27 44 15 19 26 5 10 20 24 46 48 7 12 21
Volta 27: 1 42 25 38 16 23 32 36 43 2 8 6 13 27 28 39 44 50 19 26 5 10 15 24 48 7 12 20 46
Volta 28: 1 38 42 25 23 32 36 6 13 16 43 50 2 8 19 28 27 39 44 10 15 26 48 5 7 20 24 12 46
Volta 29: 1 42 25 23 32 38 6 16 36 43 2 8 13 19 28 27 50 10 15 26 39 44 5 7 48 12 20 24
Volta 30: 42 1 23 25 38 36 43 6 13 19 16 28 27 50 2 10 8 15 26 39 44 5 48 7 12 20 24
Volta 31: 42 1 23 38 25 6 19 16 28 36 43 50 2 8 13 26 27 44 10 15 39 48 5 7 20 12
Volta 32: 42 1 23 38 16 19 25 36 43 6 28 27 50 2 10 8 13 26 39 44 48 5 15 20 7 12
Volta 33: 1 23 38 42 19 16 25 36 6 27 28 43 50 10 8 13 26 39 44 48 2 5 7 15 20
Volta 34: 1 38 42 23 19 36 6 16 25 27 43 13 26 28 39 44 50 2 8 10 48 5 7 20 15
Volta 35: 42 1 23 38 36 19 25 43 6 16 26 28 27 39 44 50 10 13 48 2 8 20 5 7
Volta 36: 42 23 19 25 36 43 6 16 39 44 50 10 13 26 27 28 48 2 8 20 5 7
Volta 37: 42 25 23 36 6 19 16 39 43 44 10 26 28 50 8 13 27 48 2 5 20
Volta 38: 42 36 6 19 23 25 39 44 43 10 16 28 50 8 13 27 26 48 5 2 20
Volta 39: 42 36 6 19 23 25 43 10 28 39 44 50 16 26 5 8 13 27 48 2
Volta 40: 42 19 23 36 43 6 25 39 44 50 10 28 8 13 16 27 26 48 5 2
Volta 41: 42 19 6 25 23 39 36 43 28 44 50 8 10 13 16 26 5 27 48
Volta 42: 42 19 6 23 43 25 39 36 44 50 8 13 28 16 27 26 48 5
Volta 43: 42 6 19 43 25 23 39 50 8 13 36 44 16 26 28 27 48
Volta 44: 42 6 19 25 39 43 8 23 36 44 50 13 16 27 28 26 48
Volta 45: 42 6 19 39 43 8 23 25 36 44 28 27 50 13 16 26
Volta 46: 42 19 39 43 8 6 23 25 36 44 28 13 16 26 27 50
Volta 47: 42 43 6 8 19 25 39 23 28 36 44 13 16 27 26
Volta 48: 8 19 25 39 43 36 44 13 16 27 28 26
Volta 49: 19 25 43 8 36 39 13 27 28 44 16
Volta 50: 19 8 25 39 36 43 13 27 28 44 16
Volta 51: 19 39 43 8 25 28 27 36 13 44
Volta 52: 19 39 43 25 27 28 8 13 36 44
Volta 53: 19 39 43 25 27 28 8 13 36
Volta 54: 19 39 43 27 28 25 36 8 13
Volta 55: 39 19 27 43 28 36 8 25
Volta 56: 39 43 19 27 28 36 8 25
Volta 57: 39 19 28 43 27 36 8
Volta 58: 39 28 43 19 36 27 8
Volta 59: 39 28 43 36 19 27
Volta 60: 39 28 43 36 19 27
Volta 61: 39 28 36 43 19
Volta 62: 39 28 19 36 43
Volta 63: 39 28 19 36
Volta 64: 39 28 19 36
Volta 65: 39 28 19
Volta 66: 39 19 28
Volta 67: 39 19
Volta 68: 39 19

Ranqueamento Final:
1: Ciclista 19 - 6675.42 segundos
2: Ciclista 39 - 6450.90 segundos
3: Ciclista 28 - 6450.66 segundos
4: Ciclista 36 - 6300.90 segundos
5: Ciclista 43 - 6076.02 segundos
6: Ciclista 27 - 5925.66 segundos
7: Ciclista 8 - 5850.18 segundos
8: Ciclista 25 - 5625.54 segundos
9: Ciclista 13 - 5400.30 segundos
10: Ciclista 44 - 5176.02 segundos
11: Ciclista 16 - 5100.42 segundos
12: Ciclista 26 - 4800.66 segundos
13: Ciclista 50 - 4651.14 segundos
14: Ciclista 48 - 4501.14 segundos
15: Ciclista 5 - 4350.06 segundos
16: Ciclista 2 - 4200.06 segundos
17: Ciclista 20 - 3900.42 segundos
18: Ciclista 7 - 3825.18 segundos
19: Ciclista 15 - 3600.30 segundos
20: Ciclista 12 - 3450.30 segundos
21: Ciclista 24 - 3150.54 segundos
22: Ciclista 46 - 3001.14 segundos
23: Ciclista 21 - 2775.54 segundos
24: Ciclista 35 - 2550.78 segundos
25: Ciclista 41 - 2476.02 segundos
26: Ciclista 45 - 2176.02 segundos
27: Ciclista 14 - 2025.30 segundos
28: Ciclista 22 - 1800.54 segundos
29: Ciclista 30 - 1575.66 segundos
30: Ciclista 33 - 1350.78 segundos
31: Ciclista 31 - 1125.78 segundos
32: Ciclista 18 - 975.42 segundos
33: Ciclista 40 - 750.90 segundos
34: Ciclista 37 - 525.90 segundos
35: Ciclista 47 - 301.14 segundos

Ciclista 1 quebrou na volta 36 - 3300.00 segundos
Ciclista 3 quebrou na volta 18 - 1650.00 segundos
Ciclista 4 quebrou na volta 12 - 1275.00 segundos
Ciclista 6 quebrou na volta 48 - 4725.12 segundos
Ciclista 9 quebrou na volta 6 - 600.12 segundos
Ciclista 10 quebrou na volta 42 - 4200.12 segundos
Ciclista 11 quebrou na volta 18 - 1800.24 segundos
Ciclista 17 quebrou na volta 6 - 600.36 segundos
Ciclista 23 quebrou na volta 48 - 4800.48 segundos
Ciclista 29 quebrou na volta 18 - 1950.60 segundos
Ciclista 32 quebrou na volta 30 - 2775.72 segundos
Ciclista 34 quebrou na volta 24 - 2325.72 segundos
Ciclista 38 quebrou na volta 36 - 3300.84 segundos
Ciclista 42 quebrou na volta 48 - 4425.96 segundos
Ciclista 49 quebrou na volta 12 - 1201.08 segundos
