Volta 1: 2 3 4 5 1 8 6 7 10 9 15 12 11 14 13 17 18 19 20 16 22 21 25 23 24 26 30 28 27 29 33 35 34 31 32 40 36 39 38 37 41 45 42 44 43 47 49 48 46 50 51 52 53 54 55 57 58 56 60 59 62 61 63 65 64 67 68 70 69 66 75 73 74 71 72 80 76 77 78 79 83 82 84 81 85 90 89 87 88 86 94 92 93 95 91 98 99 97 96 100
Volta 2: 1 4 2 5 8 6 7 10 11 12 20 16 17 18 19 25 24 28 26 29 30 34 32 31 35 38 39 40 45 44 43 42 46 50 48 49 47 53 52 54 51 55 57 56 58 59 62 64 63 61 65 67 70 69 66 73 74 71 76 80 79 82 83 84 81 90 92 94 93 95 91 98 97 96 100 99 3 9 15 14 13 22 21 23 27 33 37 36 41 60 68 75 72 77 78 85 86 89 88 87
Volta 3: 4 2 7 10 8 6 11 20 18 16 25 28 30 32 40 39 45 44 49 53 55 54 58 56 57 61 65 70 69 71 79 76 83 81 82 90 94 91 95 93 99 98 97 100 1 5 9 12 13 15 19 17 21 23 24 22 26 29 31 33 35 34 38 36 37 41 42 43 48 50 47 46 51 52 59 60 63 64 62 67 66 73 74 78 77 80 84 85 88 89 92 96 3 14 27 68 72 75 86
Volta 4: 10 6 7 20 16 25 28 30 39 45 58 56 61 69 71 76 79 82 83 81 90 93 94 91 100 99 1 2 5 4 9 8 11 13 12 15 19 17 18 22 24 23 21 26 29 32 33 34 35 31 38 36 40 44 41 43 46 47 50 49 53 54 52 55 57 59 62 65 64 67 70 74 73 78 77 80 88 92 95 98 97 96 3 37 42 48 51 60 63 66 72 84 85 89 14 27 68 75 86
Volta 5: 10 6 20 16 25 45 56 71 76 81 82 90 91 94 93 100 2 5 1 7 9 8 13 12 11 17 18 23 24 21 28 26 29 30 34 31 33 32 39 36 40 41 43 50 47 52 55 54 58 59 57 65 61 64 69 70 74 73 78 79 77 83 88 99 97 3 4 15 19 22 35 38 37 44 42 46 49 48 53 51 60 62 63 66 67 80 85 84 89 92 95 98 96 14 68 72 27 75
Volta 6: 6 20 16 25 56 71 82 100 2 8 9 7 10 13 18 23 21 28 26 30 34 32 40 36 39 45 43 47 55 52 57 58 61 65 69 77 78 79 76 81 83 90 88 94 93 99 97 4 5 1 11 15 19 17 22 24 29 33 35 31 37 38 42 44 41 49 50 48 54 53 51 59 60 63 64 62 70 74 73 80 84 85 95 92 96 3 46 68 67 72 89 98 14 27 75
Volta 7: 25 56 100 2 10 6 9 7 13 20 16 18 21 28 26 32 45 57 58 61 65 71 78 76 79 77 82 81 90 88 94 93 99 5 8 15 11 19 17 22 23 30 34 33 31 35 36 39 40 37 43 41 50 49 47 52 55 54 53 60 59 64 63 70 69 73 80 83 95 96 97 3 1 4 24 29 38 44 42 48 46 51 62 67 74 84 85 89 92 98 68 72 14 27
Volta 8: 100 2 6 9 18 16 20 25 21 26 28 32 45 56 57 58 65 78 79 77 82 81 93 10 8 7 15 13 11 19 22 30 35 36 40 39 43 47 55 52 53 59 60 63 61 64 70 71 76 80 83 90 88 94 97 96 99 5 1 3 4 17 23 24 29 34 33 31 38 37 41 42 44 50 46 49 48 54 51 62 69 73 74 85 84 89 95 98 67 68 72 92 14 27
Volta 9: 2 9 6 18 21 26 28 56 57 65 77 78 93 100 8 7 10 13 15 16 20 22 25 32 39 40 36 45 52 58 64 61 71 79 80 76 83 81 82 88 90 94 96 99 4 5 1 3 11 19 17 24 23 30 35 33 37 44 43 41 49 47 55 53 51 59 60 63 62 69 70 73 74 85 89 95 97 29 31 34 38 42 46 50 48 54 68 67 72 84 92 98 14
Volta 10: 2 6 9 21 28 26 65 77 78 100 10 15 13 16 18 20 25 22 32 36 45 56 57 64 79 82 83 94 93 1 4 5 8 7 11 19 23 30 33 40 39 37 43 47 49 52 51 53 59 58 61 63 62 69 74 71 73 76 80 81 85 90 89 88 95 96 99 3 17 24 29 35 34 41 42 44 48 46 50 55 60 68 67 70 84 92 97 98 14 31 38 54 72
Volta 11: 2 65 77 6 9 22 21 26 28 36 45 57 64 78 83 82 93 94 100 5 1 4 7 8 10 13 11 15 20 19 18 16 25 30 32 33 37 39 40 43 53 56 58 62 63 61 69 71 74 79 88 89 95 99 96 3 17 23 24 35 42 44 41 47 46 48 49 51 52 55 60 59 67 73 76 80 84 85 81 90 92 97 29 34 31 38 50 68 70 98 14 54
Volta 12: 2 65 77 21 22 26 36 45 57 64 78 83 82 94 1 10 6 8 13 15 16 20 19 18 25 30 28 32 33 39 56 58 63 69 74 71 79 88 93 100 5 4 7 11 37 40 44 42 43 46 49 48 53 52 55 60 59 61 62 67 73 76 80 85 89 90 95 96 99 17 23 24 29 31 35 38 50 68 70 81 92 97 14 34 54 98
Volta 13: 65 77 2 22 21 26 57 64 83 82 1 8 15 19 16 20 25 30 33 36 45 58 56 63 69 74 71 78 88 93 94 100 4 5 7 10 6 13 18 28 32 39 40 43 55 62 61 67 73 79 76 95 99 11 17 24 23 29 35 37 44 42 49 46 48 52 53 60 59 68 70 80 81 85 90 89 92 96 34 31 38 50 54 97 14
Volta 14: 65 2 22 21 57 64 77 82 1 8 20 16 19 25 26 30 36 45 58 56 63 74 78 83 93 94 100 6 10 7 13 15 18 28 33 32 40 55 69 67 73 71 76 79 88 95 99 5 4 11 23 29 35 39 37 42 43 48 52 60 59 61 62 68 70 80 81 85 89 90 92 96 17 24 31 38 44 46 50 49 53 54 97 14 34
Volta 15: 2 22 57 65 77 1 20 21 25 26 36 56 58 63 64 74 82 83 94 93 100 7 10 8 15 16 18 19 30 40 45 55 69 67 78 79 88 99 5 4 6 13 23 28 29 32 33 35 39 37 43 52 60 59 61 70 68 73 71 80 76 81 92 95 11 17 42 44 49 46 50 48 53 54 62 85 90 89 97 96 14 24 31 38
Volta 16: 2 22 57 65 20 21 25 58 64 77 82 94 100 1 8 7 18 19 16 30 26 40 36 56 63 67 74 79 78 83 88 93 99 4 5 10 15 13 28 35 33 39 37 43 45 52 55 59 68 70 69 73 71 76 81 95 6 11 23 29 32 42 44 46 48 50 49 53 54 60 61 62 80 85 89 92 96 14 17 31 90 97 24 38
Volta 17: 22 65 2 20 25 58 57 64 77 82 94 100 1 8 16 21 30 40 56 63 67 74 79 78 83 88 93 4 10 7 13 18 19 26 35 33 36 37 39 43 45 55 59 70 69 68 73 76 81 99 5 6 15 28 29 32 44 42 50 46 52 54 60 61 62 71 80 95 92 11 17 23 31 49 48 53 85 90 89 96 97 14 24
Volta 18: 22 65 20 58 82 1 8 25 21 30 57 56 64 67 79 77 88 93 94 100 7 13 16 18 19 26 35 37 40 45 63 70 73 74 83 81 99 5 4 10 6 15 28 29 33 36 39 43 44 46 55 59 61 69 68 71 76 11 32 42 49 48 52 53 54 60 62 80 85 90 89 92 97 96 14 17 23 24 31
Volta 19: 22 58 65 20 21 30 56 57 64 67 79 77 82 94 100 1 7 8 13 16 25 37 63 83 88 93 99 10 6 15 19 18 26 28 35 33 40 39 36 45 43 46 55 59 61 68 70 74 73 76 81 4 5 29 44 42 49 54 60 69 71 90 92 96 11 14 17 24 23 32 48 53 52 62 80 85 89 97
Volta 20: 58 65 20 21 22 57 64 67 77 82 100 8 13 16 25 30 56 63 79 83 88 93 94 1 7 10 6 18 26 33 37 40 45 55 73 74 76 81 99 4 5 15 19 28 29 35 39 36 43 44 42 46 49 59 60 61 68 70 71 96 11 14 17 24 32 48 53 52 54 62 69 85 90 92 97 23 80 89
Volta 21: 65 21 22 58 57 64 100 20 16 25 30 56 63 67 79 77 82 88 94 1 10 8 6 7 13 40 37 45 55 74 76 83 93 4 5 15 18 26 29 28 33 36 39 43 44 46 59 60 70 68 71 73 81 96 99 14 11 17 19 24 35 42 48 49 53 54 61 69 85 90 23 32 52 62 92 97 80
Volta 22: 65 58 64 20 16 25 21 22 57 67 77 82 88 100 1 8 10 13 30 37 40 45 55 56 63 74 76 79 83 94 7 6 15 18 26 29 33 39 59 60 68 71 73 81 93 96 99 4 5 14 11 19 17 28 35 36 44 42 43 49 46 53 54 70 85 90 24 48 52 61 69 92 23 32 62 80 97
Volta 23: 58 65 16 25 21 22 57 64 67 77 100 1 10 20 30 40 37 55 56 63 74 82 83 88 94 7 6 8 13 33 45 59 60 68 71 76 79 99 96 4 5 11 15 14 18 17 19 29 28 26 39 36 43 42 44 49 53 70 73 81 90 93 24 35 46 48 52 54 61 69 85 92 23 62 32 80
Volta 24: 65 16 25 22 58 64 67 1 10 20 30 55 57 56 77 82 88 100 6 8 7 40 37 45 60 59 63 68 74 79 76 83 94 99 5 11 13 18 17 29 33 39 71 73 81 93 96 4 15 14 19 24 26 28 35 36 42 44 43 49 54 53 70 85 90 92 23 48 46 52 62 61 69 32 80
Volta 25: 65 25 67 10 16 22 30 56 58 64 77 88 100 1 8 7 6 20 45 55 57 63 79 82 94 99 5 13 11 18 29 39 37 40 60 59 68 73 74 71 76 81 83 4 17 19 24 26 28 33 35 36 44 43 42 53 70 85 92 93 96 15 14 23 48 46 49 54 61 62 90 32 52 69
Volta 26: 65 10 16 25 22 30 58 64 67 77 100 1 8 7 20 45 56 57 63 79 88 99 5 6 18 40 39 55 59 60 68 74 71 76 81 83 82 94 13 11 19 17 24 29 33 37 36 44 53 70 73 85 93 92 96 4 15 14 23 26 28 35 43 42 49 54 32 48 46 52 62 61 69 90
Volta 27: 65 25 22 30 58 64 67 77 100 7 8 10 20 16 45 56 63 79 88 99 1 5 18 60 57 68 71 76 81 83 82 94 6 11 13 17 19 29 36 40 39 37 44 55 53 59 70 74 93 92 96 4 14 15 24 28 26 33 35 43 42 49 54 73 85 23 32 48 61 62 69 46 52
Volta 28: 65 22 25 30 58 64 100 7 8 10 16 20 45 67 77 88 99 1 5 60 56 63 68 71 79 83 81 6 11 19 18 17 29 36 37 40 44 59 57 74 76 82 94 92 93 96 4 13 15 35 39 43 49 53 54 55 70 73 85 14 23 24 28 26 33 32 42 48 69 46 62 61 52
Volta 29: 65 25 22 64 7 16 20 30 45 58 67 77 99 100 10 8 60 68 71 79 83 88 5 1 6 11 18 19 37 44 59 56 57 63 76 82 81 92 94 96 4 15 13 17 29 40 39 36 43 55 53 70 73 74 93 24 23 26 28 35 33 32 42 49 48 54 69 85 14 62 46 61
Volta 30: 65 22 64 7 20 16 30 45 58 77 99 10 60 67 79 83 88 1 6 8 11 18 19 37 44 56 68 76 81 92 96 4 15 13 17 29 40 43 53 57 59 74 73 82 93 94 23 26 28 32 33 36 39 42 49 55 54 70 69 14 24 48 62 85 61 46
Volta 31: 65 22 7 20 45 64 16 30 60 58 67 77 88 99 10 6 8 11 18 19 56 68 79 83 81 92 96 4 1 15 40 37 44 53 59 57 74 73 76 82 93 94 13 17 23 29 33 39 36 43 49 55 69 70 24 26 28 32 42 48 54 62 14 61 85
Volta 32: 65 20 22 7 16 30 45 60 58 64 67 77 99 8 10 6 11 18 19 68 81 88 4 15 40 44 53 56 57 74 76 79 83 93 92 94 96 1 17 23 29 33 39 36 37 43 49 55 59 73 82 13 28 42 54 70 69 24 26 32 48 62 85 14 61
Volta 33: 65 20 22 7 64 67 77 10 6 16 30 45 60 58 68 81 88 99 8 11 15 18 19 40 53 57 56 74 93 92 96 1 4 17 23 29 33 36 37 39 44 49 59 73 76 79 82 83 94 13 28 43 42 55 54 69 24 32 48 70 85 14 26 62
Volta 34: 65 22 7 20 64 67 10 6 16 30 45 60 58 68 77 81 88 99 8 11 40 53 56 57 15 19 18 23 39 37 44 74 79 76 83 82 92 94 93 96 1 4 13 17 29 28 33 36 42 43 49 55 54 59 73 24 70 69 85 14 26 32 48 62
Volta 35: 22 65 64 67 7 10 20 16 45 60 58 77 88 6 30 53 56 68 81 99 8 11 15 18 39 40 44 57 74 79 76 82 94 92 93 96 1 4 13 19 17 23 29 33 37 42 55 54 59 83 28 36 43 49 69 73 85 14 24 32 48 70 26
Volta 36: 65 22 64 67 10 16 58 7 6 20 30 45 60 68 77 81 88 99 11 40 53 56 74 76 92 94 96 1 4 13 19 23 29 33 37 44 42 57 79 82 83 17 36 43 49 54 55 69 73 14 24 32 48 85 26
Volta 37: 65 22 67 10 16 58 64 6 7 20 30 60 77 81 88 99 45 56 68 92 94 96 1 13 11 23 29 33 37 40 44 42 53 57 74 76 79 4 19 36 55 54 69 73 82 83 17 24 32 43 49 85 14 48
Volta 38: 65 67 10 16 22 58 64 6 7 20 30 60 77 88 99 45 56 68 81 92 96 1 11 23 29 40 53 57 74 76 94 13 19 33 36 37 42 44 55 79 82 83 4 17 24 32 43 49 54 69 73 85 48 14
Volta 39: 65 10 16 22 67 6 58 60 64 88 99 7 20 30 45 56 77 81 92 96 1 23 29 57 68 94 11 13 19 33 36 40 37 44 53 74 76 79 83 82 4 32 42 55 73 85 17 24 43 49 48 54 69
Volta 40: 65 10 67 6 16 22 58 64 99 7 20 30 45 56 60 88 92 96 23 29 68 77 81 94 1 11 19 33 36 37 40 53 57 74 76 79 82 4 13 32 44 42 55 73 83 17 24 43 49 48 54 69 85
Volta 41: 65 6 10 22 64 67 99 16 30 45 58 88 92 96 7 20 23 60 56 81 1 11 29 36 37 57 68 76 77 94 4 13 19 33 32 40 44 55 53 74 79 83 82 17 24 42 54 73 43 48 49 69
Volta 42: 65 10 22 64 67 16 30 58 88 92 96 20 23 45 60 56 81 1 7 11 37 57 68 94 19 33 36 53 55 74 76 79 77 82 13 17 32 40 44 42 54 73 83 24 43 48 49 69
Volta 43: 65 10 22 64 67 58 88 16 23 30 45 56 81 92 96 7 11 20 37 60 57 1 36 55 68 74 77 79 76 94 13 19 32 33 40 44 53 73 82 17 24 43 42 48 54 83 49
Volta 44: 65 64 67 10 22 88 23 30 45 58 56 92 96 11 16 20 37 60 57 81 1 7 55 68 79 77 76 94 19 33 36 40 53 74 73 82 13 17 24 32 43 42 44 54 83 48 49
Volta 45: 65 67 10 22 64 23 30 88 92 11 20 16 37 45 56 57 58 60 81 96 7 55 68 77 76 1 33 36 40 53 74 79 82 94 13 17 19 24 32 44 43 73 83 42 48 54
Volta 46: 65 67 22 64 10 30 88 16 23 45 56 58 60 57 81 92 7 11 20 37 55 68 76 77 96 1 40 36 53 74 79 82 13 19 32 33 43 94 17 24 44 42 48 54 73 83
Volta 47: 65 67 22 64 88 10 23 30 58 81 92 11 16 37 45 60 56 57 76 7 20 40 36 53 55 68 74 77 82 96 1 13 32 43 79 94 17 19 24 33 44 42 48 54 73
Volta 48: 65 67 64 22 58 81 88 10 11 45 56 60 57 92 7 20 16 40 36 37 55 68 76 77 1 13 32 53 74 79 94 96 33 43 17 19 24 42 44 73 54
Volta 49: 65 67 22 58 64 81 10 11 57 60 88 16 20 40 37 45 55 56 68 76 92 1 7 36 53 77 94 96 13 32 74 79 17 24 33 44 42 43 73 19
Volta 50: 65 67 22 58 64 10 11 60 81 88 20 37 40 45 55 57 56 92 16 36 68 76 77 94 96 1 7 32 53 79 13 33 43 44 74 73 19 17 24 42
Volta 51: 65 67 22 58 11 60 64 81 88 10 20 37 57 40 36 45 55 56 68 76 92 1 7 16 32 77 94 96 13 43 53 74 73 79 17 33 44 19 24
Volta 52: 65 58 67 11 22 64 81 88 10 20 37 60 36 40 45 55 57 68 1 16 32 56 76 94 92 96 7 13 43 53 74 79 77 17 73 19 24 33 44
Volta 53: 65 58 67 22 11 20 37 60 64 81 88 10 36 40 45 57 68 1 32 55 56 76 92 96 13 16 53 79 94 7 17 43 74 73 77 24 33 19
Volta 54: 65 58 67 11 20 22 37 60 64 81 88 40 36 45 57 1 10 32 55 56 68 92 96 53 79 94 7 16 43 74 77 17 24 33 73 19
Volta 55: 65 58 67 11 22 64 81 88 20 37 40 36 60 1 45 56 57 68 92 10 32 55 53 96 16 74 79 94 7 17 43 73 77 24 33
Volta 56: 65 58 11 64 67 81 88 20 22 37 36 60 40 45 57 56 68 92 1 55 53 96 10 16 32 74 79 94 7 43 73 77 17 24 33
Volta 57: 65 11 58 64 67 81 88 22 37 36 60 20 40 45 92 1 56 57 68 96 10 32 53 55 74 79 94 16 43 77 7 17 24 73
Volta 58: 65 11 64 81 22 37 58 67 88 20 40 36 45 60 92 1 56 57 68 96 10 32 55 79 94 16 53 74 77 24 43 73 7 17
Volta 59: 65 11 64 81 37 58 67 88 22 40 36 45 60 92 1 20 57 56 68 10 32 96 16 55 53 74 79 94 24 73 77 7 43
Volta 60: 65 11 64 81 37 67 88 22 36 60 58 1 20 40 45 56 57 68 92 10 32 96 16 53 55 79 24 73 74 77 94 43 7
Volta 61: 65 64 81 11 67 22 37 58 88 36 40 56 60 68 92 1 10 20 32 45 57 96 16 53 55 74 79 94 24 73 77 43
Volta 62: 65 64 81 11 22 67 88 37 36 40 56 58 60 92 10 20 32 45 68 96 1 57 16 55 53 74 79 24 73 77 94 43
Volta 63: 65 81 64 11 22 67 36 37 56 58 88 40 45 60 92 1 10 20 32 57 68 96 16 55 53 74 79 24 73 94 77
Volta 64: 65 81 64 67 11 22 37 36 58 56 88 40 60 92 1 10 20 32 45 57 68 96 55 53 16 74 73 79 24 77 94
Volta 65: 65 81 64 67 22 36 58 56 11 37 60 88 92 1 10 20 40 45 68 32 55 53 57 96 16 74 73 79 24 77
Volta 66: 65 81 64 67 22 36 56 11 58 88 92 1 40 37 45 60 68 10 20 53 57 96 32 55 73 79 16 74 24 77
Volta 67: 65 81 64 36 56 67 11 22 58 92 37 40 60 68 88 1 20 45 53 57 96 10 32 55 79 16 74 73 24
Volta 68: 65 64 81 36 56 67 11 22 58 40 37 60 68 88 92 20 1 10 45 53 55 57 79 96 32 73 16 24 74
Volta 69: 65 81 36 56 64 67 11 58 22 68 88 20 40 37 60 92 1 10 45 55 57 79 96 32 53 16 73 24
Volta 70: 65 36 67 81 56 58 64 11 68 88 20 22 40 60 1 10 37 45 55 57 79 92 96 53 32 73 16 24
Volta 71: 65 36 81 56 67 11 58 64 88 22 40 60 68 10 20 45 79 1 37 55 57 92 96 32 53 16 73
Volta 72: 65 81 36 67 58 56 64 11 22 40 60 68 88 10 20 45 55 57 79 92 96 1 37 53 32 73 16
Volta 73: 65 81 36 67 58 11 56 60 64 88 10 22 40 68 20 45 57 79 96 37 55 92 1 32 53 73
Volta 74: 65 81 36 67 58 11 56 64 40 60 68 88 10 22 45 57 79 20 37 55 92 96 1 53 32 73
Volta 75: 65 81 36 58 67 11 64 40 60 56 88 10 22 45 57 68 20 37 79 55 53 92 96 1 32
Volta 76: 65 81 67 11 36 58 64 60 56 88 22 40 57 68 10 20 37 45 79 53 55 92 96 32 1
Volta 77: 65 81 11 36 58 64 67 60 88 40 57 56 68 10 20 22 79 37 45 32 53 55 92 96
Volta 78: 65 81 64 11 36 58 67 60 57 56 68 88 10 20 22 40 37 45 79 32 53 92 96 55
Volta 79: 65 64 81 11 58 36 57 60 67 68 20 22 40 56 88 10 37 79 32 45 53 96 92
Volta 80: 65 81 64 11 36 58 67 20 22 56 60 57 68 88 40 37 79 10 32 45 53 96 92
Volta 81: 65 81 64 11 36 58 60 56 57 67 68 20 22 79 88 10 32 37 40 45 53 96
Volta 82: 65 81 64 11 36 60 58 56 68 67 20 22 57 88 32 40 79 10 37 45 53 96
Volta 83: 65 81 64 60 58 56 68 67 11 20 36 57 22 32 79 88 10 37 40 45 53
Volta 84: 65 81 64 58 56 60 68 11 20 57 22 88 10 32 37 79 40 45 53
Volta 85: 65 81 56 64 68 11 20 60 58 22 57 10 32 79 88 37 40 45
Volta 86: 65 81 56 64 11 20 60 58 68 57 22 32 79 88 10 37 40 45
Volta 87: 65 81 56 64 11 60 68 20 57 58 22 79 88 10 32 40 37
Volta 88: 65 81 56 64 11 68 20 58 60 57 79 22 32 88 10 40 37
Volta 89: 65 56 81 11 64 68 60 20 57 58 79 22 32 88 10 40
Volta 90: 65 56 81 11 64 68 60 20 58 57 22 32 79 88 10 40
Volta 91: 65 81 11 56 64 68 60 20 22 32 57 58 79 88 10
Volta 92: 65 11 68 81 56 64 60 20 22 58 57 88 32 79 10
Volta 93: 65 68 11 56 64 81 60 20 22 58 88 32 57 79
Volta 94: 65 68 11 64 81 60 56 20 58 22 32 57 88 79
Volta 95: 65 68 64 81 11 56 60 20 22 58 57 88 32
Volta 96: 65 68 11 56 64 81 60 22 58 88 20 32 57
Volta 97: 65 68 56 11 60 64 81 58 88 22 32 20
Volta 98: 65 68 11 56 60 64 81 58 22 88 32 20
Volta 99: 65 68 11 56 60 81 64 58 88 22 32
Volta 100: 65 68 81 11 56 60 58 64 22 32 88
Volta 101: 65 68 81 56 60 11 58 64 22 32
Volta 102: 65 68 60 56 81 11 64 58 22 32
Volta 103: 65 68 56 81 11 60 64 22 58
Volta 104: 65 68 60 56 64 81 11 22 58
Volta 105: 65 68 60 56 64 81 11 22
Volta 106: 65 68 56 60 64 81 11 22
Volta 107: 65 68 60 64 56 81 11
Volta 108: 65 60 64 81 56 11
Volta 109: 65 60 64 56 81
Volta 110: 65 60 64 56 81
Volta 111: 65 60 64 56
Volta 112: 65 56 60 64
Volta 113: 65 60 56
Volta 114: 65 60 56
Volta 115: 65 60
Volta 116: 65 60

Ranqueamento Final:
1: Ciclista 60 - 11176.38 segundos
2: Ciclista 56 - 11101.38 segundos
3: Ciclista 65 - 10876.50 segundos
4: Ciclista 64 - 10876.50 segundos
5: Ciclista 81 - 10726.98 segundos
6: Ciclista 11 - 10650.30 segundos
7: Ciclista 22 - 10425.54 segundos
8: Ciclista 58 - 10351.38 segundos
9: Ciclista 32 - 10125.78 segundos
10: Ciclista 88 - 9902.10 segundos
11: Ciclista 20 - 9825.42 segundos
12: Ciclista 57 - 9526.38 segundos
13: Ciclista 79 - 9376.86 segundos
14: Ciclista 10 - 9225.18 segundos
15: Ciclista 40 - 9075.90 segundos
16: Ciclista 37 - 8925.90 segundos
17: Ciclista 45 - 8626.02 segundos
18: Ciclista 53 - 8476.26 segundos
19: Ciclista 96 - 8252.34 segundos
20: Ciclista 92 - 8177.22 segundos
21: Ciclista 55 - 7951.26 segundos
22: Ciclista 1 - 7800.06 segundos
23: Ciclista 73 - 7576.74 segundos
24: Ciclista 16 - 7425.42 segundos
25: Ciclista 24 - 7200.54 segundos
26: Ciclista 74 - 6976.74 segundos
27: Ciclista 77 - 6826.86 segundos
28: Ciclista 94 - 6602.22 segundos
29: Ciclista 43 - 6451.02 segundos
30: Ciclista 7 - 6300.18 segundos
31: Ciclista 17 - 6075.42 segundos
32: Ciclista 33 - 5850.78 segundos
33: Ciclista 19 - 5700.42 segundos
34: Ciclista 44 - 5476.02 segundos
35: Ciclista 42 - 5251.02 segundos
36: Ciclista 54 - 5101.26 segundos
37: Ciclista 83 - 4801.98 segundos
38: Ciclista 49 - 4726.14 segundos
39: Ciclista 69 - 4501.62 segundos
40: Ciclista 85 - 4201.98 segundos
41: Ciclista 14 - 4125.30 segundos
42: Ciclista 26 - 3900.66 segundos
43: Ciclista 62 - 3751.50 segundos
44: Ciclista 61 - 3526.50 segundos
45: Ciclista 46 - 3376.14 segundos
46: Ciclista 52 - 3151.26 segundos
47: Ciclista 90 - 2852.10 segundos
48: Ciclista 80 - 2701.86 segundos
49: Ciclista 97 - 2477.34 segundos
50: Ciclista 89 - 2252.10 segundos
51: Ciclista 31 - 2025.78 segundos
52: Ciclista 38 - 1875.90 segundos
53: Ciclista 34 - 1650.78 segundos
54: Ciclista 98 - 1427.34 segundos
55: Ciclista 72 - 1201.74 segundos
56: Ciclista 27 - 1050.66 segundos
57: Ciclista 75 - 826.74 segundos
58: Ciclista 86 - 602.10 segundos
59: Ciclista 87 - 302.10 segundos

Ciclista 2 quebrou na volta 18 - 1725.00 segundos
Ciclista 3 quebrou na volta 12 - 1275.00 segundos
Ciclista 4 quebrou na volta 42 - 4275.00 segundos
Ciclista 5 quebrou na volta 30 - 3075.00 segundos
Ciclista 6 quebrou na volta 42 - 4050.12 segundos
Ciclista 8 quebrou na volta 36 - 3600.12 segundos
Ciclista 9 quebrou na volta 12 - 1200.12 segundos
Ciclista 12 quebrou na volta 6 - 600.24 segundos
Ciclista 13 quebrou na volta 54 - 5550.24 segundos
Ciclista 15 quebrou na volta 36 - 3675.24 segundos
Ciclista 18 quebrou na volta 36 - 3675.36 segundos
Ciclista 21 quebrou na volta 24 - 2325.48 segundos
Ciclista 23 quebrou na volta 48 - 4650.48 segundos
Ciclista 25 quebrou na volta 30 - 2850.48 segundos
Ciclista 28 quebrou na volta 36 - 3750.60 segundos
Ciclista 29 quebrou na volta 42 - 4200.60 segundos
Ciclista 30 quebrou na volta 48 - 4650.60 segundos
Ciclista 35 quebrou na volta 30 - 3150.72 segundos
Ciclista 36 quebrou na volta 84 - 8250.84 segundos
Ciclista 39 quebrou na volta 36 - 3675.84 segundos
Ciclista 41 quebrou na volta 12 - 1275.96 segundos
Ciclista 47 quebrou na volta 12 - 1276.08 segundos
Ciclista 48 quebrou na volta 48 - 4951.08 segundos
Ciclista 50 quebrou na volta 18 - 1876.08 segundos
Ciclista 51 quebrou na volta 12 - 1276.20 segundos
Ciclista 59 quebrou na volta 36 - 3751.32 segundos
Ciclista 63 quebrou na volta 30 - 3001.44 segundos
Ciclista 66 quebrou na volta 6 - 751.56 segundos
Ciclista 67 quebrou na volta 84 - 8251.56 segundos
Ciclista 68 quebrou na volta 108 - 10426.56 segundos
Ciclista 70 quebrou na volta 36 - 3826.56 segundos
Ciclista 71 quebrou na volta 30 - 2926.68 segundos
Ciclista 76 quebrou na volta 54 - 5476.80 segundos
Ciclista 78 quebrou na volta 18 - 1726.80 segundos
Ciclista 82 quebrou na volta 48 - 4876.92 segundos
Ciclista 84 quebrou na volta 12 - 1276.92 segundos
Ciclista 91 quebrou na volta 6 - 602.16 segundos
Ciclista 93 quebrou na volta 36 - 3677.16 segundos
Ciclista 95 quebrou na volta 18 - 1877.16 segundos
Ciclista 99 quebrou na volta 42 - 4052.28 segundos
Ciclista 100 quebrou na volta 30 - 2852.28 segundos
