Volta 1: 2 4 5 3 1 8 6 7 10 9 12 15 14 11 13 20 18 16 17 19 23 21 24 25 22 28 29 26 27 30 31 33 34 35 32 40 39 37 38 36 43 45 44 42 41 50 46 49 48 47
Volta 2: 4 5 1 9 8 7 10 6 13 12 14 11 15 17 19 18 20 24 21 26 29 27 28 30 33 32 35 31 34 37 39 36 45 41 42 43 44 50 3 2 16 23 22 25 38 40 48 47 46 49
Volta 3: 5 4 1 10 6 7 9 12 15 14 11 20 17 19 18 24 21 28 27 35 31 33 34 37 39 41 43 45 3 2 8 13 16 23 25 22 30 26 29 32 36 38 42 44 50 48 47 40 46
Volta 4: 1 4 5 7 6 10 14 11 12 18 20 17 19 24 28 27 35 33 31 39 41 45 43 2 3 8 9 13 15 16 21 23 22 30 26 34 32 36 38 37 42 47 50 48 25 29 40 44 46
Volta 5: 5 6 10 11 12 18 19 20 28 35 39 43 3 2 1 4 7 9 14 13 16 17 21 24 23 22 30 27 34 31 33 32 37 38 36 42 45 41 47 48 8 15 25 26 29 44 50 40
Volta 6: 5 10 6 12 11 19 20 28 35 39 43 2 4 14 18 16 23 24 22 27 30 34 33 31 38 41 45 1 3 8 9 7 13 15 17 25 21 29 26 32 36 37 44 42 50 48 47 40
Volta 7: 10 6 12 19 28 35 5 4 11 14 16 18 20 23 24 22 27 30 34 38 39 43 2 1 3 15 17 25 26 31 33 32 41 44 45 42 47 48 9 8 7 13 21 29 37 36 50
Volta 8: 6 12 28 35 4 5 10 11 14 19 16 18 22 24 30 39 3 1 17 20 23 26 27 31 34 38 42 43 2 9 8 13 15 21 25 29 32 33 37 44 41 45 50 47 48 7 36
Volta 9: 6 12 35 5 4 10 24 22 28 30 3 14 11 18 16 19 17 27 34 38 39 42 1 2 9 15 13 20 23 25 26 32 31 37 44 43 47 48 8 7 21 29 33 45 41 50
Volta 10: 6 12 35 10 22 5 4 14 11 19 24 28 30 34 39 38 1 3 2 15 13 17 20 18 16 23 25 26 27 32 31 37 42 43 8 9 21 29 33 44 41 45 47 48 7 50
Volta 11: 6 35 12 5 4 10 22 30 28 34 38 3 15 13 14 11 19 18 16 24 25 23 26 27 31 32 37 39 43 1 2 8 9 17 20 21 29 33 44 42 41 48 47 7 45
Volta 12: 6 35 12 10 22 30 38 4 3 5 15 14 18 25 23 28 34 39 37 2 1 9 13 11 19 20 24 21 26 27 32 43 44 41 42 48 47 8 17 29 7 45
Volta 13: 6 35 10 12 22 38 3 4 5 28 30 37 1 9 14 13 15 20 18 25 24 23 26 27 32 34 39 42 44 43 48 47 2 8 11 19 17 21 29 41 7
Volta 14: 6 35 10 22 38 3 12 30 28 1 4 5 9 15 13 18 25 23 24 26 34 37 39 48 2 11 14 17 19 20 21 29 27 32 41 44 42 43 47 8 7
Volta 15: 6 35 10 38 12 22 28 4 3 1 5 13 18 25 30 26 34 39 2 9 14 11 15 19 23 24 27 32 37 44 43 47 48 8 20 17 21 29 41 42
Volta 16: 6 35 38 10 12 22 28 5 4 1 3 13 18 30 26 34 39 2 9 15 11 24 25 23 27 37 44 47 48 14 17 20 19 21 29 32 43 42 8 41
Volta 17: 6 10 28 35 38 1 3 4 5 12 18 22 30 39 9 13 24 25 26 27 34 44 48 2 11 15 17 19 20 21 23 29 32 37 42 43 47 14 8
Volta 18: 6 10 28 35 38 3 1 5 18 22 4 12 13 24 27 30 34 39 48 2 9 15 17 25 23 29 32 37 42 43 44 47 11 19 20 8 14
Volta 19: 6 10 28 38 3 5 18 22 35 4 1 12 24 27 30 34 39 13 15 23 37 43 44 42 47 48 2 9 11 17 19 25 29 32 8 20
Volta 20: 6 10 18 28 35 38 5 3 4 1 22 27 39 12 13 24 23 30 34 37 43 42 47 48 2 9 15 11 17 25 29 32 44 8 20 19
Volta 21: 6 10 28 35 38 4 5 18 22 27 3 1 13 12 24 30 34 39 43 42 47 48 9 11 15 17 25 23 37 44 2 8 20 29 32
Volta 22: 6 10 5 4 18 22 28 35 38 1 3 24 27 30 42 48 9 15 11 13 12 17 23 25 34 39 37 43 47 2 8 20 29 44 32
Volta 23: 6 10 4 5 18 22 28 35 38 3 30 27 42 48 1 9 15 13 12 17 24 23 34 39 47 2 8 11 25 29 37 44 43 20
Volta 24: 5 10 28 4 18 22 30 35 38 42 48 3 12 13 17 23 27 1 2 9 15 11 29 34 37 39 44 43 47 8 20 25
Volta 25: 28 5 4 10 18 22 30 38 42 13 17 23 27 35 48 3 9 15 12 29 34 39 37 43 44 47 1 2 8 11 20
Volta 26: 4 5 10 28 38 18 23 22 30 35 42 48 3 9 13 12 17 27 34 37 43 44 47 1 2 11 15 29 39 8 20
Volta 27: 4 10 28 5 18 23 22 35 38 42 3 9 13 12 17 30 37 44 48 47 1 15 27 34 43 2 8 11 29 39
Volta 28: 4 10 28 5 38 42 3 12 17 18 23 22 30 35 37 44 48 47 9 13 27 34 43 1 2 8 15 29 39 11
Volta 29: 4 10 5 28 38 42 3 12 17 18 22 23 35 37 44 48 47 9 13 30 27 34 43 1 15 2 8 29 39
Volta 30: 4 10 5 28 38 3 17 18 35 37 42 48 9 12 23 30 27 34 44 43 47 1 13 2 15 39 8 29
Volta 31: 4 10 5 28 3 17 35 38 37 42 48 9 12 18 23 27 30 34 44 1 13 43 47 15 39 2 8
Volta 32: 4 10 5 28 35 38 37 48 3 9 12 18 17 30 34 42 44 1 13 23 27 43 47 15 39 2 8
Volta 33: 4 5 10 28 38 3 12 17 30 35 34 37 44 42 48 9 13 18 23 43 1 15 27 39 47 2
Volta 34: 4 5 10 28 3 12 17 30 34 35 37 38 44 48 9 13 18 42 43 1 15 23 27 47 39 2
Volta 35: 4 5 10 28 3 12 30 34 35 37 44 9 13 17 38 42 48 1 15 18 23 27 43 47 39
Volta 36: 4 5 28 3 10 34 35 37 44 9 12 17 48 1 13 15 18 27 38 42 43 47 23 39
Volta 37: 4 5 10 28 34 35 37 3 9 17 44 1 15 12 13 18 38 43 42 48 23 27 47
Volta 38: 4 5 10 28 35 3 9 17 34 37 44 15 13 18 38 42 48 1 12 23 27 43 47
Volta 39: 4 28 35 5 10 9 17 34 37 3 18 44 15 12 13 23 27 38 42 48 1 43
Volta 40: 4 5 17 28 35 34 37 10 9 18 44 3 15 12 13 23 38 42 1 27 48 43
Volta 41: 4 17 28 35 34 37 5 9 18 44 10 12 38 3 13 15 23 27 42 48 1
Volta 42: 4 17 28 35 5 9 18 34 37 10 12 38 44 3 15 13 23 42 48 1 27
Volta 43: 28 35 4 5 9 17 34 37 10 12 18 44 15 38 1 3 13 23 42 48
Volta 44: 28 9 17 35 34 37 5 4 10 12 18 44 38 1 15 23 42 48 3 13
Volta 45: 28 17 34 35 9 12 18 37 44 5 4 10 15 38 42 48 1 3 23
Volta 46: 17 28 34 35 9 12 18 37 44 4 5 10 15 38 1 3 23 42 48
Volta 47: 17 35 34 9 18 28 37 12 44 5 4 1 10 15 38 42 3 23
Volta 48: 17 9 18 28 34 35 12 37 4 1 10 15 38 42 3 23
Volta 49: 17 18 28 35 34 9 37 4 12 1 15 38 10 42 3
Volta 50: 17 35 34 9 18 28 37 4 12 1 15 10 38 3 42
Volta 51: 17 34 35 28 4 9 18 37 1 12 15 10 38 3
Volta 52: 17 35 34 4 18 28 37 1 9 12 15 10 38 3
Volta 53: 34 17 35 4 18 28 37 1 9 10 12 15 38
Volta 54: 17 35 34 18 37 9 1 10 15 12
Volta 55: 17 34 18 35 9 37 1 15 10
Volta 56: 17 34 18 35 37 1 9 15 10
Volta 57: 17 34 18 35 37 1 9 15
Volta 58: 17 34 18 37 9 35 1 15
Volta 59: 17 34 18 37 9 35 1
Volta 60: 17 34 37 18 1 9
Volta 61: 34 17 18 37 1
Volta 62: 17 34 18 37 1
Volta 63: 17 34 18 37
Volta 64: 17 34 18 37
Volta 65: 17 34 18
Volta 66: 17 34 18
Volta 67: 17 34
Volta 68: 17 34

Ranqueamento Final:
1: Ciclista 34 - 12750.78 segundos
2: Ciclista 18 - 12600.42 segundos
3: Ciclista 17 - 12450.42 segundos
4: Ciclista 37 - 12300.90 segundos
5: Ciclista 1 - 12150.06 segundos
6: Ciclista 9 - 11700.18 segundos
7: Ciclista 15 - 11550.30 segundos
8: Ciclista 10 - 11400.18 segundos
9: Ciclista 12 - 10950.30 segundos
10: Ciclista 3 - 10650.06 segundos
11: Ciclista 42 - 10201.02 segundos
12: Ciclista 23 - 9750.54 segundos
13: Ciclista 48 - 9301.14 segundos
14: Ciclista 13 - 9000.30 segundos
15: Ciclista 27 - 8550.66 segundos
16: Ciclista 43 - 8251.02 segundos
17: Ciclista 47 - 7651.14 segundos
18: Ciclista 39 - 7350.90 segundos
19: Ciclista 2 - 7200.06 segundos
20: Ciclista 8 - 6900.18 segundos
21: Ciclista 29 - 6450.66 segundos
22: Ciclista 11 - 6000.30 segundos
23: Ciclista 20 - 5550.42 segundos
24: Ciclista 25 - 5100.54 segundos
25: Ciclista 32 - 4800.78 segundos
26: Ciclista 19 - 4350.42 segundos
27: Ciclista 14 - 4050.30 segundos
28: Ciclista 41 - 3601.02 segundos
29: Ciclista 7 - 3150.18 segundos
30: Ciclista 45 - 2851.02 segundos
31: Ciclista 50 - 2401.14 segundos
32: Ciclista 36 - 1950.90 segundos
33: Ciclista 40 - 1500.90 segundos
34: Ciclista 46 - 1051.14 segundos
35: Ciclista 49 - 601.14 segundos

Ciclista 4 quebrou na volta 54 - 10350.00 segundos
Ciclista 5 quebrou na volta 48 - 9600.00 segundos
Ciclista 6 quebrou na volta 24 - 4500.12 segundos
Ciclista 16 quebrou na volta 12 - 2400.36 segundos
Ciclista 21 quebrou na volta 18 - 3900.48 segundos
Ciclista 22 quebrou na volta 30 - 5850.48 segundos
Ciclista 24 quebrou na volta 24 - 4800.48 segundos
Ciclista 26 quebrou na volta 18 - 3600.60 segundos
Ciclista 28 quebrou na volta 54 - 10500.60 segundos
Ciclista 30 quebrou na volta 36 - 6900.60 segundos
Ciclista 31 quebrou na volta 12 - 2550.72 segundos
Ciclista 33 quebrou na volta 12 - 2550.72 segundos
Ciclista 35 quebrou na volta 60 - 11550.72 segundos
Ciclista 38 quebrou na volta 54 - 10800.84 segundos
Ciclista 44 quebrou na volta 48 - 9300.96 segundos
