Volta 1: 2 1 5 4 3 6 10 8 9 7 15 13 12 11 14 16 17 20 19 18 22 24 23 25 21 30 26 27 29 28 35 31 33 34 32 38 37 36 40 39 44 42 43 45 41 50 49 48 46 47 53 55 52 54 51 60 59 56 57 58 64 65 63 61 62 69 68 67 70 66 75 73 74 72 71 79 77 80 78 76 84 81 82 83 85 89 86 90 87 88 92 93 95 91 94 96 97 98 100 99
Volta 2: 4 3 2 1 5 6 7 9 11 14 13 12 16 20 17 18 19 24 22 23 21 28 29 30 26 35 33 32 31 38 37 39 43 44 41 45 42 46 47 50 49 48 51 54 52 55 58 57 59 60 64 63 61 62 68 69 70 66 75 71 73 74 77 76 79 80 85 84 86 88 87 90 89 93 92 95 98 99 100 97 8 10 15 25 27 34 40 36 53 56 65 67 72 78 83 81 82 91 94 96
Volta 3: 5 4 1 2 9 12 11 18 16 19 17 21 24 26 28 30 29 32 31 33 38 37 41 43 47 49 51 52 57 58 59 60 62 61 66 69 68 75 73 71 79 88 86 90 87 93 92 97 100 3 8 10 7 6 15 13 14 20 23 22 25 27 34 35 39 36 44 45 42 46 50 48 54 55 53 56 63 64 65 70 67 72 74 77 78 76 80 84 81 83 82 85 89 91 95 98 99 40 94
Volta 4: 1 2 9 11 19 16 17 24 29 30 26 31 33 43 41 47 52 58 61 62 69 68 66 71 73 79 88 86 93 97 3 4 5 10 6 7 14 13 15 12 18 20 23 22 21 25 27 28 32 34 35 38 37 39 45 44 42 46 50 49 54 53 55 51 57 59 60 56 64 63 70 74 75 77 80 82 81 85 84 83 87 89 90 95 92 100 99 98 8 40 36 48 65 67 72 78 76 91 94
Volta 5: 1 9 11 33 31 41 43 47 58 62 68 69 71 73 79 93 5 3 4 2 7 15 13 12 14 16 18 19 17 21 25 24 23 22 30 28 29 26 35 32 39 38 37 44 49 52 51 56 57 64 61 63 66 70 75 74 80 85 84 83 82 81 87 86 90 88 92 95 98 100 97 10 6 20 27 34 40 36 45 42 46 50 48 53 54 55 59 60 67 77 89 99 8 65 72 76 78 91
Volta 6: 9 43 58 62 4 2 1 5 13 11 14 15 18 19 17 16 25 23 21 28 29 33 31 32 38 41 47 51 52 56 61 63 70 66 69 68 73 71 79 84 83 85 81 86 88 87 95 93 97 3 10 7 6 12 20 24 22 26 27 30 35 34 39 36 37 44 45 42 49 48 50 46 54 55 57 60 59 64 74 75 77 80 90 92 100 98 99 40 53 65 67 72 78 91 8 76
Volta 7: 9 43 58 4 2 5 15 11 18 17 19 23 28 29 33 31 47 51 52 56 62 63 70 69 68 66 73 79 85 83 81 86 87 95 1 3 10 6 7 13 14 12 16 20 22 21 25 24 30 26 35 34 32 38 36 37 39 45 42 44 41 50 57 60 59 61 64 71 75 74 80 77 84 88 93 92 97 98 27 40 48 46 49 54 55 65 67 72 78 90 91 99 100 53 8
Volta 8: 58 5 9 15 23 31 33 43 47 51 52 63 79 81 87 86 95 4 2 1 11 14 19 18 17 16 20 22 24 21 26 29 28 32 34 35 37 36 41 59 56 60 62 61 64 66 68 69 70 71 74 73 77 83 84 85 88 93 98 3 6 7 10 13 12 25 30 27 38 39 42 44 45 49 48 50 57 65 67 72 75 80 92 91 97 99 40 46 55 53 54 78 90 100 8
Volta 9: 58 9 23 43 52 63 81 86 87 1 2 4 5 11 15 14 17 18 20 19 16 22 24 21 29 32 31 33 35 37 36 41 47 51 60 56 62 64 61 69 66 68 74 79 77 85 88 95 98 3 10 6 7 26 28 27 34 39 45 44 42 50 49 59 57 70 73 75 71 72 83 84 93 91 99 12 13 25 30 38 40 48 46 53 54 55 65 67 78 80 90 92 97 100
Volta 10: 58 63 81 87 86 2 5 4 1 9 15 11 19 17 20 16 23 22 24 21 35 33 37 36 43 47 52 56 60 61 69 68 66 74 77 85 95 98 3 6 14 18 27 29 26 34 32 31 39 45 41 42 49 51 57 59 62 64 73 75 72 79 84 88 93 91 10 7 25 30 28 40 44 48 50 46 54 53 55 65 67 70 71 80 83 92 100 97 99 12 13 38 78 90
Volta 11: 58 63 81 2 4 5 1 9 15 16 17 19 22 23 24 21 33 35 36 43 47 52 60 66 74 85 87 86 95 98 3 14 11 20 31 34 32 37 39 45 42 41 51 56 57 62 61 64 68 69 73 77 79 84 88 93 91 10 7 6 18 25 27 29 30 26 28 40 44 50 49 46 54 59 65 70 67 72 71 75 80 92 12 38 48 55 53 78 83 97 99 100 13
Volta 12: 58 63 2 1 15 19 17 23 22 33 47 52 60 66 74 81 85 87 95 98 5 3 4 9 11 20 16 21 24 32 35 34 31 39 37 41 43 51 56 64 69 84 86 93 91 7 14 18 25 29 30 26 28 40 45 42 44 46 54 59 57 62 61 68 71 75 72 73 79 77 88 92 10 27 48 49 50 55 65 80 83 97 99 12 13 78 100
Volta 13: 58 2 17 19 22 23 33 47 60 63 74 85 81 95 3 5 1 9 15 16 20 21 34 35 31 32 39 43 52 64 66 84 86 87 98 4 7 11 14 18 25 24 28 26 37 40 45 41 42 46 51 54 56 57 61 62 68 69 72 71 75 73 79 88 93 91 10 29 30 27 44 48 49 55 59 65 77 83 92 97 12 50 80 78 99 13
Volta 14: 58 19 23 60 63 74 81 85 95 2 1 15 20 17 22 33 39 43 47 52 64 84 86 98 3 4 5 7 9 14 11 18 16 24 21 26 28 32 34 35 31 37 40 41 45 42 51 61 69 66 68 75 79 87 88 91 93 10 25 27 30 44 46 48 49 54 59 57 56 65 62 72 71 73 77 92 97 12 29 50 55 80 78 83 99 13
Volta 15: 58 60 63 74 81 85 95 1 2 15 19 17 23 22 33 43 47 52 84 86 98 3 4 5 9 11 14 20 18 16 21 26 28 32 35 34 31 37 40 39 45 42 51 64 69 75 79 87 91 93 10 7 25 24 30 27 41 49 48 46 54 59 57 62 61 65 68 66 73 71 77 88 92 97 29 44 56 72 78 80 83 12 50 55 99
Volta 16: 58 60 63 85 81 95 2 1 15 17 19 23 33 43 47 52 74 84 98 4 11 20 16 18 22 21 28 32 39 37 69 79 86 87 93 5 3 9 7 10 14 24 26 27 34 35 31 40 42 45 41 46 54 51 59 57 64 61 65 62 68 66 73 75 77 88 91 92 97 25 30 44 49 48 56 72 71 78 12 29 55 80 83 99 50
Volta 17: 60 58 81 85 2 15 19 52 63 84 95 4 1 11 20 18 17 22 21 23 28 33 32 37 39 43 47 74 79 87 86 93 98 9 14 16 26 31 35 40 41 45 46 54 57 59 64 62 65 68 69 75 73 77 88 91 92 97 5 3 10 7 24 25 30 27 34 42 49 48 51 61 66 71 72 78 12 29 44 55 56 80 99 83
Volta 18: 58 60 2 19 52 63 85 81 4 15 17 20 21 39 43 47 74 84 86 98 11 18 16 22 28 26 32 33 37 41 46 57 65 62 69 68 73 79 87 93 91 97 3 5 9 27 30 35 31 40 42 45 49 54 51 59 61 64 66 78 77 92 10 7 12 24 25 29 34 44 48 55 56 72 71 80 99 83
Volta 19: 60 58 19 85 81 2 17 47 52 63 74 86 4 15 11 16 20 18 21 22 28 33 32 39 43 65 62 69 68 73 84 87 93 97 98 9 26 30 27 35 31 40 37 45 41 42 46 51 54 57 61 79 77 91 92 3 5 10 12 24 25 29 48 49 55 56 59 64 66 72 71 78 80 99 7 34 44
Volta 20: 60 19 58 47 52 81 85 4 2 15 17 22 21 28 62 63 69 68 74 84 86 87 98 11 18 20 16 30 27 26 33 32 39 37 40 41 45 43 46 51 54 57 65 61 73 79 92 93 97 5 3 9 10 25 24 29 31 35 42 49 55 56 59 64 66 72 77 80 78 91 7 12 44 48 71 99 34
Volta 21: 60 19 58 85 81 4 2 17 28 47 52 62 68 69 74 86 98 15 11 16 18 21 22 27 30 33 40 39 45 43 46 51 54 57 61 63 65 73 84 87 92 93 97 5 20 25 29 26 31 32 37 41 42 55 64 66 72 77 79 78 80 91 3 7 9 10 12 24 35 49 48 59 56 71 99 44
Volta 22: 60 19 58 85 2 28 47 62 74 81 86 4 11 15 17 21 27 33 40 46 52 61 63 68 69 73 84 87 92 98 18 20 16 22 25 30 29 26 37 39 43 41 45 55 51 54 57 65 72 79 78 80 93 97 5 3 10 9 12 24 31 35 32 42 49 56 64 66 71 77 91 99 7 44 48 59
Volta 23: 60 58 19 47 74 85 81 4 2 11 15 17 21 27 28 33 46 61 62 63 68 69 73 84 86 87 92 98 16 18 22 26 29 39 40 45 52 51 57 65 72 78 93 97 5 12 20 25 30 32 31 35 37 43 42 41 54 55 64 71 79 80 99 3 10 9 7 24 44 49 56 66 77 91 48
Volta 24: 60 58 19 81 85 2 11 17 28 27 33 63 62 69 73 86 98 4 15 18 16 21 29 26 39 45 46 51 52 65 61 72 84 87 92 93 12 20 25 22 30 35 31 37 43 54 55 57 64 78 97 99 5 9 10 24 32 44 42 49 66 71 80 79 91 3 48 56
Volta 25: 58 60 85 81 19 17 33 62 73 98 4 2 11 15 18 21 26 27 28 39 46 52 63 61 65 69 84 86 87 92 93 12 20 16 22 25 29 31 37 45 51 55 57 72 97 5 9 30 32 35 44 43 54 64 66 79 78 91 99 10 24 42 49 71 80 3 48
Volta 26: 58 60 81 85 17 33 62 73 98 2 4 15 19 18 21 26 27 39 65 61 69 84 87 86 93 12 11 20 16 22 28 29 31 45 46 55 51 52 63 72 92 9 25 30 32 35 37 44 54 57 64 66 78 91 97 99 5 10 24 43 49 71 79 80 3 42 48
Volta 27: 58 60 81 85 17 33 98 4 2 15 18 21 39 62 65 69 73 84 86 87 93 11 12 19 20 29 26 27 28 45 51 52 61 63 72 92 9 16 22 32 31 37 44 46 54 55 57 64 66 78 91 5 10 25 30 35 49 79 99 97 24 43 42 71 80 3
Volta 28: 58 81 85 17 60 4 18 21 33 65 62 84 87 86 93 98 2 15 11 19 27 28 29 39 61 63 69 73 12 16 20 22 26 31 32 37 45 51 54 55 52 72 92 91 5 9 25 30 35 44 46 57 64 66 78 99 10 24 43 42 49 71 80 79 97 3
Volta 29: 58 60 85 81 4 17 21 33 65 62 84 86 87 2 11 18 27 28 61 63 69 73 93 98 15 19 16 20 26 29 32 39 45 52 51 72 92 91 5 12 22 25 31 37 46 55 54 57 64 66 78 10 9 24 30 35 44 43 71 80 79 97 99 42 49
Volta 30: 58 85 81 4 17 21 33 60 65 62 84 86 87 11 18 28 27 69 93 98 2 15 19 29 26 39 45 52 51 63 61 73 72 5 12 20 16 25 32 37 55 54 64 66 78 91 92 24 22 30 35 31 43 46 71 79 97 99 9 44 49 80 42
Volta 31: 58 81 4 17 21 33 60 62 85 84 86 11 18 27 28 65 87 2 15 39 45 52 61 69 73 93 98 5 16 19 25 29 26 32 55 54 51 64 63 66 72 78 92 91 12 20 24 22 35 31 37 43 46 71 97 9 30 44 49 80 79 99
Volta 32: 58 4 17 33 62 81 85 84 11 21 27 60 65 87 86 2 18 28 45 52 69 73 5 15 16 25 26 29 32 39 51 54 64 61 72 93 98 12 19 20 31 37 46 55 63 66 71 78 92 91 9 22 24 35 43 44 79 80 97 99 30 49
Volta 33: 17 33 58 62 84 85 81 4 11 21 27 60 65 87 86 18 28 45 52 73 2 15 16 25 26 32 39 54 61 69 72 93 98 5 20 29 31 37 46 55 51 64 63 66 71 78 91 9 12 19 22 24 43 44 80 79 92 99 97 30 35
Volta 34: 62 81 4 17 21 33 60 58 65 84 85 86 11 28 27 45 52 73 87 15 16 18 54 69 72 93 5 2 20 25 29 26 31 32 39 46 64 61 66 98 9 22 37 55 51 63 71 79 78 91 92 97 12 19 24 44 43 80 99 30 35
Volta 35: 17 60 58 62 81 85 84 86 4 11 21 28 27 33 52 65 73 87 18 16 45 54 69 72 93 15 20 26 29 32 31 39 46 61 66 5 2 22 25 37 64 71 79 78 92 98 9 12 19 24 44 43 55 51 63 80 91 97 30 99
Volta 36: 17 60 62 85 86 4 21 33 58 65 84 81 87 11 18 27 28 45 52 69 73 20 16 29 26 31 32 46 54 72 93 15 25 22 37 39 64 61 66 78 5 2 12 19 51 71 80 79 92 98 97 9 24 30 44 43 55 91 99
Volta 37: 62 4 17 21 58 60 84 85 86 11 18 27 28 33 45 52 65 73 81 87 16 29 32 31 46 54 69 72 15 20 25 26 39 37 61 64 66 93 5 2 12 22 71 80 79 78 92 98 97 9 19 30 51 55 91 24 44 43
Volta 38: 4 17 21 58 62 84 86 27 33 52 60 65 73 81 85 11 18 28 31 32 45 54 72 87 16 25 26 29 39 46 64 61 69 66 93 2 12 15 20 37 71 78 79 92 98 5 9 19 22 30 55 51 80 91 97 24 43 44
Volta 39: 4 17 58 62 84 86 21 27 33 52 60 65 73 85 18 28 31 32 45 54 72 81 87 11 16 25 26 29 39 46 64 61 69 93 2 12 15 20 66 79 98 22 30 37 55 71 78 80 92 91 97 5 9 19 43 51 24
Volta 40: 4 58 86 17 21 27 33 60 62 65 73 84 18 28 45 54 52 72 81 85 26 31 32 46 64 69 87 93 2 12 15 11 16 20 25 29 39 61 98 30 37 55 66 71 79 78 5 9 19 22 43 51 80 91 92 97 24
Volta 41: 4 86 17 21 33 58 62 73 84 18 27 54 52 60 65 72 85 81 28 32 31 45 64 69 12 11 16 20 25 29 26 39 46 61 87 93 2 15 30 37 55 66 71 79 78 98 22 43 51 80 91 92 97 5 9 19
Volta 42: 4 21 33 86 18 17 27 52 54 60 62 65 73 72 84 81 45 64 16 25 26 31 39 46 69 87 12 11 15 20 29 30 37 61 71 79 78 93 98 2 55 66 5 22 43 51 80 92 97 9 19
Volta 43: 4 86 17 21 33 65 62 84 18 27 54 52 60 64 73 72 81 25 26 31 39 45 69 15 12 11 20 16 30 29 37 46 61 79 87 93 2 71 78 98 22 43 51 55 66 80 92 5 9 97
Volta 44: 4 21 33 62 65 84 86 17 54 52 60 64 72 81 18 27 31 69 73 12 16 25 30 26 39 37 45 46 87 2 15 11 20 29 61 71 78 79 93 98 22 55 66 80 92 5 9 43 51 97
Volta 45: 4 21 65 62 33 52 60 72 84 86 18 17 27 31 54 64 73 81 25 26 39 45 46 69 87 2 12 11 15 20 16 30 29 37 61 71 93 55 66 78 80 79 92 98 5 9 22 43 51
Volta 46: 4 21 62 33 65 84 86 17 18 31 52 54 60 64 72 73 81 27 39 45 69 87 15 11 16 25 29 30 26 46 71 2 12 20 37 61 66 80 93 92 98 5 22 55 79 78 9 43 51
Volta 47: 4 21 33 62 65 86 18 17 31 54 52 60 84 39 45 64 69 72 73 81 87 11 16 27 29 30 71 12 15 20 25 26 37 46 80 93 98 2 5 22 61 66 79 78 92 9 55 43
Volta 48: 4 21 62 65 86 17 18 31 33 52 54 60 84 64 73 11 16 27 30 69 72 87 15 25 29 26 37 46 71 80 93 98 2 12 20 22 92 5 9 55 61 66 79 78 43
Volta 49: 4 21 18 33 52 62 65 84 86 17 31 54 60 64 73 11 16 27 30 69 72 87 26 29 46 71 93 98 15 12 20 22 25 37 80 92 2 9 61 66 79 78 5 55
Volta 50: 4 21 18 52 65 86 31 33 54 60 62 73 84 11 16 17 30 64 87 26 27 46 69 71 72 98 15 20 22 29 37 80 93 92 2 9 12 25 61 66 79 78 5 55
Volta 51: 4 21 18 65 31 52 62 84 86 16 17 30 33 54 60 64 73 87 11 27 46 69 72 20 22 29 26 37 71 80 92 98 2 9 12 15 25 61 66 78 93 5 79
Volta 52: 4 18 21 65 31 52 84 86 54 60 62 64 73 87 16 17 27 30 33 72 11 20 26 29 46 69 71 98 2 15 25 22 37 80 92 93 9 12 61 66 79 78 5
Volta 53: 4 18 21 65 52 84 86 31 54 62 64 73 16 17 30 33 60 72 87 11 20 27 29 26 69 71 98 2 15 22 37 46 93 92 9 12 25 66 80 78 61 79
Volta 54: 4 18 65 21 52 84 86 31 54 16 17 60 64 62 73 11 30 27 26 33 69 72 71 87 98 15 20 22 29 37 46 93 12 25 78 9 61 66 80 79
Volta 55: 4 65 18 21 86 54 52 84 17 31 62 64 73 11 16 26 30 60 72 87 98 15 22 27 33 69 71 93 12 20 29 37 46 78 9 25 61 66 80
Volta 56: 4 65 18 21 52 54 84 86 31 62 64 73 17 26 60 72 87 11 15 16 22 30 33 69 71 93 98 20 29 27 37 46 78 9 12 66 80 25 61
Volta 57: 4 21 65 18 54 52 64 84 86 17 31 60 62 73 11 15 26 30 72 87 98 20 16 22 27 33 46 69 71 78 93 9 12 29 37 25 66 80
Volta 58: 21 65 4 18 52 54 64 86 17 60 62 73 84 15 26 31 72 87 11 30 33 69 71 93 98 9 12 20 16 22 27 29 37 46 78 25 66 80
Volta 59: 4 18 21 65 64 86 17 54 52 62 73 84 15 26 31 60 72 87 11 33 69 71 98 9 20 22 30 29 46 78 93 12 16 25 27 37 66
Volta 60: 4 21 65 18 64 86 62 15 17 31 52 60 73 72 84 87 11 26 69 9 22 30 29 33 46 78 93 98 12 20 16 25 27 37 66
Volta 61: 4 21 18 65 64 86 15 17 52 60 62 73 84 11 26 31 69 72 87 9 29 30 33 78 98 12 20 22 27 46 93 16 25 37
Volta 62: 4 21 18 65 64 86 52 60 62 84 11 15 17 26 31 69 73 72 87 9 29 30 78 20 22 27 33 46 93 98 12 16 37 25
Volta 63: 4 21 65 18 64 52 60 62 84 86 15 17 26 31 73 72 87 9 11 29 30 69 78 27 93 98 12 20 16 22 33 46 37
Volta 64: 4 65 21 64 18 52 60 84 86 15 17 26 31 62 73 87 11 29 69 72 78 9 30 16 22 27 33 46 93 98 12 20 37
Volta 65: 4 65 21 64 18 52 60 84 86 15 17 31 62 87 29 26 69 73 72 9 11 30 78 16 27 46 93 20 22 33 98 12
Volta 66: 4 21 65 64 18 52 60 17 31 84 87 86 26 62 73 72 29 69 78 9 11 27 30 20 16 33 46 93 98 12 22
Volta 67: 4 65 64 18 21 52 60 17 31 87 26 62 73 84 86 29 69 72 11 27 30 78 9 16 20 46 98 12 33 93
Volta 68: 4 64 21 60 65 17 18 31 52 62 84 86 87 29 26 69 72 73 11 78 9 20 30 27 46 16 33 93 98 12
Volta 69: 4 64 21 60 65 18 17 52 31 62 84 87 86 26 69 72 73 11 29 78 9 20 46 16 27 30 93 98 33
Volta 70: 4 64 21 60 65 18 17 31 52 62 86 87 26 69 84 11 29 72 73 78 46 9 16 20 30 27 33 93 98
Volta 71: 4 64 21 60 65 17 18 31 52 86 87 62 69 11 29 26 73 72 78 84 46 9 20 30 16 27 93 33
Volta 72: 4 21 60 64 65 17 18 31 52 86 62 87 26 69 73 84 11 29 46 72 78 20 30 9 93 16 27 33
Volta 73: 4 21 60 64 65 18 17 31 52 86 87 26 62 69 84 11 29 46 73 72 78 9 20 30 93 16 27
Volta 74: 4 21 60 64 18 52 65 86 17 31 87 62 69 11 26 46 73 78 84 29 72 20 93 9 16 30 27
Volta 75: 4 21 60 64 65 18 17 31 52 86 87 62 11 46 69 73 78 26 72 84 20 29 9 16 30 93
Volta 76: 21 4 60 64 18 17 31 65 86 52 62 87 69 73 11 26 46 72 78 84 20 16 30 29 93 9
Volta 77: 4 21 60 64 18 17 65 31 52 87 86 62 11 46 69 72 73 78 84 26 20 29 30 16 93
Volta 78: 4 21 60 64 18 17 31 65 87 86 52 62 72 11 26 46 69 73 84 20 29 30 16 93
Volta 79: 4 21 64 60 17 18 65 86 31 52 62 87 72 11 46 73 20 26 69 84 16 29 30
Volta 80: 4 21 60 64 17 18 65 86 31 52 62 87 72 46 73 11 20 26 69 84 29 30 16
Volta 81: 4 21 60 64 17 18 65 31 86 52 62 72 87 73 20 46 69 84 11 30 26 29
Volta 82: 4 21 60 64 17 18 31 65 86 52 62 72 87 73 20 46 69 84 11 26 30 29
Volta 83: 4 21 60 64 18 17 65 86 31 62 87 52 73 72 20 46 69 11 26 84 30
Volta 84: 4 60 18 64 17 86 31 65 62 73 87 52 69 72 11 20 26 46 84 30
Volta 85: 4 60 64 18 17 31 62 86 65 73 87 52 72 11 20 26 46 69 84
Volta 86: 4 60 64 17 18 86 31 62 65 73 87 52 11 26 46 69 72 84 20
Volta 87: 4 60 64 18 86 17 65 73 87 31 52 62 11 26 46 72 69 84
Volta 88: 60 4 64 18 86 17 87 31 52 62 65 73 46 72 11 26 69 84
Volta 89: 4 60 18 64 17 86 87 65 31 46 52 62 73 72 11 26 69
Volta 90: 60 4 18 17 64 87 65 86 52 62 72 73 11 31 46 26 69
Volta 91: 60 4 17 18 87 65 64 86 52 73 11 31 46 62 72 26
Volta 92: 60 4 18 17 87 64 65 73 86 11 46 52 62 26 31 72
Volta 93: 60 4 18 17 64 87 65 73 86 11 46 52 31 62 26
Volta 94: 60 4 18 17 64 65 73 86 87 46 11 31 52 62 26
Volta 95: 60 4 18 17 64 65 73 46 86 87 11 52 31 62
Volta 96: 60 4 18 17 65 86 87 11 46 31 52
Volta 97: 4 60 18 17 87 46 65 86 11 52
Volta 98: 4 60 18 17 87 46 65 11 86 31
Volta 99: 4 18 60 17 87 46 65 86 11
Volta 100: 4 18 60 17 46 87 65 86 11
Volta 101: 4 18 60 17 46 87 65 86
Volta 102: 4 18 60 17 46 65 87 86
Volta 103: 4 18 17 60 46 65 87
Volta 104: 4 18 60 17 46 65 87
Volta 105: 4 18 60 17 46 65
Volta 106: 4 18 17 60 46 65
Volta 107: 4 18 17 60 46
Volta 108: 4 17 60 46
Volta 109: 4 60 17
Volta 110: 4 60 17
Volta 111: 4 60
Volta 112: 4 60

Ranqueamento Final:
1: Ciclista 60 - 21451.38 segundos
2: Ciclista 17 - 21301.26 segundos
3: Ciclista 46 - 21301.14 segundos
4: Ciclista 4 - 21300.06 segundos
5: Ciclista 65 - 20701.50 segundos
6: Ciclista 87 - 20402.10 segundos
7: Ciclista 86 - 20252.10 segundos
8: Ciclista 11 - 19800.30 segundos
9: Ciclista 31 - 19500.78 segundos
10: Ciclista 52 - 19201.50 segundos
11: Ciclista 26 - 18750.66 segundos
12: Ciclista 72 - 18301.74 segundos
13: Ciclista 69 - 18001.62 segundos
14: Ciclista 84 - 17551.98 segundos
15: Ciclista 20 - 17250.42 segundos
16: Ciclista 30 - 17100.66 segundos
17: Ciclista 29 - 16650.66 segundos
18: Ciclista 16 - 16350.42 segundos
19: Ciclista 93 - 15902.22 segundos
20: Ciclista 9 - 15600.18 segundos
21: Ciclista 27 - 15300.66 segundos
22: Ciclista 33 - 14850.78 segundos
23: Ciclista 98 - 14402.34 segundos
24: Ciclista 12 - 14100.30 segundos
25: Ciclista 22 - 13650.54 segundos
26: Ciclista 37 - 13200.90 segundos
27: Ciclista 25 - 12900.54 segundos
28: Ciclista 66 - 12301.62 segundos
29: Ciclista 80 - 12001.86 segundos
30: Ciclista 61 - 11701.50 segundos
31: Ciclista 79 - 11251.86 segundos
32: Ciclista 5 - 10950.06 segundos
33: Ciclista 55 - 10651.26 segundos
34: Ciclista 43 - 10201.02 segundos
35: Ciclista 51 - 9751.26 segundos
36: Ciclista 97 - 9452.34 segundos
37: Ciclista 19 - 9000.42 segundos
38: Ciclista 24 - 8700.54 segundos
39: Ciclista 44 - 8251.02 segundos
40: Ciclista 99 - 7652.34 segundos
41: Ciclista 35 - 7350.78 segundos
42: Ciclista 49 - 6901.14 segundos
43: Ciclista 42 - 6601.02 segundos
44: Ciclista 3 - 6150.06 segundos
45: Ciclista 48 - 5701.14 segundos
46: Ciclista 56 - 5251.86 segundos
47: Ciclista 59 - 4801.38 segundos
48: Ciclista 34 - 4500.78 segundos
49: Ciclista 83 - 4051.98 segundos
50: Ciclista 50 - 3751.14 segundos
51: Ciclista 13 - 3300.30 segundos
52: Ciclista 100 - 2852.34 segundos
53: Ciclista 90 - 2402.10 segundos
54: Ciclista 8 - 2100.18 segundos
55: Ciclista 76 - 1651.86 segundos
56: Ciclista 94 - 1202.22 segundos
57: Ciclista 96 - 602.34 segundos

Ciclista 1 quebrou na volta 18 - 3450.00 segundos
Ciclista 2 quebrou na volta 54 - 10950.00 segundos
Ciclista 6 quebrou na volta 12 - 2700.12 segundos
Ciclista 7 quebrou na volta 24 - 5100.12 segundos
Ciclista 10 quebrou na volta 30 - 6300.12 segundos
Ciclista 14 quebrou na volta 18 - 3600.24 segundos
Ciclista 15 quebrou na volta 66 - 12900.24 segundos
Ciclista 18 quebrou na volta 108 - 20400.36 segundos
Ciclista 21 quebrou na volta 84 - 15900.48 segundos
Ciclista 23 quebrou na volta 18 - 3600.48 segundos
Ciclista 28 quebrou na volta 42 - 8250.60 segundos
Ciclista 32 quebrou na volta 42 - 8400.72 segundos
Ciclista 36 quebrou na volta 12 - 2250.84 segundos
Ciclista 38 quebrou na volta 12 - 2700.84 segundos
Ciclista 39 quebrou na volta 48 - 9450.84 segundos
Ciclista 40 quebrou na volta 24 - 4800.84 segundos
Ciclista 41 quebrou na volta 24 - 4950.96 segundos
Ciclista 45 quebrou na volta 48 - 9600.96 segundos
Ciclista 47 quebrou na volta 24 - 4651.08 segundos
Ciclista 53 quebrou na volta 12 - 2701.20 segundos
Ciclista 54 quebrou na volta 60 - 11701.20 segundos
Ciclista 57 quebrou na volta 30 - 6151.32 segundos
Ciclista 58 quebrou na volta 42 - 7951.32 segundos
Ciclista 62 quebrou na volta 96 - 19201.44 segundos
Ciclista 63 quebrou na volta 36 - 7501.44 segundos
Ciclista 64 quebrou na volta 96 - 18601.44 segundos
Ciclista 67 quebrou na volta 12 - 2701.56 segundos
Ciclista 68 quebrou na volta 24 - 4801.56 segundos
Ciclista 70 quebrou na volta 12 - 2701.56 segundos
Ciclista 71 quebrou na volta 60 - 12001.68 segundos
Ciclista 73 quebrou na volta 96 - 18751.68 segundos
Ciclista 74 quebrou na volta 24 - 4651.68 segundos
Ciclista 75 quebrou na volta 18 - 3601.68 segundos
Ciclista 77 quebrou na volta 24 - 5251.80 segundos
Ciclista 78 quebrou na volta 78 - 15451.80 segundos
Ciclista 81 quebrou na volta 48 - 9451.92 segundos
Ciclista 82 quebrou na volta 6 - 1201.92 segundos
Ciclista 85 quebrou na volta 42 - 8101.92 segundos
Ciclista 88 quebrou na volta 18 - 3602.04 segundos
Ciclista 89 quebrou na volta 6 - 1352.04 segundos
Ciclista 91 quebrou na volta 42 - 8702.16 segundos
Ciclista 92 quebrou na volta 54 - 11102.16 segundos
Ciclista 95 quebrou na volta 18 - 3302.16 segundos
