Volta 1: 2 3 4 5 1 8 6 7 10 9 15 12 11 14 13 17 18 19 20 16 22 21 25 23 24 26 30 28 27 29 33 35 34 31 32 40 36 39 38 37 41 45 42 44 43 47 49 48 46 50 51 52 53 54 55 57 58 56 60 59 62 61 63 65 64 67 68 70 69 66 75 73 74 71 72 80 76 77 78 79 83 82 84 81 85 90 89 87 88 86 94 92 93 95 91 98 99 97 96 100
Volta 2: 3 1 2 5 8 6 7 10 14 12 20 16 17 18 19 23 25 28 27 26 29 32 33 31 35 37 39 40 45 43 42 41 46 50 48 49 47 53 52 54 51 55 57 56 58 59 62 64 63 61 65 67 70 69 68 72 75 74 80 79 78 85 82 84 81 90 92 94 93 95 91 98 97 96 100 99 4 9 15 11 13 22 21 24 30 34 38 36 44 60 66 71 73 77 76 83 86 89 88 87
Volta 3: 3 1 7 10 8 6 14 18 19 16 23 27 26 35 37 39 43 41 46 53 52 51 56 57 59 61 65 68 70 72 78 79 85 82 84 90 94 91 92 93 99 98 96 97 5 4 2 9 13 12 11 15 17 20 25 24 22 21 29 28 33 34 31 32 38 36 40 45 42 44 50 49 47 48 54 55 60 58 64 63 62 69 67 74 75 73 76 80 77 83 81 88 86 89 95 100 30 66 71
Volta 4: 3 6 10 8 14 18 16 23 26 27 39 41 43 57 59 61 70 72 79 78 84 82 85 90 93 92 94 96 99 5 1 9 7 11 13 15 17 19 25 22 29 28 35 34 33 37 36 40 45 42 50 46 49 47 48 54 55 51 53 52 58 56 60 63 62 65 67 69 68 73 74 75 77 80 76 83 81 88 89 91 97 100 98 4 2 12 20 21 24 31 32 38 44 64 66 71 86 95 30
Volta 5: 3 8 14 18 23 26 43 41 59 61 78 84 82 94 93 99 96 1 5 6 10 7 15 11 13 16 19 17 25 22 28 27 29 34 35 40 39 37 42 46 50 49 47 48 52 51 55 53 60 57 58 65 63 70 68 67 69 74 72 73 77 76 79 85 90 88 89 92 91 97 2 9 20 21 33 32 36 38 45 44 54 56 62 66 71 75 80 83 81 86 95 100 98 4 12 24 31 64
Volta 6: 3 14 26 41 43 59 61 84 93 99 96 1 8 10 6 11 15 13 19 16 18 17 22 25 23 27 40 39 42 50 48 49 46 53 55 57 65 63 69 67 70 74 73 72 79 76 85 82 88 90 92 94 97 5 2 7 20 21 29 28 32 34 33 38 37 44 47 54 52 51 58 56 60 62 68 66 71 77 83 81 86 89 95 91 100 98 4 9 12 24 64 75 80
Volta 7: 3 26 59 61 84 93 99 96 8 6 15 14 19 16 23 22 25 39 41 43 48 49 50 55 63 65 67 70 73 74 76 85 82 90 94 97 5 1 2 10 7 11 13 18 20 17 21 29 27 28 32 33 34 40 37 38 44 42 46 47 53 51 54 52 57 60 58 56 68 69 72 71 79 77 83 81 88 89 91 92 100 4 12 62 66 75 86 95 98 9 24 64
Volta 8: 26 59 61 84 99 96 3 6 14 22 43 48 50 49 63 65 70 74 76 82 85 90 94 93 97 2 5 1 7 8 10 11 13 15 16 18 19 20 23 25 27 28 29 34 33 38 40 37 39 41 46 51 54 55 52 53 56 58 69 68 67 73 79 77 81 83 88 92 91 100 4 17 21 32 42 44 47 57 60 62 66 71 72 86 89 95 98 9 12 24 64 75
Volta 9: 59 61 84 99 96 14 26 50 76 85 82 90 93 97 5 3 8 7 6 10 13 15 19 22 23 25 27 34 37 39 40 43 41 49 46 48 54 55 51 53 65 63 67 69 70 73 74 79 77 81 83 88 94 92 91 4 1 2 11 20 16 18 21 29 28 32 33 38 42 47 52 60 57 56 58 66 68 72 71 86 89 100 9 17 24 44 62 95 98 12 64
Volta 10: 59 61 99 96 26 76 84 85 82 90 93 97 3 7 6 13 15 14 22 40 43 46 50 48 54 53 55 65 67 69 70 74 73 79 81 88 91 94 92 5 2 4 1 10 8 11 16 18 20 19 21 25 23 28 27 29 32 34 33 38 39 37 41 49 52 51 57 63 68 71 77 83 89 86 100 9 17 24 42 47 56 58 60 62 66 72 95 98 44 64 12
Volta 11: 59 61 99 26 84 85 82 93 97 96 13 15 14 40 50 46 53 70 69 73 79 76 88 90 94 91 5 2 3 4 8 6 7 11 18 19 16 25 22 23 27 34 33 37 39 38 43 48 49 54 52 55 51 63 65 68 67 74 77 81 86 92 1 10 9 20 24 21 29 28 32 41 42 47 57 56 58 62 66 71 72 83 89 98 100 17 44 60 64 95
Volta 12: 59 61 99 26 82 84 40 46 50 53 70 69 79 85 90 94 93 97 96 4 5 2 7 13 15 14 16 19 23 27 33 37 38 43 48 55 54 52 63 68 67 73 81 86 88 91 92 6 10 9 8 11 18 20 24 22 25 28 29 34 39 41 42 47 49 51 56 65 71 77 89 1 17 32 60 58 66 83 100 98 44 64 95
Volta 13: 99 26 59 61 82 84 53 70 79 85 90 93 96 97 5 2 4 13 14 15 19 16 40 37 43 46 50 55 63 69 67 81 88 86 92 91 94 6 9 7 11 18 20 24 23 25 22 27 28 33 34 38 39 42 49 48 52 54 51 56 65 68 73 71 77 1 10 8 29 41 47 58 66 83 89 98 100 17 32 60 64 44
Volta 14: 26 59 61 84 99 82 85 2 5 13 15 14 19 16 37 40 43 50 53 67 70 69 79 81 86 90 91 93 94 96 97 4 7 9 6 11 25 24 23 27 28 34 33 39 42 46 55 51 54 52 56 63 68 71 73 88 92 1 10 8 18 20 22 29 38 47 48 49 58 65 66 77 89 100 17 32 41 60 64 83 98 44
Volta 15: 59 61 99 26 82 84 85 2 14 13 43 50 70 69 90 86 96 4 5 9 6 15 11 19 16 23 28 33 40 37 39 42 52 53 54 51 63 68 67 79 81 88 94 92 93 91 97 1 10 7 22 24 25 27 29 34 38 48 46 47 49 55 56 58 65 73 71 89 8 20 17 18 41 64 66 77 100 32 60 83 98
Volta 16: 99 26 59 61 84 13 50 70 82 85 86 90 96 5 2 9 6 15 14 11 16 23 33 37 40 43 53 54 51 63 69 67 79 91 94 93 4 1 7 19 25 24 29 27 28 34 39 38 42 46 55 52 56 68 73 81 88 92 97 10 8 17 20 18 22 41 47 49 48 58 64 65 66 71 77 89 100 32 60 83 98
Volta 17: 59 61 84 99 26 50 70 82 90 86 96 5 2 9 14 13 16 23 33 40 37 43 51 53 54 63 67 69 79 85 91 1 4 6 11 15 19 24 28 27 29 39 42 55 52 56 68 81 94 93 97 8 10 7 20 25 34 38 41 49 46 58 65 71 73 89 88 92 100 18 17 22 32 48 47 60 64 66 77 83
Volta 18: 59 84 99 26 50 61 70 82 5 13 14 16 33 37 43 69 79 85 90 86 91 96 2 1 4 9 6 15 11 23 24 28 27 40 39 42 51 53 54 55 56 63 67 68 93 97 7 10 19 20 29 34 49 52 65 81 88 92 94 100 8 18 17 25 22 38 46 48 47 60 58 66 71 73 77 89 32 64 83
Volta 19: 59 99 26 61 70 82 84 5 13 37 43 50 69 79 85 86 90 91 96 1 4 6 14 16 23 27 33 39 40 42 51 53 67 93 97 2 10 7 9 11 15 20 24 29 28 49 52 55 54 56 63 68 81 88 94 92 100 8 17 18 19 22 34 38 47 46 58 65 66 71 77 89 25 32 48 60 64 73
Volta 20: 99 26 59 61 70 84 5 37 43 50 79 82 86 96 4 6 13 14 16 33 39 53 51 69 85 90 91 93 97 2 1 7 10 9 11 15 20 23 24 27 40 42 54 55 52 56 63 67 68 88 92 8 17 29 28 34 38 49 46 65 66 71 77 81 89 94 100 19 18 25 22 48 47 60 58 64 73 32
Volta 21: 99 26 59 61 5 50 70 79 84 82 86 4 13 37 43 53 69 85 90 93 96 97 1 9 6 14 11 15 20 16 23 24 27 33 40 39 42 51 54 56 68 91 2 7 10 8 17 28 29 38 46 52 55 65 63 67 66 71 77 81 88 89 92 94 18 22 25 34 49 47 60 58 100 19 48 64 73
Volta 22: 99 26 50 59 61 70 82 84 86 5 13 37 43 79 85 93 97 4 1 9 6 14 11 20 23 24 27 33 40 39 51 53 69 90 91 96 2 7 10 8 15 17 16 38 42 46 54 52 55 56 63 67 68 66 71 88 89 92 94 18 25 22 28 29 34 47 60 58 65 77 81 100 19 49 48 73 64
Volta 23: 99 26 50 59 61 70 82 86 5 43 79 84 85 93 97 1 6 13 24 23 27 37 39 53 69 91 96 4 2 9 7 8 10 14 11 16 20 33 40 38 42 46 51 55 54 56 67 88 90 92 15 17 25 22 28 29 34 47 52 58 60 63 68 66 71 77 81 89 94 100 18 19 49 65 73 48
Volta 24: 99 70 86 5 26 50 59 61 79 84 85 97 23 27 37 39 53 93 4 1 9 6 7 10 14 13 11 24 33 40 38 42 46 51 55 56 88 90 91 92 2 15 16 20 22 28 34 54 52 58 63 66 67 71 77 81 89 94 100 18 17 25 29 47 49 60 73 19 48 65
Volta 25: 70 86 99 5 26 50 61 84 85 97 23 27 53 59 79 93 4 10 9 7 14 13 24 33 37 40 39 56 88 91 2 1 6 11 20 22 34 38 42 46 54 55 51 67 89 90 92 15 17 16 28 29 49 47 52 60 58 63 66 71 77 81 94 100 18 19 25 48 73
Volta 26: 70 99 5 26 85 84 86 23 50 53 59 61 79 93 97 4 9 7 13 14 27 37 39 40 56 91 1 6 10 11 24 34 33 38 42 46 55 67 88 92 2 15 16 20 22 28 47 54 51 52 60 58 63 66 77 81 89 90 94 100 19 18 17 25 29 49 71 48 73
Volta 27: 99 5 26 70 84 85 23 50 86 93 97 4 7 9 14 53 56 59 61 79 91 1 10 13 11 24 27 34 37 40 38 39 42 55 67 88 92 2 6 15 20 22 28 33 46 52 51 60 63 66 81 89 90 16 18 17 19 29 47 49 54 58 77 94 100 25 48 71
Volta 28: 5 70 85 84 99 26 50 86 93 97 4 23 53 59 61 79 91 1 7 9 14 13 27 37 39 38 42 56 67 88 2 10 11 24 28 34 33 40 46 52 55 51 63 81 89 90 92 6 15 19 20 18 17 16 22 47 54 58 60 66 77 94 25 29 48 49 71 100
Volta 29: 5 85 84 50 70 97 99 26 59 61 79 86 93 91 4 1 9 7 14 23 38 39 42 53 67 88 10 11 13 24 28 27 33 40 37 55 56 89 2 6 20 17 19 18 22 34 46 52 51 60 63 81 90 92 15 16 25 49 48 47 54 58 66 71 77 94 29
Volta 30: 5 84 85 50 70 99 26 59 61 79 86 91 4 1 9 14 38 39 53 67 7 10 11 27 37 42 55 56 2 13 20 19 18 24 28 33 34 40 46 51 81 90 89 6 15 17 25 22 47 48 54 52 60 63 66 71 77 94 49 58 29
Volta 31: 5 85 84 50 70 26 59 61 86 99 4 14 38 39 67 79 91 1 7 9 11 37 42 53 55 2 10 20 19 24 27 28 34 33 40 51 56 90 89 6 13 17 18 25 46 54 52 60 63 71 81 94 15 22 49 47 48 66 77 58
Volta 32: 84 5 50 85 26 59 61 70 86 99 14 38 79 4 7 9 11 39 37 67 91 1 2 10 24 27 42 55 53 56 18 17 20 19 28 33 34 40 51 52 60 81 89 90 94 6 13 22 25 49 48 46 54 63 66 71 15 47 58 77
Volta 33: 84 5 50 85 59 61 70 99 14 26 86 4 9 11 38 37 67 79 7 24 27 39 55 53 56 91 1 2 10 19 18 28 34 42 51 52 60 81 89 90 94 6 13 17 20 33 40 48 46 49 54 63 66 71 15 22 25 47 58
Volta 34: 50 84 85 5 26 59 61 70 86 99 9 14 11 38 67 4 7 24 27 37 39 55 56 79 91 1 19 18 28 34 42 52 53 60 89 2 6 10 13 33 40 48 49 46 51 54 66 81 90 94 20 17 25 22 47 63 71 15 58
Volta 35: 50 85 5 84 26 59 61 99 9 14 70 86 4 7 11 27 37 39 38 67 79 18 24 34 53 55 56 60 91 2 1 6 10 13 19 28 33 40 42 49 46 48 54 52 51 81 89 90 94 20 22 47 66 71 15 17 25 63
Volta 36: 50 85 84 5 26 59 61 70 86 4 9 14 11 27 38 37 67 7 34 39 55 53 56 91 2 1 10 6 18 24 28 33 42 49 48 46 51 54 60 89 90 94 13 20 19 22 40 52 66 81 25 63 71 15 17
Volta 37: 50 85 5 84 26 59 61 86 4 9 14 27 37 67 70 7 11 38 53 55 56 1 6 18 24 28 34 39 48 46 60 89 90 94 91 2 10 19 20 22 33 42 49 51 54 52 66 81 13 40 71 15 25 63
Volta 38: 50 85 5 26 59 61 84 86 4 14 27 37 67 70 9 7 11 38 53 56 1 6 18 28 34 39 46 55 89 91 2 10 24 33 42 48 49 54 60 66 90 94 13 19 20 22 52 51 81 15 40 63 71 25
Volta 39: 50 85 5 26 61 84 86 14 27 59 4 9 37 38 53 56 70 67 1 7 11 18 28 34 46 55 89 2 6 10 33 39 42 49 48 54 60 90 94 91 13 20 19 22 24 51 66 81 15 40 52 63 71
Volta 40: 50 85 5 26 61 84 86 27 4 9 14 38 37 53 59 67 1 7 11 18 28 34 55 56 70 89 2 6 39 42 49 48 46 60 90 94 91 10 13 20 19 24 33 54 66 81 15 22 40 52 51 63 71
Volta 41: 50 85 26 5 27 61 84 86 38 53 59 4 7 9 11 14 34 37 56 70 67 89 1 2 6 18 28 39 48 49 46 55 60 90 94 10 13 19 24 42 54 91 20 22 33 40 52 51 66 81 15 63
Volta 42: 50 5 27 26 61 38 53 59 84 86 4 9 14 34 37 67 1 2 7 6 11 18 28 39 48 46 56 60 70 90 89 94 13 19 24 49 91 10 22 33 40 42 52 54 66 81 51 63 15
Volta 43: 50 5 26 27 53 61 84 4 14 34 38 37 59 86 1 6 9 7 11 46 60 67 70 89 94 2 13 18 19 24 28 39 49 48 56 90 91 10 22 33 40 42 66 81 52 51 54 63
Volta 44: 50 26 5 53 61 84 4 14 27 38 86 9 11 34 37 46 59 70 89 1 6 7 13 18 24 48 60 67 90 91 94 2 10 19 22 28 39 42 49 56 33 40 54 52 66 81 51 63
Volta 45: 50 5 26 53 61 27 84 4 9 11 14 34 37 38 59 89 86 1 7 6 13 24 46 48 60 67 70 90 94 2 10 19 18 28 39 42 56 91 22 33 40 49 54 81 52 51 66
Volta 46: 50 26 53 61 5 27 84 4 9 11 14 34 37 38 59 89 86 1 7 13 24 46 48 67 90 94 6 19 18 28 39 42 60 56 70 91 2 10 22 40 49 54 81 33 52 51 66
Volta 47: 50 26 53 5 61 84 9 14 11 27 34 38 37 59 86 4 1 90 89 7 13 24 28 39 42 48 46 56 60 67 70 91 94 10 6 19 18 22 40 49 2 33 52 51 54 81
Volta 48: 26 50 53 5 84 11 27 59 61 86 1 9 34 37 38 89 4 7 13 28 39 46 48 60 70 67 90 94 10 19 22 40 42 49 56 91 2 6 18 54 81 33 51 52
Volta 49: 26 50 53 5 84 11 27 59 61 86 9 34 38 89 4 1 7 13 37 39 48 60 67 90 19 22 28 40 42 46 56 70 94 2 6 10 49 54 81 91 18 33 51
Volta 50: 26 50 5 53 11 27 61 84 86 59 89 1 9 7 34 38 37 60 4 13 19 22 40 39 42 46 48 56 70 67 90 94 6 10 28 54 91 2 18 33 49 81 51
Volta 51: 26 50 53 5 11 27 61 84 86 59 89 7 9 34 37 38 1 13 19 22 39 40 42 48 46 60 56 70 67 90 94 4 10 54 2 6 28 33 49 81 91 18
Volta 52: 50 26 53 5 27 11 61 84 89 86 9 34 59 1 7 22 38 37 40 42 60 67 90 94 4 13 19 39 48 46 56 70 2 6 10 28 54 18 33 49 81 91
Volta 53: 50 26 27 53 5 11 61 84 89 86 9 34 59 1 7 38 42 60 4 13 19 22 40 37 39 48 56 67 90 94 2 6 10 46 54 70 28 33 49 81 18
Volta 54: 50 26 53 11 27 61 86 89 5 9 34 59 38 4 7 13 22 37 39 42 48 60 56 67 90 2 6 19 40 46 70 94 10 33 49 54 81 18
Volta 55: 50 26 27 53 61 89 5 11 34 59 86 9 38 7 42 48 60 56 67 90 4 6 13 19 22 37 40 39 46 2 10 49 54 70 81 94 33
Volta 56: 50 26 27 53 61 11 89 86 5 9 34 59 7 38 42 48 56 67 4 13 22 39 40 37 60 90 2 6 10 19 46 49 70 33 54 81 94
Volta 57: 50 26 53 61 11 27 86 89 9 34 59 5 38 42 48 67 4 7 13 22 39 37 40 56 60 90 10 6 19 49 46 70 2 54 81 33
Volta 58: 50 26 61 27 53 86 89 9 11 34 5 42 48 59 7 13 37 40 38 60 67 90 4 10 6 22 39 56 2 19 49 46 54 70 81 33
Volta 59: 50 26 61 89 11 27 53 86 9 34 42 48 59 5 13 38 40 67 90 10 7 22 37 39 60 56 2 4 6 46 54 70 19 49 81
Volta 60: 50 26 89 27 53 61 86 9 11 34 48 13 38 42 90 5 7 10 39 40 56 60 2 4 22 54 70 6 46 81 49
Volta 61: 50 26 27 53 61 86 89 11 34 48 9 13 38 42 90 5 10 40 56 2 4 7 22 39 54 60 70 6 46 81
Volta 62: 50 26 27 53 86 89 11 34 61 9 42 48 90 13 38 40 56 4 2 5 10 7 22 39 60 70 46 54 81 6
Volta 63: 50 27 26 53 86 11 34 61 89 9 42 48 13 40 38 90 2 4 22 39 56 5 7 10 54 60 70 46 81
Volta 64: 50 53 27 26 89 86 11 34 42 61 9 13 38 40 48 90 2 56 4 5 7 10 22 39 60 54 70 81 46
Volta 65: 50 27 26 53 89 86 11 34 61 9 13 40 38 42 2 48 90 5 10 22 39 56 60 4 7 70 81 54
Volta 66: 50 26 27 53 89 34 9 11 40 38 42 61 2 48 90 5 10 56 4 7 22 39 60 70 81 54
Volta 67: 50 27 53 89 26 34 9 11 38 40 61 42 48 90 2 10 56 5 4 7 22 39 60 70 81
Volta 68: 50 26 27 34 53 89 9 40 61 11 38 42 90 2 48 5 7 10 22 39 56 70 81 4 60
Volta 69: 50 27 26 34 53 9 40 61 89 11 38 42 48 90 2 10 7 39 56 70 81 4 5 22
Volta 70: 26 34 50 53 9 27 40 61 89 38 42 48 90 2 7 11 39 70 81 5 10 56 4 22
Volta 71: 26 53 27 34 40 50 61 9 89 42 48 90 7 11 38 39 70 81 2 10 56 5 4
Volta 72: 26 53 34 40 9 27 50 61 89 90 7 11 38 39 42 48 70 56 81 2 10 4 5
Volta 73: 26 34 40 53 27 50 61 9 7 11 42 70 89 90 39 38 48 81 10 56 4 2
Volta 74: 26 34 40 53 50 61 9 27 11 70 90 7 39 42 81 89 38 48 56 4 10 2
Volta 75: 40 53 26 34 50 61 9 27 11 7 39 42 70 90 38 48 56 81 89 4 10
Volta 76: 53 26 34 40 9 27 50 61 11 7 39 42 90 38 56 70 89 4 48 81 10
Volta 77: 53 26 40 9 34 50 61 11 27 39 42 90 7 38 70 89 48 56 4 81
Volta 78: 26 53 9 40 50 11 34 61 27 39 90 7 42 70 89 38 56 48 81 4
Volta 79: 53 9 26 40 50 34 61 11 27 39 90 42 7 38 70 89 56 48 81
Volta 80: 9 26 50 53 34 40 39 61 90 11 27 42 7 38 70 89 56 48 81
Volta 81: 9 26 50 53 40 34 61 90 11 27 39 42 7 38 89 56 70 48
Volta 82: 50 9 26 53 40 61 90 27 34 39 11 38 42 7 70 89 56 48
Volta 83: 50 9 26 53 40 90 27 34 61 11 38 39 7 42 70 89 56
Volta 84: 50 9 26 40 90 27 34 61 11 39 7 38 70 89 42 56
Volta 85: 9 50 26 90 27 34 40 61 11 39 7 70 38 42 89
Volta 86: 9 26 50 90 40 61 11 27 34 39 7 38 42 70 89
Volta 87: 9 26 50 61 90 11 27 34 40 39 7 38 42 70
Volta 88: 26 9 50 61 90 11 27 34 40 39 7 38 42 70
Volta 89: 9 26 50 61 11 27 90 34 39 40 7 38 42
Volta 90: 26 9 27 50 61 90 11 34 40 39 42 7 38
Volta 91: 26 50 61 9 27 90 11 34 39 40 42 7
Volta 92: 26 50 61 9 11 27 34 40 39 90 42 7
Volta 93: 26 50 61 9 11 27 34 39 90 40 42
Volta 94: 26 61 34 39 50 90 9 11 27 40 42
Volta 95: 26 61 34 39 50 90 9 11 40 27
Volta 96: 26 61 34 50 9 11 40 39 90 27
Volta 97: 26 61 9 11 34 40 39 50 90
Volta 98: 26 61 9 11 39 34 40 50 90
Volta 99: 26 61 9 39 11 34 40 50
Volta 100: 26 61 39 9 11 40 34 50
Volta 101: 26 61 9 11 40 39 34
Volta 102: 61 26 9 11 39 34 40
Volta 103: 61 26 9 11 34 39
Volta 104: 61 26 9 11 39 34
Volta 105: 26 61 9 11 39
Volta 106: 26 61 39 9 11
Volta 107: 26 61 9 39
Volta 108: 26 61 9 39
Volta 109: 26 61 9
Volta 110: 26 61 9

Ranqueamento Final:
1: Ciclista 9 - 10800.18 segundos
2: Ciclista 61 - 10726.50 segundos
3: Ciclista 26 - 10725.66 segundos
4: Ciclista 39 - 10575.90 segundos
5: Ciclista 11 - 10350.30 segundos
6: Ciclista 34 - 10200.78 segundos
7: Ciclista 40 - 9975.90 segundos
8: Ciclista 50 - 9826.14 segundos
9: Ciclista 90 - 9602.10 segundos
10: Ciclista 27 - 9450.66 segundos
11: Ciclista 42 - 9301.02 segundos
12: Ciclista 7 - 9150.18 segundos
13: Ciclista 38 - 8925.90 segundos
14: Ciclista 70 - 8776.62 segundos
15: Ciclista 89 - 8627.10 segundos
16: Ciclista 56 - 8401.38 segundos
17: Ciclista 48 - 8326.14 segundos
18: Ciclista 81 - 8101.98 segundos
19: Ciclista 4 - 7950.06 segundos
20: Ciclista 10 - 7800.18 segundos
21: Ciclista 2 - 7575.06 segundos
22: Ciclista 5 - 7350.06 segundos
23: Ciclista 22 - 7125.54 segundos
24: Ciclista 60 - 6901.38 segundos
25: Ciclista 54 - 6751.26 segundos
26: Ciclista 46 - 6601.14 segundos
27: Ciclista 6 - 6375.18 segundos
28: Ciclista 49 - 6226.14 segundos
29: Ciclista 33 - 6000.78 segundos
30: Ciclista 94 - 5777.22 segundos
31: Ciclista 18 - 5625.66 segundos
32: Ciclista 91 - 5402.22 segundos
33: Ciclista 51 - 5251.26 segundos
34: Ciclista 52 - 5026.26 segundos
35: Ciclista 66 - 4801.62 segundos
36: Ciclista 63 - 4651.50 segundos
37: Ciclista 15 - 4500.30 segundos
38: Ciclista 71 - 4276.74 segundos
39: Ciclista 25 - 4125.54 segundos
40: Ciclista 17 - 3900.42 segundos
41: Ciclista 58 - 3676.38 segundos
42: Ciclista 77 - 3451.86 segundos
43: Ciclista 29 - 3300.66 segundos
44: Ciclista 100 - 3002.34 segundos
45: Ciclista 73 - 2851.74 segundos
46: Ciclista 65 - 2626.50 segundos
47: Ciclista 64 - 2476.50 segundos
48: Ciclista 32 - 2250.78 segundos
49: Ciclista 83 - 2026.98 segundos
50: Ciclista 98 - 1877.34 segundos
51: Ciclista 44 - 1651.02 segundos
52: Ciclista 95 - 1427.22 segundos
53: Ciclista 12 - 1275.30 segundos
54: Ciclista 75 - 976.74 segundos
55: Ciclista 80 - 751.86 segundos
56: Ciclista 30 - 600.66 segundos
57: Ciclista 87 - 302.10 segundos

Ciclista 1 quebrou na volta 54 - 5325.00 segundos
Ciclista 3 quebrou na volta 12 - 1200.00 segundos
Ciclista 8 quebrou na volta 24 - 2475.12 segundos
Ciclista 13 quebrou na volta 66 - 6525.24 segundos
Ciclista 14 quebrou na volta 48 - 4650.24 segundos
Ciclista 16 quebrou na volta 30 - 3150.36 segundos
Ciclista 19 quebrou na volta 60 - 6150.36 segundos
Ciclista 20 quebrou na volta 42 - 4350.36 segundos
Ciclista 21 quebrou na volta 12 - 1275.48 segundos
Ciclista 23 quebrou na volta 30 - 2925.48 segundos
Ciclista 24 quebrou na volta 48 - 4875.48 segundos
Ciclista 28 quebrou na volta 54 - 5625.60 segundos
Ciclista 31 quebrou na volta 6 - 750.72 segundos
Ciclista 35 quebrou na volta 6 - 675.72 segundos
Ciclista 36 quebrou na volta 6 - 675.84 segundos
Ciclista 37 quebrou na volta 60 - 6000.84 segundos
Ciclista 41 quebrou na volta 18 - 1950.96 segundos
Ciclista 43 quebrou na volta 24 - 2250.96 segundos
Ciclista 45 quebrou na volta 6 - 675.96 segundos
Ciclista 47 quebrou na volta 36 - 3751.08 segundos
Ciclista 53 quebrou na volta 84 - 8026.20 segundos
Ciclista 55 quebrou na volta 42 - 4276.20 segundos
Ciclista 57 quebrou na volta 12 - 1276.32 segundos
Ciclista 59 quebrou na volta 60 - 5851.32 segundos
Ciclista 62 quebrou na volta 12 - 1276.44 segundos
Ciclista 67 quebrou na volta 60 - 6001.56 segundos
Ciclista 68 quebrou na volta 24 - 2476.56 segundos
Ciclista 69 quebrou na volta 24 - 2401.56 segundos
Ciclista 72 quebrou na volta 12 - 1351.68 segundos
Ciclista 74 quebrou na volta 12 - 1201.68 segundos
Ciclista 76 quebrou na volta 12 - 1126.80 segundos
Ciclista 78 quebrou na volta 6 - 526.80 segundos
Ciclista 79 quebrou na volta 36 - 3526.80 segundos
Ciclista 82 quebrou na volta 24 - 2176.92 segundos
Ciclista 84 quebrou na volta 54 - 5176.92 segundos
Ciclista 85 quebrou na volta 42 - 3901.92 segundos
Ciclista 86 quebrou na volta 66 - 6302.04 segundos
Ciclista 88 quebrou na volta 30 - 2927.04 segundos
Ciclista 92 quebrou na volta 30 - 3077.16 segundos
Ciclista 93 quebrou na volta 30 - 2927.16 segundos
Ciclista 96 quebrou na volta 24 - 2327.28 segundos
Ciclista 97 quebrou na volta 30 - 2777.28 segundos
Ciclista 99 quebrou na volta 36 - 3452.28 segundos
