Volta 1: 5 4 3 2 1 8 7 10 6 9 14 11 12 15 13 20 18 16 17 19 25 22 24 23 21 26 30 29 27 28 32 35 34 31 33 40 39 38 37 36 43 41 42 44 45 46 50 49 47 48
Volta 2: 1 4 2 9 10 7 6 8 13 15 11 12 17 16 20 24 21 22 25 23 29 28 31 34 32 33 39 38 41 42 45 44 48 50 46 49 47 5 3 14 18 19 26 30 27 35 37 36 40 43
Volta 3: 1 2 10 8 12 11 13 16 29 28 32 45 41 47 4 5 3 9 6 7 15 14 19 18 17 20 21 22 24 25 23 30 27 26 35 33 31 34 39 36 38 37 44 42 50 46 49 48 40
Volta 4: 1 2 10 8 12 11 16 41 45 3 7 6 14 13 15 19 17 18 20 25 21 24 23 22 26 27 29 28 33 31 34 32 35 36 37 39 44 48 47 50 49 46 4 5 9 30 40 38 42
Volta 5: 2 1 8 11 12 16 41 3 10 6 7 13 15 14 19 20 22 23 25 26 27 29 32 34 39 45 46 48 47 5 4 9 17 18 21 24 30 28 35 33 31 37 40 38 36 44 49 50
Volta 6: 12 16 41 3 1 8 6 10 7 11 15 20 22 25 26 29 34 39 45 46 47 5 4 9 13 14 17 18 19 21 30 27 28 33 32 31 35 37 40 36 38 48 49 24 44 50
Volta 7: 12 16 41 1 8 6 15 11 20 25 29 26 47 46 5 4 3 10 9 7 14 19 17 21 22 30 27 33 31 34 35 39 38 40 45 49 13 18 24 28 32 37 36 44 48
Volta 8: 16 1 8 11 15 12 20 25 26 29 41 47 5 4 9 6 10 17 19 22 21 27 35 34 40 46 3 7 13 14 24 28 30 33 32 31 38 39 37 45 44 49 48 18 36
Volta 9: 1 8 12 11 16 25 26 29 41 5 10 9 6 15 17 20 19 22 34 40 47 4 3 7 13 14 21 27 32 35 31 39 37 45 44 49 48 46 24 30 28 33 38 18
Volta 10: 12 11 16 25 26 29 41 1 9 6 8 10 15 20 19 34 40 4 5 7 13 14 17 21 22 27 35 37 39 45 44 49 47 48 46 3 24 28 30 31 32 38 18 33
Volta 11: 16 25 29 41 1 6 8 11 12 26 40 5 9 10 7 15 19 20 21 27 35 34 37 39 45 47 46 3 4 13 14 17 22 30 32 38 44 49 48 24 28 31 18
Volta 12: 29 41 1 6 8 12 16 25 26 40 9 15 20 19 21 27 35 39 37 45 47 46 5 3 4 10 13 22 32 38 17 28 30 31 44 49 48 18 24
Volta 13: 29 41 1 6 8 12 16 25 26 40 9 19 21 27 35 39 37 46 3 5 10 15 20 22 45 47 4 13 17 28 31 32 38 49 18 30 44 48
Volta 14: 29 41 6 8 16 26 40 1 9 12 25 27 35 37 46 5 15 19 21 39 45 47 4 3 10 13 20 17 22 28 31 32 38 49 30 44 18 48
Volta 15: 41 6 16 29 40 1 8 12 25 26 35 37 5 9 19 21 27 39 46 47 3 10 15 20 17 32 45 49 4 13 22 28 31 38 18 30 44
Volta 16: 41 6 16 29 1 8 25 26 35 40 37 12 39 46 5 9 10 15 20 19 17 21 27 45 47 4 3 13 22 31 32 49 28 30 38 18 44
Volta 17: 41 1 6 8 16 25 26 29 35 12 40 37 46 5 10 9 15 20 17 21 27 39 45 47 3 4 19 22 32 49 13 28 31 38 18 30
Volta 18: 41 1 6 16 25 8 12 29 26 35 40 5 9 10 15 27 39 37 45 47 46 3 4 20 17 19 21 32 13 22 28 31 38 49 30 18
Volta 19: 41 1 6 8 12 16 25 26 29 35 5 10 9 15 27 39 40 37 45 46 3 4 20 17 21 47 19 22 28 31 32 49 13 38 30
Volta 20: 41 1 6 12 16 26 29 8 25 35 40 39 45 4 5 3 9 10 15 17 21 27 37 47 46 20 19 32 49 22 28 31 38 13 30
Volta 21: 41 1 6 12 16 26 8 25 29 35 39 45 3 5 10 15 17 21 27 40 37 46 4 9 19 47 20 22 31 32 49 13 28 38
Volta 22: 41 1 6 12 16 8 29 26 35 39 45 10 15 17 25 21 40 46 3 5 27 37 47 4 9 19 20 22 32 49 13 28 31 38
Volta 23: 41 1 6 12 16 8 26 29 39 45 21 35 40 46 3 10 15 17 25 27 37 47 5 4 9 20 22 49 13 19 28 32 31
Volta 24: 1 41 6 12 16 8 39 45 21 29 26 35 3 10 25 37 40 46 47 4 15 17 22 27 49 5 9 13 19 20 32 28 31
Volta 25: 41 1 6 12 16 45 8 21 29 26 35 39 3 25 40 46 10 15 37 49 47 4 9 13 20 17 19 22 27 5 28 32
Volta 26: 41 1 12 6 16 45 8 21 29 35 39 3 26 40 46 10 15 25 47 49 4 9 17 20 37 5 13 19 22 27 28 32
Volta 27: 41 1 6 12 8 16 29 35 39 45 3 21 26 15 25 40 46 47 4 9 10 20 37 49 5 13 17 22 27 19 28
Volta 28: 41 1 12 6 16 29 35 39 3 8 21 26 45 15 25 40 47 9 20 37 49 46 5 4 10 27 13 17 19 22 28
Volta 29: 41 1 12 29 35 39 6 8 16 26 45 3 15 25 21 40 20 37 47 46 4 5 9 27 49 10 13 19 22 17
Volta 30: 41 1 12 39 8 26 29 35 45 3 16 21 15 25 40 37 47 46 4 20 27 49 5 10 13 19 17 22
Volta 31: 41 1 8 12 35 39 45 3 16 21 26 29 15 25 40 37 47 46 4 20 27 49 5 13 10 19 17
Volta 32: 41 1 8 12 35 45 3 21 26 39 15 16 25 29 40 37 47 46 4 49 5 13 20 27 10 19 17
Volta 33: 41 1 8 12 45 26 35 39 3 15 16 21 29 40 46 47 25 37 49 5 4 13 20 27 10 19
Volta 34: 41 1 8 12 26 35 39 45 3 21 29 40 47 46 15 16 25 37 4 13 20 49 5 10 19 27
Volta 35: 41 1 8 12 26 39 45 3 21 29 35 15 25 37 40 46 47 4 13 20 16 49 5 10 19
Volta 36: 41 8 1 12 26 3 21 29 35 39 45 15 25 37 40 4 16 20 49 46 47 5 13 10 19
Volta 37: 41 1 8 12 26 3 21 29 39 45 15 35 37 20 25 40 46 49 47 4 5 16 10 13
Volta 38: 41 8 12 1 21 26 29 45 3 39 37 15 20 35 40 49 46 47 4 16 25 5 10 13
Volta 39: 41 8 1 12 21 29 26 45 37 39 3 15 35 40 47 20 16 25 49 46 4 5 10
Volta 40: 41 8 1 21 26 12 29 37 45 3 35 39 40 15 16 25 47 46 5 4 10 20 49
Volta 41: 41 8 1 21 26 12 29 45 3 40 39 37 15 16 35 46 5 10 20 25 47 4
Volta 42: 41 8 26 1 21 29 45 39 3 15 35 37 40 46 20 25 47 5 10 4
Volta 43: 41 8 26 1 45 21 29 39 3 37 40 46 15 20 25 35 5 10 47
Volta 44: 41 8 1 26 45 21 29 39 37 46 3 15 20 25 35 40 5 10 47
Volta 45: 41 8 26 1 45 21 29 37 39 46 3 25 35 5 10 15 20 40
Volta 46: 41 8 26 45 1 21 29 37 35 39 46 3 5 15 25 10 20 40
Volta 47: 41 8 45 1 21 26 29 37 39 46 3 5 15 25 35 10 20
Volta 48: 41 8 45 1 26 29 21 37 46 3 5 39 10 15 25 35
Volta 49: 41 8 45 1 26 21 29 37 5 3 39 46 10 15 25
Volta 50: 41 8 45 1 26 21 29 5 39 37 46 3 10 25 15
Volta 51: 41 8 45 1 26 21 29 5 37 39 46 3 25 10
Volta 52: 41 8 26 45 1 21 29 5 39 3 25 37 46 10
Volta 53: 41 8 26 45 1 21 29 39 5 3 25 37 46
Volta 54: 41 8 26 1 45 21 29 39 5 3 25 37 46
Volta 55: 41 8 26 45 1 29 39 5 21 37 3 25
Volta 56: 41 8 26 45 1 29 39 5 21 37 3 25
Volta 57: 41 8 26 45 29 39 5 1 21 37 3
Volta 58: 41 8 26 45 1 5 29 39 21 37 3
Volta 59: 41 8 26 45 39 1 5 21 29 37
Volta 60: 41 8 26 45 39 1 29 37 5 21
Volta 61: 41 8 26 45 1 29 37 39 5
Volta 62: 41 8 26 45 1 37 39 29 5
Volta 63: 41 26 8 45 1 29 37 39
Volta 64: 41 26 8 1 45 29 37 39
Volta 65: 41 26 1 8 45 29 37
Volta 66: 41 8 45 1 29 37
Volta 67: 41 1 8 45 29
Volta 68: 41 45 1 8 29
Volta 69: 41 1 8 45
Volta 70: 41 8 45 1
Volta 71: 41 8 45
Volta 72: 41 45 8
Volta 73: 41 45
Volta 74: 41 45

Ranqueamento Final:
1: Ciclista 45 - 1411.02 segundos
2: Ciclista 8 - 1380.18 segundos
3: Ciclista 41 - 1366.02 segundos
4: Ciclista 1 - 1350.06 segundos
5: Ciclista 29 - 1320.66 segundos
6: Ciclista 37 - 1290.90 segundos
7: Ciclista 39 - 1245.90 segundos
8: Ciclista 5 - 1215.06 segundos
9: Ciclista 21 - 1170.54 segundos
10: Ciclista 3 - 1140.06 segundos
11: Ciclista 25 - 1110.54 segundos
12: Ciclista 46 - 1066.14 segundos
13: Ciclista 10 - 1035.18 segundos
14: Ciclista 15 - 1005.30 segundos
15: Ciclista 35 - 960.78 segundos
16: Ciclista 40 - 930.90 segundos
17: Ciclista 47 - 886.14 segundos
18: Ciclista 4 - 870.06 segundos
19: Ciclista 49 - 811.14 segundos
20: Ciclista 13 - 780.30 segundos
21: Ciclista 19 - 750.42 segundos
22: Ciclista 27 - 705.66 segundos
23: Ciclista 17 - 690.42 segundos
24: Ciclista 22 - 645.54 segundos
25: Ciclista 28 - 615.66 segundos
26: Ciclista 32 - 570.78 segundos
27: Ciclista 31 - 525.78 segundos
28: Ciclista 38 - 480.90 segundos
29: Ciclista 30 - 450.66 segundos
30: Ciclista 18 - 420.42 segundos
31: Ciclista 44 - 376.02 segundos
32: Ciclista 48 - 331.14 segundos
33: Ciclista 24 - 285.54 segundos
34: Ciclista 33 - 240.78 segundos
35: Ciclista 36 - 195.90 segundos
36: Ciclista 50 - 151.14 segundos
37: Ciclista 42 - 106.02 segundos
38: Ciclista 43 - 61.02 segundos

Ciclista 2 quebrou na volta 6 - 120.00 segundos
Ciclista 6 quebrou na volta 30 - 570.12 segundos
Ciclista 7 quebrou na volta 12 - 240.12 segundos
Ciclista 9 quebrou na volta 30 - 615.12 segundos
Ciclista 11 quebrou na volta 12 - 225.24 segundos
Ciclista 12 quebrou na volta 42 - 810.24 segundos
Ciclista 14 quebrou na volta 12 - 270.24 segundos
Ciclista 16 quebrou na volta 42 - 840.36 segundos
Ciclista 20 quebrou na volta 48 - 960.36 segundos
Ciclista 23 quebrou na volta 6 - 135.48 segundos
Ciclista 26 quebrou na volta 66 - 1230.60 segundos
Ciclista 34 quebrou na volta 12 - 240.72 segundos
