Volta 1: 5 4 3 2 1 8 7 10 6 9 14 11 12 15 13 20 18 16 17 19 25 22 24 23 21 26 30 29 27 28 32 35 34 31 33 40 39 38 37 36 43 41 42 44 45 46 50 49 47 48
Volta 2: 1 5 2 9 10 7 6 8 14 13 15 12 17 16 20 24 21 22 25 23 28 26 31 34 32 33 39 38 42 45 43 44 48 50 46 49 47 4 3 11 18 19 29 30 27 35 37 36 40 41
Volta 3: 1 5 6 7 15 14 13 17 26 28 34 42 44 47 4 3 2 10 9 8 12 11 19 20 16 18 24 22 23 21 25 29 30 27 31 35 32 33 38 40 39 36 43 45 49 48 46 50 37
Volta 4: 1 5 6 7 15 17 26 34 42 44 3 2 8 9 10 11 12 14 13 18 16 19 25 23 24 21 30 28 27 35 33 32 31 36 38 40 43 45 47 46 49 50 48 4 20 22 29 39 37
Volta 5: 1 5 7 17 26 42 3 2 8 6 12 14 13 15 19 23 25 21 28 30 27 31 34 35 38 40 45 44 47 49 48 4 10 9 11 16 20 18 24 22 29 32 33 36 39 43 50 46
Volta 6: 5 17 26 3 1 6 7 8 15 14 19 23 21 30 35 31 38 44 42 49 2 9 10 11 13 12 20 18 16 25 22 24 29 27 28 33 32 34 39 40 36 45 43 50 48 46 47 4
Volta 7: 17 26 5 1 7 6 8 15 19 23 21 30 38 49 2 3 10 13 12 14 25 29 28 27 33 35 31 40 36 44 42 43 45 46 48 50 47 9 11 20 18 16 24 22 34 32 39
Volta 8: 17 26 1 5 8 7 15 19 23 21 10 6 12 13 14 29 30 33 31 38 36 43 42 49 48 46 2 3 9 11 16 20 24 25 22 28 27 35 32 40 44 45 50 47 18 34 39
Volta 9: 17 26 7 23 1 5 6 8 14 15 13 12 19 21 31 36 38 42 43 49 48 3 2 10 9 16 25 22 29 27 30 33 35 45 44 50 46 47 11 20 18 24 28 32 34 40
Volta 10: 17 26 7 23 1 8 12 13 15 14 19 21 36 42 43 48 49 2 5 10 6 25 30 29 31 33 38 45 47 46 50 3 9 11 20 16 24 22 27 28 32 35 34 40 44 18
Volta 11: 17 26 7 1 15 19 23 36 42 43 5 2 8 6 14 12 13 21 31 38 45 50 48 49 47 3 10 16 20 25 24 30 27 28 29 32 35 33 40 46 9 11 22 34 44
Volta 12: 26 17 7 15 23 42 2 5 6 12 13 14 19 21 31 36 43 49 50 47 10 8 27 29 30 33 35 32 38 45 48 46 3 9 11 16 20 22 24 28 34 44
Volta 13: 26 17 7 42 2 6 12 14 15 19 23 31 43 49 47 5 8 13 21 27 38 36 45 48 46 50 3 9 10 11 16 24 22 29 28 30 34 32 33 35 20
Volta 14: 26 17 7 42 6 12 15 19 23 31 43 47 5 2 8 14 21 36 38 45 46 49 48 50 3 13 11 16 22 27 29 28 32 9 10 20 24 30 35 34 33
Volta 15: 17 26 7 42 6 12 15 19 23 31 43 2 14 45 47 50 46 49 48 3 5 8 13 16 21 22 27 38 36 10 9 11 24 28 29 30 34 32 35 20
Volta 16: 7 17 26 42 6 12 15 23 14 19 31 43 45 49 46 48 50 47 2 5 8 13 16 22 21 27 36 38 3 10 9 24 28 29 35 11 20 30 34 32
Volta 17: 7 17 26 42 6 23 14 15 12 19 31 43 48 49 46 2 5 8 13 16 21 22 27 36 38 45 47 50 10 9 24 28 35 3 20 29 34 11 30
Volta 18: 7 42 17 6 12 14 19 23 43 46 49 2 5 8 21 31 38 45 48 13 16 22 24 27 35 36 50 47 3 9 10 28 29 11 20 34 30
Volta 19: 7 42 17 6 14 12 23 43 5 8 19 45 48 46 49 2 13 16 21 22 27 31 35 36 38 47 50 3 10 9 24 28 11 20 29 34
Volta 20: 7 42 17 6 12 23 43 8 14 19 49 46 48 5 21 22 27 31 38 36 45 50 47 2 3 10 13 16 24 28 35 9 11 20 29 34
Volta 21: 7 17 42 6 23 43 8 12 19 48 14 27 31 38 36 45 47 46 49 5 3 10 16 21 22 24 28 35 50 2 9 13 20 11 29
Volta 22: 7 42 17 6 23 43 48 8 12 14 19 38 36 46 49 5 10 21 22 28 27 31 35 45 50 47 3 2 9 13 16 20 24 11 29
Volta 23: 7 42 17 23 43 48 8 6 19 36 46 5 12 14 21 22 27 31 35 38 45 50 47 49 3 2 10 9 13 16 20 28 11 24
Volta 24: 7 42 17 23 6 19 36 43 48 8 14 21 38 45 46 49 50 5 3 9 12 13 20 16 22 27 28 35 31 47 2 10 24 11
Volta 25: 7 42 17 23 6 19 36 48 8 14 21 38 43 46 49 5 3 13 20 27 28 35 45 50 47 9 10 12 16 22 31 2 24
Volta 26: 7 42 17 6 23 48 8 19 36 13 14 20 21 27 35 38 43 45 50 49 46 5 3 10 9 12 16 22 28 31 47 2 24
Volta 27: 7 42 17 6 48 23 36 8 13 14 19 20 21 35 38 45 43 49 10 9 12 22 27 28 47 50 46 3 5 2 16 31
Volta 28: 7 42 17 48 6 23 8 14 20 36 45 49 10 13 19 21 27 35 38 43 47 50 3 2 5 9 12 16 22 28 31 46
Volta 29: 7 42 17 6 23 48 36 45 49 8 10 14 13 20 21 27 38 50 5 2 3 9 12 19 22 28 31 35 43 47 16
Volta 30: 42 17 6 23 48 45 8 10 14 36 50 49 5 9 13 20 21 27 28 35 31 38 43 2 3 12 16 47
Volta 31: 42 17 6 23 45 48 10 8 36 50 49 5 13 14 20 27 31 35 43 2 9 16 21 28 38 3 12
Volta 32: 42 17 6 48 10 8 23 36 45 50 5 14 13 20 27 35 43 49 21 28 31 38 3 2 9 12 16
Volta 33: 42 17 6 48 10 50 8 20 23 27 35 36 45 49 5 13 14 21 28 31 38 43 2 3 9 12
Volta 34: 17 42 6 48 10 50 20 23 27 35 36 45 5 8 14 28 31 38 43 49 3 9 13 21 2 12
Volta 35: 42 6 17 10 48 20 23 36 45 50 5 8 14 28 27 35 38 49 3 13 31 43 2 9 21
Volta 36: 17 42 6 48 10 20 23 45 50 8 28 35 38 36 3 14 13 27 31 49 9 21 43 2
Volta 37: 42 6 17 23 48 50 10 8 20 28 35 38 45 13 27 36 49 3 14 21 31 9 43
Volta 38: 42 6 17 50 8 10 20 23 38 45 48 13 28 35 3 14 27 31 36 49 21 43 9
Volta 39: 42 6 17 50 10 23 38 48 8 20 35 45 13 28 27 36 3 14 21 31 49 43
Volta 40: 42 6 17 10 23 38 48 50 8 20 45 13 27 28 35 36 3 14 21 31 49 43
Volta 41: 42 6 10 17 23 38 8 20 45 48 50 13 28 35 36 21 27 49 3 14 31
Volta 42: 42 6 23 8 10 17 20 38 45 50 13 28 48 27 35 36 49 3 14 21 31
Volta 43: 42 6 23 10 8 17 38 45 50 13 20 28 48 36 27 35 49 3 14 21
Volta 44: 42 6 8 17 23 10 20 38 45 48 50 13 28 27 35 36 49 3 14 21
Volta 45: 42 6 17 23 10 8 20 45 50 13 28 38 48 35 49 27 36 3 14
Volta 46: 42 6 23 8 20 17 50 10 28 45 48 13 38 35 36 49 3 14 27
Volta 47: 42 6 23 20 8 10 17 45 48 50 13 28 38 35 49 14 36 3
Volta 48: 42 23 6 10 8 17 20 45 50 48 28 38 13 35 49 36 14
Volta 49: 42 23 6 8 20 45 50 10 17 28 38 48 35 13 36 49
Volta 50: 42 23 8 6 20 45 17 38 48 50 10 28 13 35 49 36
Volta 51: 42 23 8 6 20 17 38 45 50 48 10 13 28 49 35
Volta 52: 42 23 6 8 20 17 38 50 45 48 10 13 28 49 35
Volta 53: 42 23 6 8 20 17 38 45 50 48 10 13 49 28
Volta 54: 42 23 6 8 20 17 38 48 50 10 13 49 28
Volta 55: 23 42 8 6 20 17 38 10 48 50 13 49
Volta 56: 23 42 6 20 8 17 38 50 48 10 13 49
Volta 57: 23 42 6 20 8 17 38 48 50 10 13
Volta 58: 23 42 6 20 8 17 50 48 38 10 13
Volta 59: 23 6 42 20 8 17 50 48 38 10
Volta 60: 6 42 20 50 8 17 38 48 10
Volta 61: 42 6 20 50 8 17 38 48
Volta 62: 42 6 20 8 48 50 17 38
Volta 63: 42 6 20 50 8 17 48
Volta 64: 20 42 6 50 8 17 48
Volta 65: 42 20 50 6 8 17
Volta 66: 42 20 50 6 17
Volta 67: 42 20 50 6
Volta 68: 42 50 20 6
Volta 69: 42 50 20
Volta 70: 42 20 50
Volta 71: 42 20
Volta 72: 42 20

Ranqueamento Final:
1: Ciclista 20 - 1380.42 segundos
2: Ciclista 50 - 1351.14 segundos
3: Ciclista 6 - 1350.18 segundos
4: Ciclista 42 - 1341.02 segundos
5: Ciclista 17 - 1320.42 segundos
6: Ciclista 48 - 1276.14 segundos
7: Ciclista 38 - 1230.90 segundos
8: Ciclista 10 - 1200.18 segundos
9: Ciclista 13 - 1170.30 segundos
10: Ciclista 49 - 1126.14 segundos
11: Ciclista 28 - 1110.66 segundos
12: Ciclista 35 - 1065.78 segundos
13: Ciclista 36 - 1035.90 segundos
14: Ciclista 14 - 1005.30 segundos
15: Ciclista 27 - 960.66 segundos
16: Ciclista 21 - 930.54 segundos
17: Ciclista 31 - 870.78 segundos
18: Ciclista 43 - 856.02 segundos
19: Ciclista 9 - 810.18 segundos
20: Ciclista 2 - 765.06 segundos
21: Ciclista 12 - 720.30 segundos
22: Ciclista 16 - 675.42 segundos
23: Ciclista 47 - 631.14 segundos
24: Ciclista 46 - 586.14 segundos
25: Ciclista 24 - 555.54 segundos
26: Ciclista 11 - 525.30 segundos
27: Ciclista 29 - 480.66 segundos
28: Ciclista 34 - 450.78 segundos
29: Ciclista 30 - 420.66 segundos
30: Ciclista 32 - 360.78 segundos
31: Ciclista 33 - 315.78 segundos
32: Ciclista 44 - 271.02 segundos
33: Ciclista 18 - 240.42 segundos
34: Ciclista 39 - 195.90 segundos
35: Ciclista 4 - 150.06 segundos
36: Ciclista 37 - 105.90 segundos
37: Ciclista 41 - 61.02 segundos

Ciclista 1 quebrou na volta 12 - 240.00 segundos
Ciclista 3 quebrou na volta 48 - 1005.00 segundos
Ciclista 5 quebrou na volta 36 - 735.00 segundos
Ciclista 7 quebrou na volta 30 - 540.12 segundos
Ciclista 8 quebrou na volta 66 - 1305.12 segundos
Ciclista 15 quebrou na volta 18 - 345.24 segundos
Ciclista 19 quebrou na volta 30 - 630.36 segundos
Ciclista 22 quebrou na volta 30 - 630.48 segundos
Ciclista 23 quebrou na volta 60 - 1125.48 segundos
Ciclista 25 quebrou na volta 12 - 255.48 segundos
Ciclista 26 quebrou na volta 18 - 315.60 segundos
Ciclista 40 quebrou na volta 12 - 255.84 segundos
Ciclista 45 quebrou na volta 54 - 1080.96 segundos
