Volta 1: 2 3 4 5 1 8 6 7 10 9 15 12 11 14 13 17 18 19 20 16 22 21 25 23 24 26 30 28 27 29 33 35 34 31 32 40 36 39 38 37 41 45 42 44 43 47 49 48 46 50 51 52 53 54 55 57 58 56 60 59 62 61 63 65 64 67 68 70 69 66 75 73 74 71 72 80 76 77 78 79 83 82 84 81 85 90 89 87 88 86 94 92 93 95 91 98 99 97 96 100
Volta 2: 3 1 4 5 9 6 7 10 14 15 20 16 17 18 19 25 24 28 27 26 29 34 32 33 31 36 37 39 45 44 43 42 46 50 48 49 47 53 52 54 51 55 57 58 59 60 62 64 63 61 65 67 70 66 68 73 72 74 76 77 78 82 83 84 81 89 92 94 93 95 91 98 97 96 100 99 2 8 11 13 12 22 21 23 30 35 40 38 41 56 69 71 75 80 79 85 86 90 88 87
Volta 3: 4 1 9 7 10 6 15 20 18 16 25 27 29 31 37 39 45 42 46 53 51 55 60 57 59 61 62 68 70 73 77 76 83 81 82 89 94 91 92 93 99 98 96 100 5 3 2 8 13 12 14 17 19 22 23 21 24 28 26 35 34 33 32 38 36 40 41 44 43 47 49 48 50 52 54 58 56 65 64 63 66 67 74 72 78 80 79 84 85 90 88 95 97 11 30 69 75 71 86
Volta 4: 4 7 10 18 20 25 29 27 37 42 59 57 61 70 73 77 76 82 81 83 89 92 94 91 98 99 3 2 1 6 8 9 13 15 12 19 16 23 22 26 28 35 32 33 31 39 36 45 44 43 41 46 50 47 48 49 55 51 53 54 60 56 58 64 62 65 68 67 72 74 80 79 78 84 88 93 97 96 100 5 14 11 17 21 24 30 34 40 38 52 63 66 69 75 71 85 90 86 95
Volta 5: 4 20 25 37 59 61 73 77 83 81 89 92 94 91 98 2 1 7 10 6 9 13 16 18 28 27 29 33 31 39 45 44 42 47 50 46 49 53 55 54 51 60 56 57 62 70 68 74 72 76 79 82 84 93 97 99 96 5 3 8 15 11 12 14 19 22 21 24 23 26 32 35 34 36 38 43 41 48 52 58 65 63 64 66 69 67 75 80 78 85 88 100 17 30 40 71 90 86
Volta 6: 4 25 37 59 61 77 81 92 94 98 1 10 7 27 29 33 31 39 42 45 46 54 53 60 57 56 62 68 70 72 73 74 76 79 83 82 89 93 91 96 99 2 3 9 6 8 12 15 14 19 16 18 22 23 26 28 35 38 36 44 43 41 47 49 50 48 51 65 64 67 66 69 75 80 78 85 84 88 97 5 11 21 24 30 34 32 52 58 63 90 86 100 17 40 71
Volta 7: 4 25 59 61 77 81 92 98 7 10 29 27 31 39 37 45 46 53 54 60 57 62 70 72 73 76 79 89 91 93 94 96 1 2 8 9 19 18 16 23 22 28 33 38 44 42 43 48 47 50 49 56 66 67 68 74 78 80 84 85 83 82 88 99 97 3 5 6 14 12 15 26 32 34 35 36 41 52 51 58 64 65 69 75 90 86 11 17 24 21 30 40 63 100
Volta 8: 4 25 59 61 81 98 10 7 29 37 39 46 57 62 70 72 73 77 76 89 94 91 93 92 96 2 1 9 18 19 22 27 31 44 45 47 48 50 54 53 60 68 74 79 82 83 88 99 97 5 8 6 12 15 14 16 23 28 32 35 33 38 42 41 43 49 51 52 56 58 64 67 69 66 75 80 78 84 85 90 86 3 24 26 34 36 40 63 65 100 11 17 21 30
Volta 9: 4 59 81 10 25 29 46 57 62 61 70 72 77 89 91 93 98 7 9 18 19 22 27 31 39 37 45 47 50 54 53 68 73 79 76 92 94 97 96 2 1 8 6 14 12 23 28 33 32 35 38 42 41 43 44 48 49 52 51 60 64 69 66 75 74 78 80 85 83 84 82 88 99 5 15 16 24 26 34 36 40 56 58 65 63 67 86 90 100 3 11 17 21
Volta 10: 59 81 4 10 25 29 46 57 70 77 89 93 7 18 19 22 31 45 50 54 61 62 68 72 73 76 92 91 94 98 96 2 1 9 8 23 27 35 33 39 37 38 44 42 43 41 47 49 48 53 51 52 60 64 69 74 78 79 85 83 88 99 97 5 6 15 14 12 16 24 26 28 32 34 36 56 65 63 67 66 75 80 82 84 90 100 3 17 40 58 86 11 21
Volta 11: 4 10 25 29 46 59 57 77 81 89 93 18 19 22 31 45 54 61 70 72 76 91 98 9 8 7 27 37 39 41 42 47 50 51 53 52 60 62 68 69 74 73 78 79 83 88 94 92 96 97 2 5 1 6 15 14 12 16 23 26 33 32 35 38 44 43 48 49 56 65 64 67 66 75 80 85 90 99 3 24 28 34 40 36 58 63 82 84 86 100 11 17
Volta 12: 4 10 25 46 57 77 89 93 18 29 31 45 54 59 70 72 81 98 8 7 9 19 22 27 39 47 53 60 61 68 74 76 83 92 94 91 97 96 14 16 33 37 44 43 42 41 48 50 52 62 64 65 69 75 73 80 78 79 85 88 90 99 1 5 2 6 15 12 23 24 26 34 32 35 40 36 38 49 56 67 66 82 86 100 3 28 58 84 11 17
Volta 13: 10 25 57 77 89 93 4 29 31 45 46 54 59 72 81 98 9 7 18 19 27 39 47 53 70 76 94 91 92 97 96 8 14 16 22 33 37 43 41 52 60 61 62 68 69 74 73 80 79 78 85 83 88 90 99 1 2 6 15 12 23 26 32 34 35 36 44 42 50 48 49 65 64 66 67 75 86 100 5 3 24 40 38 58 56 84 82 11 28
Volta 14: 10 25 77 89 93 29 45 46 54 59 57 81 98 4 7 18 19 27 31 39 53 70 72 76 94 92 97 96 9 8 14 16 22 37 41 47 52 61 68 69 74 79 83 85 88 91 99 1 6 15 12 23 26 32 33 42 44 43 48 60 62 64 66 73 78 80 90 3 2 24 35 34 38 36 50 49 56 58 65 67 75 84 82 86 100 5 11 40 28
Volta 15: 10 89 25 29 59 57 77 81 93 7 31 39 45 46 53 54 76 94 92 96 97 98 4 8 9 14 18 16 19 27 37 52 61 69 70 68 72 79 91 99 1 6 12 22 32 41 44 48 47 60 62 64 74 73 80 78 83 85 90 88 2 3 15 23 24 26 33 35 34 38 42 43 50 56 58 65 67 66 75 86 100 5 40 36 49 84 82 11
Volta 16: 10 89 25 59 81 7 29 45 46 54 53 57 77 76 92 93 97 98 4 8 16 18 19 31 39 37 52 68 70 94 96 9 14 22 27 32 41 44 47 48 60 64 62 61 69 72 74 79 78 85 83 90 88 91 99 1 2 3 6 15 12 24 23 26 33 38 43 50 58 67 73 80 86 35 34 36 40 42 49 56 65 66 75 82 84 100 5 11
Volta 17: 10 25 59 81 89 7 29 46 53 57 77 76 92 98 97 8 18 19 31 39 45 54 68 94 93 96 4 9 14 16 27 32 37 44 47 48 52 62 64 61 70 69 74 78 79 83 91 99 1 2 12 22 24 26 38 41 43 50 60 58 72 80 85 88 90 86 3 6 15 23 33 35 36 42 56 67 75 73 84 100 5 34 40 49 65 66 82
Volta 18: 25 89 7 10 29 53 57 59 77 76 81 92 97 8 18 31 45 46 54 68 93 96 98 4 14 16 19 37 39 47 52 70 74 91 94 99 1 9 32 38 41 44 48 58 62 61 64 69 72 80 79 78 85 83 90 86 88 2 6 15 12 22 24 23 26 35 42 43 50 56 60 67 73 75 100 3 5 33 36 66 84 82 34 49
Volta 19: 25 10 29 59 77 76 81 89 7 18 31 45 46 53 54 57 92 98 97 4 8 14 37 39 52 70 68 94 93 99 96 16 19 32 41 44 48 47 58 61 62 64 69 72 74 79 78 83 88 86 91 1 2 9 12 15 23 26 35 38 42 43 50 73 75 80 85 90 6 24 22 33 56 60 66 67 84 100 5 3 34 36 82
Volta 20: 25 77 81 89 10 18 29 31 45 53 54 59 57 76 92 98 7 8 14 37 39 46 52 68 94 93 99 97 96 4 16 19 32 44 48 61 70 72 74 79 83 86 88 1 9 12 15 23 26 35 38 42 41 43 47 58 62 64 69 78 85 91 2 6 22 24 33 50 56 67 66 73 75 80 84 90 100 36 60 82 3 5 34
Volta 21: 25 81 18 45 53 57 77 76 89 10 7 29 31 39 37 46 54 52 59 93 92 98 97 96 4 8 14 16 32 44 61 68 70 83 94 99 1 9 15 19 23 26 38 47 48 58 64 62 69 74 72 79 78 85 86 88 91 2 12 24 22 35 43 42 41 50 56 73 80 90 100 6 33 36 60 66 67 75 82 84 5 3
Volta 22: 25 81 45 53 57 76 10 7 18 29 31 39 46 59 77 89 93 92 96 97 8 16 37 44 52 54 70 68 94 98 4 1 9 14 19 26 32 38 48 47 61 64 62 72 78 79 85 83 88 86 91 99 12 15 24 22 23 35 42 43 41 58 56 69 74 80 90 100 2 6 33 50 67 66 73 75 82 5 36 60 84 3
Volta 23: 25 81 76 10 7 18 29 31 39 45 46 53 57 77 89 93 92 97 96 8 16 44 54 52 59 68 70 94 98 1 9 14 19 26 32 37 38 48 64 72 78 79 83 91 99 4 12 22 23 35 41 43 47 56 58 61 62 69 74 80 85 90 86 88 15 24 33 42 50 75 73 100 5 2 6 36 66 67 84 82 60
Volta 24: 25 76 81 18 31 45 46 53 57 77 89 96 97 7 10 8 29 39 44 59 94 93 92 98 1 16 26 32 38 37 48 54 52 64 70 68 72 79 91 99 9 19 35 43 47 58 56 62 61 78 85 83 86 88 90 4 15 12 23 22 33 41 50 69 74 73 80 100 5 2 24 36 66 67 75 84 82 6 60
Volta 25: 25 76 81 18 31 46 57 77 89 97 7 8 10 29 39 44 45 53 94 92 96 26 32 37 38 54 52 59 64 68 70 79 93 99 98 1 9 16 19 35 48 62 72 78 83 85 88 90 91 4 15 22 33 41 43 50 47 56 58 61 74 80 86 100 2 5 12 24 23 66 69 67 73 82 36 75 84 6
Volta 26: 25 81 18 31 57 76 89 97 8 7 10 44 45 46 53 77 94 29 26 32 39 37 52 54 68 93 92 96 16 19 38 48 59 62 64 70 79 85 83 90 88 91 98 99 1 9 15 22 33 35 41 43 47 56 58 61 72 80 78 86 100 4 2 12 24 23 50 69 66 74 73 82 5 36 67 75 84 6
Volta 27: 25 81 31 76 89 97 10 8 18 45 46 57 77 94 7 26 29 32 39 44 54 52 53 68 93 92 96 16 19 37 38 48 59 64 62 79 83 90 88 91 99 98 1 9 15 35 41 47 58 56 61 70 72 78 85 4 2 22 24 33 43 50 69 73 74 80 86 100 5 12 23 66 67 82 36 75 84
Volta 28: 81 25 76 8 10 18 31 45 46 57 89 94 97 7 29 32 39 44 52 54 68 77 93 19 16 26 37 48 53 59 62 88 90 92 96 98 9 15 35 38 41 47 58 61 64 78 79 83 91 99 2 1 24 22 43 56 70 69 72 73 85 86 100 4 12 23 33 50 66 67 74 80 82 5 36 84 75
Volta 29: 81 25 76 10 8 31 46 57 94 97 7 18 29 45 44 52 68 77 89 93 26 32 39 37 53 54 62 90 9 16 19 35 38 41 48 59 64 79 78 83 88 91 92 99 98 96 1 15 24 22 43 47 58 61 70 72 85 86 2 4 12 23 33 50 56 69 67 66 73 74 100 5 36 80 82 84
Volta 30: 81 25 10 8 31 46 57 97 18 29 44 45 68 89 94 7 26 32 39 37 52 54 62 93 9 19 38 53 59 79 78 88 90 92 91 96 15 16 35 41 43 47 61 64 70 83 99 4 12 24 22 33 50 58 56 67 66 74 73 85 86 100 2 5 23 36 69 80 82 84
Volta 31: 81 8 10 25 46 18 31 45 57 89 94 97 7 29 39 37 44 54 52 62 68 93 19 26 32 38 53 79 88 90 92 96 9 16 35 41 43 59 64 70 78 83 91 99 15 22 33 47 58 56 61 67 85 86 2 4 12 24 36 50 66 74 73 80 82 100 5 23 69
Volta 32: 81 10 8 25 18 31 45 46 89 94 97 7 37 44 54 52 57 62 68 93 19 29 26 32 38 39 53 88 92 96 9 35 70 78 79 83 90 91 99 15 16 33 41 43 58 59 56 64 61 67 4 2 12 24 22 47 50 73 74 85 86 100 5 23 36 66 69 80 82
Volta 33: 81 10 25 8 18 31 45 46 89 37 54 52 57 68 94 93 97 7 26 29 38 39 44 53 62 88 96 9 19 32 35 78 90 92 99 33 56 59 58 64 70 67 79 83 91 15 16 22 41 43 47 61 74 86 2 4 12 24 23 50 66 69 73 80 85 100 5 36
Volta 34: 81 10 25 8 31 45 46 89 18 57 94 97 26 37 38 39 44 52 54 62 68 93 96 9 7 19 29 35 32 53 88 33 56 64 70 67 79 78 90 92 99 15 16 22 41 43 47 59 58 61 83 86 91 4 2 24 50 69 74 100 5 12 23 36 66 73 80 85
Volta 35: 25 81 8 10 31 45 89 18 46 94 97 39 52 54 57 68 96 7 9 26 29 32 37 38 44 53 62 88 93 19 35 33 70 78 90 92 15 22 41 43 47 59 56 58 64 61 67 79 83 91 99 2 4 16 50 69 86 100 5 12 24 23 66 73 74 80 36
Volta 36: 81 10 25 31 45 89 8 18 97 57 94 9 7 32 39 37 38 44 54 52 53 62 68 93 96 19 29 26 35 78 88 90 15 33 41 56 58 59 61 64 70 67 79 92 99 2 4 16 22 43 50 83 86 91 12 24 23 69 66 74 80 100 36 73
Volta 37: 81 25 31 45 89 10 8 18 97 57 94 9 38 53 54 52 62 93 96 7 29 26 32 35 39 37 44 68 88 19 33 41 59 58 61 70 79 78 90 92 4 15 16 56 64 67 83 86 91 99 2 22 24 23 43 50 69 74 80 100 12 36 66
Volta 38: 45 81 8 10 25 31 89 18 57 97 9 52 53 62 94 93 7 26 32 39 37 38 44 54 68 96 19 29 35 33 41 59 79 78 90 88 92 15 58 56 64 61 70 67 83 99 4 2 16 23 69 74 80 86 91 12 22 24 36 43 50 66 100
Volta 39: 45 81 8 10 25 31 89 18 97 9 52 57 62 93 94 38 39 44 54 53 96 7 29 26 35 33 32 37 41 68 78 88 15 19 58 56 59 61 70 79 90 92 4 2 64 67 80 83 86 91 99 12 16 22 24 23 50 69 74 36 43 66
Volta 40: 81 10 45 89 8 25 31 97 9 18 52 62 94 44 54 53 57 93 96 7 26 32 33 35 38 39 41 68 78 29 37 59 58 70 79 88 92 15 19 56 61 64 67 80 86 90 2 4 12 23 50 69 83 91 99 16 22 24 36 43 66 74
Volta 41: 10 45 81 8 25 89 97 9 18 31 52 94 44 54 53 57 62 96 7 26 35 39 38 41 78 93 29 32 33 59 70 68 79 88 92 15 37 58 56 61 64 2 19 23 50 67 69 80 83 90 86 91 99 4 12 16 24 22 66 36 43
Volta 42: 10 81 8 45 89 97 18 25 31 94 44 54 52 57 62 96 26 35 38 41 53 93 7 29 33 32 70 78 79 59 56 64 88 92 19 37 50 58 61 67 69 80 83 86 90 91 4 2 12 16 23 24 66 99 22 36 43
Volta 43: 81 8 10 45 89 97 18 25 31 52 54 94 96 35 38 44 57 62 93 7 26 29 33 41 53 70 32 56 59 64 79 78 92 58 67 69 80 83 90 86 88 2 19 37 50 61 91 4 12 16 23 22 24 36 66 99
Volta 44: 10 8 45 81 89 97 18 25 52 94 35 31 38 44 54 57 62 93 96 7 29 26 33 53 70 41 59 64 79 78 92 32 56 58 67 80 83 90 86 88 2 19 37 50 61 69 91 12 23 24 99 4 16 22 36 66
Volta 45: 8 81 97 10 45 89 18 94 25 35 38 52 54 57 62 93 96 26 29 31 44 53 70 7 33 41 59 79 78 92 32 64 67 80 83 88 90 86 2 37 50 58 56 61 12 19 23 69 91 99 4 16 22 24 36
Volta 46: 8 97 10 45 81 89 18 25 54 52 57 62 93 94 96 29 26 35 31 38 70 7 44 53 59 79 78 92 32 33 41 64 67 83 86 2 37 50 56 61 80 88 90 12 19 23 58 69 91 99 16 24 22 36 4
Volta 47: 8 81 97 10 45 89 18 25 52 62 94 96 26 29 35 31 38 54 57 70 93 7 44 53 59 79 92 32 64 67 78 83 33 37 41 50 61 80 90 88 86 2 12 19 23 56 91 16 22 58 69 99 24 36
Volta 48: 8 10 45 81 89 97 18 25 62 29 26 31 35 52 70 93 94 96 7 38 54 53 57 59 79 92 32 44 64 78 83 41 50 61 67 80 90 12 19 33 37 86 88 91 2 16 23 56 22 36 58 69
Volta 49: 8 10 45 97 62 81 89 18 25 31 35 52 70 94 93 96 7 29 26 38 53 54 57 79 59 64 92 32 44 50 61 67 78 80 83 90 12 19 37 41 88 86 2 23 33 56 91 16 58 22 36
Volta 50: 8 10 45 97 62 81 89 18 25 35 70 94 93 96 7 26 29 31 53 52 57 38 54 59 79 32 50 64 61 80 78 83 90 92 12 41 44 67 86 19 33 37 56 88 91 2 16 23 22 36 58
Volta 51: 8 10 45 97 62 81 25 70 89 94 93 7 18 26 29 31 35 53 96 52 54 59 57 79 32 38 64 80 92 12 41 44 50 61 67 78 83 86 90 19 33 37 88 2 16 23 56 91 22 36
Volta 52: 8 97 10 45 25 62 81 89 94 93 7 18 29 31 35 53 70 26 52 59 96 32 38 54 57 80 79 12 44 50 64 78 83 92 33 41 61 67 88 86 90 2 19 37 56 91 16 23 36 22
Volta 53: 8 97 10 45 62 81 89 93 7 25 31 35 94 18 29 52 53 59 70 96 26 32 57 79 80 38 44 50 54 64 92 12 61 67 78 83 86 88 90 2 19 33 37 41 56 16 23 91 36
Volta 54: 8 97 10 45 81 89 93 7 25 31 62 94 18 29 35 53 59 70 96 26 32 52 79 80 50 54 57 64 12 38 44 61 67 78 92 19 33 56 83 90 88 2 37 41 16 36
Volta 55: 8 97 45 10 7 25 62 81 89 94 93 18 29 31 35 53 59 70 96 32 80 79 26 50 54 52 57 12 38 44 64 61 67 78 92 19 33 56 83 88 90 37 41 2 16
Volta 56: 8 97 10 45 25 62 81 89 94 93 7 31 59 70 96 18 29 32 35 53 80 50 52 54 57 79 12 26 44 61 64 92 19 33 38 67 78 88 90 37 56 83 2 16 41
Volta 57: 8 97 45 10 89 93 7 25 31 62 81 94 18 29 35 53 59 70 96 32 50 57 80 79 12 44 54 52 64 61 92 19 26 78 33 37 38 56 67 83 90 88 2 16
Volta 58: 8 97 10 45 7 25 31 62 81 89 94 93 18 53 70 96 29 35 32 57 59 79 80 12 50 52 54 64 61 92 19 26 44 78 33 38 67 83 90 88 2 16 37 56
Volta 59: 8 97 45 7 10 25 81 89 94 93 18 31 62 96 29 32 35 53 57 59 70 79 80 12 50 54 52 64 61 19 44 92 26 33 38 78 88 90 2 16 37 67 83
Volta 60: 8 97 45 10 25 81 94 7 31 62 89 93 18 35 32 53 57 59 70 96 29 50 52 64 61 79 12 54 92 19 26 33 38 44 78 2 83 88 16 37 67
Volta 61: 97 8 45 10 25 31 62 81 89 94 93 7 18 35 59 29 32 52 53 57 61 64 70 79 96 12 50 54 19 26 38 44 92 2 33 78 83 16 37 88
Volta 62: 8 45 97 10 25 31 62 81 89 93 7 35 59 94 18 29 32 52 53 61 64 70 96 50 57 79 12 19 26 38 54 92 33 44 78 83 2 37 88 16
Volta 63: 8 45 97 10 25 31 62 59 81 89 93 94 7 18 35 64 70 29 32 50 52 53 61 96 12 19 38 54 57 79 26 33 44 78 83 92 2 37 88
Volta 64: 8 45 97 10 25 31 62 81 89 93 94 7 18 35 59 64 70 29 32 50 53 52 61 96 12 19 54 57 79 26 38 44 83 92 2 33 37 78 88
Volta 65: 45 8 10 97 25 31 62 94 93 7 35 59 70 81 89 18 32 50 64 29 53 52 57 61 96 12 19 38 44 54 79 2 26 33 37 83 92 78
Volta 66: 45 8 10 97 25 31 62 93 7 89 94 35 59 64 70 81 18 32 50 53 57 61 96 12 19 29 38 44 54 52 79 2 33 83 26 37 78 92
Volta 67: 8 45 10 97 25 31 62 7 93 94 35 59 70 81 89 18 50 53 57 64 61 96 12 19 29 32 38 54 52 44 79 83 2 26 33 37 78
Volta 68: 45 10 8 97 25 7 31 62 93 94 70 18 35 50 59 61 64 81 89 96 12 29 32 38 52 53 54 57 19 44 2 26 79 78 83 33 37
Volta 69: 8 45 97 10 25 7 31 62 94 70 93 18 59 81 89 96 29 35 38 50 53 52 54 57 61 64 12 19 32 2 26 44 79 83 78 33
Volta 70: 8 45 97 10 25 7 31 62 94 93 18 70 81 29 50 53 52 54 59 64 89 96 19 32 35 38 57 61 2 12 44 79 26 78 83 33
Volta 71: 8 45 97 10 25 31 7 62 94 70 93 18 29 50 52 54 59 81 89 19 35 53 57 64 61 96 12 32 38 44 2 26 79 78 83
Volta 72: 8 45 97 10 25 7 31 62 94 70 29 52 54 81 89 93 18 19 50 61 64 96 35 38 44 53 2 26 32 79 78 83
Volta 73: 8 45 97 10 25 31 62 7 94 70 81 89 93 19 18 29 50 54 52 64 61 96 35 44 53 2 26 32 38 79 78
Volta 74: 8 45 97 10 25 31 62 7 94 70 89 93 18 50 54 52 61 64 81 19 29 96 2 35 38 44 53 26 32 79 78
Volta 75: 45 8 97 10 25 31 62 7 70 89 94 18 52 64 81 93 19 29 50 54 61 96 35 38 44 53 2 32 79 26
Volta 76: 45 8 10 97 25 62 31 7 70 94 52 64 89 93 18 50 54 61 81 96 19 29 35 38 53 2 44 79 26 32
Volta 77: 45 8 10 97 25 62 31 70 94 7 89 93 18 52 54 64 61 81 19 29 38 50 53 96 2 35 79 44 26
Volta 78: 45 97 8 10 25 31 62 70 94 7 89 54 52 64 61 81 19 29 38 50 53 96 35 2 44 79 26
Volta 79: 45 10 8 97 25 31 62 94 70 7 52 54 64 61 81 89 19 29 50 96 35 38 53 2 44 79
Volta 80: 45 97 8 10 25 31 62 94 70 7 54 52 64 61 81 89 50 19 29 35 38 53 96 2 44 79
Volta 81: 45 97 10 8 25 31 62 94 70 52 64 81 89 7 50 54 61 19 38 53 96 29 35 2 44
Volta 82: 45 97 8 10 25 31 62 94 52 64 70 81 89 50 61 7 38 54 53 19 29 35 96 2 44
Volta 83: 45 97 10 8 25 31 62 94 52 64 70 89 81 50 54 61 7 35 38 53 96 2 19 29
Volta 84: 45 97 10 8 25 31 62 94 52 64 81 89 50 54 61 7 38 53 96 2 19 29 35
Volta 85: 45 10 8 97 25 62 94 31 52 64 89 50 54 81 7 61 96 2 19 38 53 29
Volta 86: 45 8 97 10 25 62 94 52 31 64 89 50 81 54 61 7 19 38 53 96 2 29
Volta 87: 45 97 10 8 25 62 94 52 64 31 50 81 89 54 61 7 38 53 19 96 2
Volta 88: 45 97 10 8 25 94 52 62 31 64 81 89 50 7 53 54 61 38 96 2 19
Volta 89: 45 10 94 97 8 25 52 62 31 64 81 89 7 50 54 53 61 38 96 2
Volta 90: 45 10 8 62 94 97 25 52 81 31 64 89 7 50 53 61 38 54 96 2
Volta 91: 45 10 62 8 25 52 94 97 81 31 64 89 7 38 50 53 61 54 96
Volta 92: 45 8 10 25 62 97 52 81 94 31 64 7 38 50 53 89 54 61 96
Volta 93: 45 8 10 62 25 94 97 31 52 81 64 7 38 50 53 61 89 54
Volta 94: 45 8 10 62 25 97 52 94 31 81 38 64 7 50 53 61 89 54
Volta 95: 45 10 8 25 62 94 97 31 52 81 38 7 50 61 64 89 53
Volta 96: 45 10 8 25 62 31 94 38 81 50 64 61 89 7 53
Volta 97: 10 45 25 8 62 31 94 38 81 50 61 64 89 7
Volta 98: 10 45 25 62 8 31 81 94 38 50 64 61 89 7
Volta 99: 10 45 62 8 25 31 94 50 64 81 38 61 89
Volta 100: 10 45 62 8 31 25 94 50 81 38 64 61 89
Volta 101: 45 10 62 8 31 25 81 94 38 50 64 61
Volta 102: 45 10 8 31 25 50 64 81 94 38 61
Volta 103: 10 45 8 31 25 50 81 94 38 64
Volta 104: 10 45 8 31 25 50 81 38 64 94
Volta 105: 10 45 8 31 50 81 25 38 64
Volta 106: 45 10 31 8 81 25 50 64 38
Volta 107: 45 10 31 8 25 50 81 64
Volta 108: 45 10 31 8 50 81 25 64
Volta 109: 10 45 31 8 81 50 25
Volta 110: 10 45 31 8 50 81 25
Volta 111: 10 31 45 8 81 50
Volta 112: 10 31 45 81 8 50
Volta 113: 10 31 45 81 8
Volta 114: 10 31 45 8 81
Volta 115: 10 31 45 8
Volta 116: 10 45 31 8
Volta 117: 10 45 31
Volta 118: 10 31 45
Volta 119: 10 31
Volta 120: 10 31

Ranqueamento Final:
1: Ciclista 31 - 11550.78 segundos
2: Ciclista 10 - 11475.18 segundos
3: Ciclista 45 - 11326.02 segundos
4: Ciclista 8 - 11325.18 segundos
5: Ciclista 81 - 11101.98 segundos
6: Ciclista 50 - 10951.14 segundos
7: Ciclista 25 - 10800.54 segundos
8: Ciclista 64 - 10651.50 segundos
9: Ciclista 38 - 10500.90 segundos
10: Ciclista 94 - 10202.22 segundos
11: Ciclista 61 - 10126.50 segundos
12: Ciclista 89 - 9827.10 segundos
13: Ciclista 7 - 9750.18 segundos
14: Ciclista 53 - 9526.26 segundos
15: Ciclista 54 - 9451.26 segundos
16: Ciclista 96 - 9152.34 segundos
17: Ciclista 2 - 9075.06 segundos
18: Ciclista 19 - 8850.42 segundos
19: Ciclista 29 - 8625.66 segundos
20: Ciclista 35 - 8400.78 segundos
21: Ciclista 44 - 8326.02 segundos
22: Ciclista 79 - 8101.86 segundos
23: Ciclista 26 - 7950.66 segundos
24: Ciclista 32 - 7725.78 segundos
25: Ciclista 78 - 7576.86 segundos
26: Ciclista 83 - 7351.98 segundos
27: Ciclista 33 - 7200.78 segundos
28: Ciclista 37 - 6975.90 segundos
29: Ciclista 92 - 6752.22 segundos
30: Ciclista 88 - 6527.10 segundos
31: Ciclista 16 - 6450.42 segundos
32: Ciclista 67 - 6226.62 segundos
33: Ciclista 56 - 6001.38 segundos
34: Ciclista 41 - 5851.02 segundos
35: Ciclista 36 - 5775.90 segundos
36: Ciclista 22 - 5625.54 segundos
37: Ciclista 58 - 5326.38 segundos
38: Ciclista 69 - 5175.54 segundos
39: Ciclista 4 - 4950.06 segundos
40: Ciclista 66 - 4726.62 segundos
41: Ciclista 43 - 4501.02 segundos
42: Ciclista 74 - 4276.74 segundos
43: Ciclista 100 - 4052.34 segundos
44: Ciclista 73 - 3901.74 segundos
45: Ciclista 85 - 3676.98 segundos
46: Ciclista 82 - 3451.98 segundos
47: Ciclista 84 - 3301.98 segundos
48: Ciclista 75 - 3151.74 segundos
49: Ciclista 6 - 2925.18 segundos
50: Ciclista 60 - 2776.38 segundos
51: Ciclista 3 - 2550.06 segundos
52: Ciclista 34 - 2325.78 segundos
53: Ciclista 49 - 2101.14 segundos
54: Ciclista 11 - 1875.30 segundos
55: Ciclista 28 - 1725.66 segundos
56: Ciclista 17 - 1500.42 segundos
57: Ciclista 21 - 1275.54 segundos
58: Ciclista 30 - 1050.66 segundos
59: Ciclista 71 - 826.74 segundos
60: Ciclista 95 - 527.22 segundos
61: Ciclista 87 - 302.10 segundos

Ciclista 1 quebrou na volta 30 - 3075.00 segundos
Ciclista 5 quebrou na volta 36 - 3825.00 segundos
Ciclista 9 quebrou na volta 42 - 3975.12 segundos
Ciclista 12 quebrou na volta 72 - 7275.24 segundos
Ciclista 13 quebrou na volta 6 - 600.24 segundos
Ciclista 14 quebrou na volta 24 - 2400.24 segundos
Ciclista 15 quebrou na volta 42 - 4275.24 segundos
Ciclista 18 quebrou na volta 78 - 7725.36 segundos
Ciclista 20 quebrou na volta 6 - 525.36 segundos
Ciclista 23 quebrou na volta 54 - 5625.48 segundos
Ciclista 24 quebrou na volta 48 - 5175.48 segundos
Ciclista 27 quebrou na volta 18 - 1800.60 segundos
Ciclista 39 quebrou na volta 42 - 4200.84 segundos
Ciclista 40 quebrou na volta 18 - 2025.84 segundos
Ciclista 42 quebrou na volta 24 - 2550.96 segundos
Ciclista 46 quebrou na volta 36 - 3451.08 segundos
Ciclista 47 quebrou na volta 36 - 3676.08 segundos
Ciclista 48 quebrou na volta 30 - 3001.08 segundos
Ciclista 51 quebrou na volta 12 - 1201.20 segundos
Ciclista 52 quebrou na volta 96 - 9376.20 segundos
Ciclista 55 quebrou na volta 6 - 601.20 segundos
Ciclista 57 quebrou na volta 72 - 7126.32 segundos
Ciclista 59 quebrou na volta 72 - 7051.32 segundos
Ciclista 62 quebrou na volta 102 - 9751.44 segundos
Ciclista 63 quebrou na volta 12 - 1351.44 segundos
Ciclista 65 quebrou na volta 18 - 2026.44 segundos
Ciclista 68 quebrou na volta 42 - 4201.56 segundos
Ciclista 70 quebrou na volta 84 - 8176.56 segundos
Ciclista 72 quebrou na volta 30 - 3076.68 segundos
Ciclista 76 quebrou na volta 30 - 2701.80 segundos
Ciclista 77 quebrou na volta 30 - 2851.80 segundos
Ciclista 80 quebrou na volta 60 - 5926.80 segundos
Ciclista 86 quebrou na volta 54 - 5552.04 segundos
Ciclista 90 quebrou na volta 60 - 6077.04 segundos
Ciclista 91 quebrou na volta 54 - 5627.16 segundos
Ciclista 93 quebrou na volta 78 - 7652.16 segundos
Ciclista 97 quebrou na volta 96 - 9302.28 segundos
Ciclista 98 quebrou na volta 30 - 3077.28 segundos
Ciclista 99 quebrou na volta 48 - 5102.28 segundos
