Volta 1: 2 3 4 5 1 8 6 7 10 9 15 12 11 14 13 17 18 19 20 16 22 21 25 23 24 26 30 28 27 29 33 35 34 31 32 40 36 39 38 37 41 45 42 44 43 47 49 48 46 50 51 52 53 54 55 57 58 56 60 59 62 61 63 65 64 67 68 70 69 66 75 73 74 71 72 80 76 77 78 79 83 82 84 81 85 90 89 87 88 86 94 92 93 95 91 98 99 97 96 100
Volta 2: 3 4 2 5 8 6 7 10 15 12 20 16 17 18 19 25 24 28 27 29 30 34 32 31 35 38 37 40 45 44 42 41 46 50 48 49 47 53 52 54 51 55 57 58 59 60 62 64 63 61 65 67 70 69 66 73 74 71 77 80 79 85 82 84 81 90 92 94 93 95 91 98 97 96 100 99 1 9 11 14 13 22 21 23 26 33 36 39 43 56 68 75 72 78 76 83 86 89 88 87
Volta 3: 3 2 7 10 8 6 15 20 19 17 25 28 29 35 40 38 42 44 50 52 51 55 58 57 59 61 62 70 69 73 77 80 85 81 84 90 91 92 95 93 99 98 97 100 1 5 4 9 12 11 13 16 18 21 22 23 24 30 27 34 32 33 31 39 36 37 43 45 41 46 49 47 48 53 54 56 60 64 63 65 67 66 71 74 79 78 76 82 83 86 88 94 96 14 26 68 72 75 89
Volta 4: 3 6 10 8 20 19 25 28 29 40 38 44 42 58 57 61 70 73 80 77 85 84 81 90 92 95 91 99 100 4 2 7 11 15 13 12 18 17 16 22 24 23 27 33 31 35 37 36 39 45 41 50 48 47 49 46 55 53 51 54 52 59 56 60 62 63 64 67 66 69 71 74 79 76 78 82 88 86 93 98 97 5 1 9 14 21 26 30 32 34 43 65 68 75 83 89 94 96 72
Volta 5: 3 10 8 25 40 44 42 57 58 77 80 81 85 91 95 99 4 7 6 12 13 15 11 18 19 20 17 23 29 28 27 35 33 38 39 41 46 48 47 54 51 53 55 59 60 56 63 61 62 69 66 70 67 73 71 74 79 84 90 88 86 93 92 98 100 1 2 9 14 16 22 24 30 26 31 32 34 37 36 45 49 50 52 65 64 75 76 78 83 82 89 94 96 97 5 21 43 68
Volta 6: 8 25 40 44 58 80 77 85 91 99 3 7 6 10 12 13 19 20 28 29 33 39 42 46 47 48 54 53 55 57 56 61 67 69 70 73 79 84 81 86 88 90 95 92 98 4 1 2 14 11 15 17 18 16 22 23 24 26 27 30 34 32 38 37 36 41 45 50 49 51 52 60 59 63 62 64 65 66 75 74 71 76 78 82 89 96 97 21 31 68 94
Volta 7: 25 40 44 58 80 77 91 99 6 8 13 12 29 28 33 42 55 53 54 57 56 61 79 81 85 90 86 1 4 3 7 10 15 14 11 16 20 19 18 23 22 27 34 32 39 38 41 49 50 47 48 46 51 52 59 63 65 64 69 70 67 74 73 84 82 89 88 92 95 98 96 2 17 24 21 26 30 31 37 36 45 60 62 66 71 75 78 76 97 68
Volta 8: 25 40 44 80 99 8 12 28 29 33 53 57 58 61 77 81 85 86 91 4 3 1 6 13 18 20 16 23 22 38 42 41 46 50 47 48 54 55 51 52 59 56 64 63 65 69 70 74 73 79 84 90 88 89 95 98 96 2 7 10 11 15 14 19 21 26 27 30 34 32 39 36 37 45 49 60 62 66 67 75 71 82 92 97 17 24 31 68 76 78
Volta 9: 25 44 80 99 12 29 33 40 53 58 57 61 77 81 85 86 91 8 6 13 18 20 16 22 23 28 38 41 42 46 48 50 55 54 56 65 63 74 84 90 89 98 4 3 1 2 7 11 15 19 27 32 45 49 47 51 52 59 64 70 67 66 69 71 73 75 79 82 88 95 92 96 10 14 21 26 30 31 34 36 37 39 60 62 76 97 17 24 68
Volta 10: 25 99 29 40 44 80 81 85 86 91 8 6 12 13 20 18 23 28 33 41 46 55 53 56 57 58 63 65 61 74 77 84 89 98 3 4 1 7 15 11 19 16 22 38 45 42 47 48 50 49 51 52 54 59 70 69 66 73 71 79 82 88 90 95 92 2 10 14 21 30 26 27 31 32 34 37 36 60 62 64 67 75 76 97 96 17 24 39 68
Volta 11: 25 44 80 85 86 91 99 6 8 12 13 18 20 23 29 33 40 41 46 58 61 63 74 77 84 81 98 3 4 1 11 15 16 22 28 38 42 45 50 54 51 52 55 53 56 59 57 65 70 66 73 71 79 82 89 90 92 2 10 7 14 19 21 26 27 30 31 34 49 47 48 64 62 67 69 75 88 95 96 24 32 37 39 36 60 76 97 17
Volta 12: 25 86 8 12 13 18 29 41 44 58 63 74 77 80 84 81 85 91 99 3 1 4 6 15 20 23 28 33 38 40 50 53 54 55 52 59 57 56 65 61 66 71 79 89 98 2 10 11 14 19 16 22 27 30 31 42 45 49 48 47 51 64 69 70 73 82 90 95 96 7 21 24 26 34 32 39 36 37 62 67 75 76 88 97 17 60
Volta 13: 25 86 8 29 58 63 74 77 81 84 99 4 12 13 18 20 23 40 41 44 53 52 57 56 61 65 71 80 85 91 98 1 3 6 15 11 14 16 19 22 27 30 28 33 31 38 50 49 47 54 55 59 69 70 66 73 79 82 90 89 95 2 7 10 21 26 34 32 37 39 42 45 48 51 62 64 67 75 76 88 96 97 24 36 17
Volta 14: 25 86 8 63 74 77 84 81 4 13 18 29 40 44 41 57 58 56 65 80 85 99 1 3 6 15 11 14 12 20 16 19 22 23 27 33 38 49 50 47 55 54 53 52 59 61 73 71 91 95 98 2 10 7 30 26 28 31 34 32 37 39 42 48 51 64 70 67 69 66 79 76 82 88 90 89 96 24 21 36 45 62 75 97 17
Volta 15: 25 86 8 63 74 84 81 29 41 57 56 65 77 80 99 3 1 4 12 13 19 20 18 16 22 23 40 44 49 55 52 53 58 61 73 85 95 98 2 7 10 6 14 11 15 27 30 28 32 33 34 38 39 42 50 47 51 54 59 64 69 66 67 70 71 79 76 82 89 90 91 96 24 21 26 31 37 36 45 48 75 88 97 62
Volta 16: 25 86 8 63 81 65 74 77 84 1 4 13 12 18 19 22 29 40 41 49 52 55 57 58 56 61 73 80 85 95 99 98 3 6 7 10 15 11 20 16 23 27 33 39 44 50 51 53 54 64 70 67 69 76 79 91 2 14 24 26 28 30 32 34 31 38 45 42 47 48 59 66 71 82 90 89 88 96 97 21 36 37 62 75
Volta 17: 25 86 8 63 65 74 77 81 4 13 12 19 22 49 57 58 56 80 84 85 98 1 10 6 15 11 18 23 29 33 39 40 41 44 50 55 53 52 51 61 69 67 73 79 76 91 95 99 2 3 7 14 20 16 24 28 27 26 31 34 32 38 42 54 64 70 66 71 82 88 21 30 36 45 48 47 59 62 90 89 97 96 37
Volta 18: 8 86 63 74 77 81 12 49 56 58 65 85 84 4 1 6 18 19 23 29 39 40 44 41 55 57 73 76 80 95 98 3 2 7 10 11 14 15 16 20 26 27 28 32 33 38 42 50 54 53 51 61 67 69 79 82 88 91 99 24 31 34 36 48 47 59 62 70 66 71 90 96 97 21 30 37 89
Volta 19: 86 8 74 77 12 49 58 63 65 85 81 84 4 6 18 19 39 40 41 55 56 57 80 98 1 3 10 11 14 16 20 23 26 29 28 33 44 50 53 54 61 67 69 73 76 79 82 95 91 99 2 7 15 24 27 32 34 31 36 38 42 48 51 62 70 71 88 96 21 30 47 59 66 90 97 37
Volta 20: 86 8 77 12 49 74 84 85 81 4 6 18 19 40 39 41 57 58 56 65 63 80 1 11 14 20 16 23 29 26 28 33 44 50 55 53 73 79 76 95 98 2 3 7 10 15 32 51 54 61 62 67 70 69 71 82 88 91 99 96 21 24 27 34 31 36 38 42 47 48 90 97 30 37 59 66
Volta 21: 86 8 77 12 74 81 4 19 40 39 41 49 58 63 84 85 1 6 14 18 23 26 28 29 33 44 55 56 57 65 73 80 79 76 95 98 3 7 10 11 15 20 16 32 50 53 51 62 61 67 70 69 71 82 88 91 99 96 2 21 31 34 36 42 47 48 54 97 24 27 38 37 90 30 59
Volta 22: 77 86 8 74 81 4 12 19 40 41 49 58 84 85 1 6 14 18 23 26 29 28 39 55 57 63 73 80 76 95 98 3 16 33 32 44 50 51 53 56 61 65 67 70 69 79 82 99 2 7 10 11 15 20 21 34 47 62 71 88 91 96 97 27 31 38 36 42 48 54 24 37 59 90 30
Volta 23: 77 86 81 4 8 12 19 40 41 49 58 74 85 84 1 6 18 23 28 80 76 95 3 14 16 29 26 33 39 44 50 55 53 57 56 65 63 70 67 69 73 79 82 98 2 7 10 15 11 21 34 32 47 51 61 71 88 96 97 99 20 27 31 36 42 48 54 62 91 24 37 38 59 90
Volta 24: 77 86 4 12 19 40 41 49 74 81 85 84 6 28 58 95 3 1 14 16 18 23 26 29 44 50 55 53 57 69 73 79 80 76 98 2 7 11 21 33 39 51 56 61 65 63 70 82 88 99 10 15 20 27 34 36 42 47 54 62 97 96 31 38 37 48 90 91 59
Volta 25: 77 86 4 19 41 49 81 85 84 12 28 40 74 95 3 1 6 16 18 26 44 53 55 58 57 69 73 79 80 76 2 7 11 14 23 21 29 33 39 50 56 65 61 70 98 10 15 34 36 47 51 54 62 63 82 88 96 99 97 20 27 31 37 42 48 90 91 38
Volta 26: 77 86 4 19 41 49 81 12 74 85 84 95 3 6 16 18 28 26 40 53 55 57 73 79 80 2 1 7 14 23 21 33 44 50 58 65 69 70 76 10 11 29 36 39 47 51 56 62 61 63 82 98 99 15 20 27 34 42 54 88 90 96 97 31 38 37 48 91
Volta 27: 77 4 41 49 86 12 19 81 85 84 95 3 6 16 28 53 55 57 74 73 79 1 2 14 18 21 26 33 40 44 58 70 80 76 10 7 11 23 29 39 36 50 47 51 56 63 65 69 98 99 15 34 42 54 61 62 82 88 96 97 20 27 31 38 37 90 48
Volta 28: 41 77 86 4 12 19 49 85 84 81 95 3 6 16 28 55 57 73 14 18 40 44 53 74 76 79 2 1 10 11 21 26 33 39 50 51 58 56 70 80 98 7 15 23 29 36 47 54 63 62 61 65 69 82 88 96 99 20 27 34 37 42 90 97 31 38 48
Volta 29: 41 86 49 77 85 81 95 3 4 6 12 19 57 73 84 16 18 28 40 53 55 74 76 79 14 11 21 26 33 39 44 50 51 58 56 70 80 98 2 1 7 10 23 29 36 54 62 65 63 61 82 88 96 15 20 27 34 37 47 69 90 99 38 42 97 31
Volta 30: 49 77 81 86 4 12 57 84 85 95 3 16 18 28 55 73 74 21 26 40 44 50 53 56 70 79 76 98 2 7 14 11 29 33 36 39 58 62 65 80 1 10 23 27 34 54 61 63 82 90 88 96 99 15 20 38 37 47 31 97
Volta 31: 81 86 4 12 49 77 95 3 28 55 57 73 84 85 16 18 40 44 53 56 74 79 76 98 14 11 21 26 33 39 50 65 70 2 1 7 29 27 34 36 58 61 62 80 82 88 10 20 23 37 38 47 54 63 90 99 96 15 31
Volta 32: 81 86 4 77 3 12 28 49 57 73 84 85 95 40 44 55 56 14 11 18 16 21 26 39 50 53 70 74 79 76 98 2 1 7 29 27 33 36 58 65 82 88 10 23 34 47 61 62 80 90 99 96 20 31 37 38 54 63 15
Volta 33: 81 86 77 4 12 28 49 73 85 95 3 40 44 55 57 56 84 14 18 16 21 26 50 53 74 76 79 98 1 2 11 29 33 39 36 65 70 82 88 7 10 23 27 34 58 62 61 80 90 99 20 38 47 54 96 31 37 63
Volta 34: 81 86 77 12 49 73 85 4 3 28 40 44 55 57 84 95 14 16 18 21 26 50 53 56 79 98 2 11 29 33 65 70 74 76 82 1 10 7 27 39 36 58 61 62 90 88 23 34 38 47 54 80 96 99 20 31 37 63
Volta 35: 81 86 77 73 3 4 12 28 49 55 85 95 18 21 26 40 44 50 57 56 84 14 16 29 33 53 74 76 79 98 1 2 10 7 11 36 39 65 62 70 82 88 27 38 47 54 58 61 90 96 99 23 34 37 80 20 31
Volta 36: 81 86 73 77 3 4 28 49 85 95 12 21 26 40 44 55 57 56 14 18 29 33 50 53 84 2 10 16 39 70 74 79 76 82 88 98 1 7 11 27 36 54 58 62 65 90 96 99 23 34 37 38 47 61 80 31 20
Volta 37: 81 86 73 77 4 28 3 12 26 40 49 56 57 85 95 18 21 29 33 44 50 55 2 10 14 16 53 70 76 79 82 84 98 1 11 27 36 39 54 58 65 62 74 88 96 7 37 61 90 99 23 34 31 38 47 80
Volta 38: 81 86 73 4 77 3 28 40 49 56 57 85 95 12 29 26 44 55 10 14 16 18 21 33 50 53 76 84 82 98 2 11 36 54 58 70 74 79 88 1 7 27 39 65 62 90 96 99 23 31 34 37 38 47 61 80
Volta 39: 81 73 86 4 77 3 28 40 56 85 95 12 26 29 49 55 57 10 18 33 44 53 76 84 82 2 11 14 16 21 36 50 54 58 70 79 88 98 7 65 62 74 90 96 99 1 27 34 31 37 38 39 47 61 23
Volta 40: 81 73 86 77 3 4 28 40 85 12 49 57 56 95 18 26 29 55 53 84 10 14 11 16 33 36 44 50 54 70 76 79 82 88 98 2 21 58 62 74 99 1 7 27 34 31 39 65 90 96 23 38 37 47 61
Volta 41: 81 73 86 77 4 28 40 3 12 49 56 57 85 95 18 26 29 10 11 33 36 44 50 53 55 70 76 84 82 88 2 14 16 21 54 58 74 79 98 99 7 31 39 62 65 90 96 1 23 27 34 38 37 47
Volta 42: 81 86 73 77 4 28 40 3 12 57 85 95 18 26 49 56 11 29 33 36 53 55 70 76 84 82 2 10 14 16 44 50 54 74 79 88 99 98 7 21 58 62 65 96 1 34 31 39 90 23 27 37 38 47
Volta 43: 81 86 73 77 28 40 4 12 3 57 85 95 18 26 29 36 49 53 56 70 76 82 84 2 14 11 16 33 44 50 54 55 74 79 88 99 98 7 10 21 58 62 96 1 34 31 39 65 90 23 27 37 38
Volta 44: 73 81 86 28 40 77 4 12 3 57 85 95 29 26 36 49 56 82 2 14 11 18 33 44 53 55 70 74 76 84 99 7 10 16 21 50 54 58 62 79 88 98 1 34 65 90 96 23 27 31 39 37 38
Volta 45: 73 86 28 40 81 12 77 3 4 57 85 95 26 29 49 82 2 14 18 33 36 44 53 56 74 7 11 16 21 50 54 55 70 76 84 88 98 99 1 10 34 58 62 65 79 90 27 31 39 96 23 37
Volta 46: 28 40 73 86 77 81 3 4 12 95 29 26 57 85 2 36 44 49 56 74 82 14 18 33 50 55 53 54 70 84 88 99 1 7 10 11 16 21 58 65 62 79 76 90 98 27 31 34 39 96 23 37
Volta 47: 86 28 40 73 77 3 4 12 81 95 2 29 26 44 56 57 74 82 85 18 33 36 50 49 55 53 1 7 11 14 16 21 54 58 62 65 70 76 84 88 99 98 10 27 34 31 39 79 90 96 23
Volta 48: 28 40 73 77 86 12 81 4 95 2 29 44 56 57 82 85 18 26 36 50 55 53 74 1 14 16 21 33 49 54 65 70 88 99 98 10 7 11 27 31 39 58 62 79 76 84 90 96 34 23
Volta 49: 28 40 73 77 86 12 81 95 4 44 57 2 18 26 29 36 50 56 74 82 85 16 21 33 54 53 55 88 98 1 7 14 27 31 39 49 58 62 65 70 76 84 90 99 10 11 34 79 96
Volta 50: 28 73 77 86 40 12 81 95 4 26 29 44 50 57 56 82 2 18 36 55 74 85 88 98 14 16 21 31 33 53 54 58 65 62 70 76 90 99 1 7 10 27 39 49 79 84 96 11 34
Volta 51: 73 77 86 28 40 12 81 95 4 29 26 44 50 57 82 2 36 55 56 74 88 14 16 18 21 33 53 54 58 65 85 90 98 99 10 27 31 49 62 70 76 84 1 7 11 39 79 96
Volta 52: 73 77 86 28 40 12 95 44 50 57 81 82 2 4 26 29 36 56 74 88 18 16 55 65 90 99 10 14 21 33 31 49 54 53 58 62 76 85 84 98 7 11 27 39 70 79 96 1
Volta 53: 77 86 28 73 40 12 95 44 50 57 81 2 4 26 29 36 56 82 16 55 65 74 90 88 14 18 21 33 49 54 58 76 84 99 98 10 27 31 53 62 70 79 85 96 7 11 39
Volta 54: 77 86 28 40 12 44 57 95 4 2 26 50 56 81 82 16 29 36 65 74 14 18 33 55 58 76 88 90 99 10 27 31 49 54 62 70 79 84 98 7 11 39 53 85 96
Volta 55: 77 86 28 40 12 44 57 95 50 56 2 4 16 26 29 36 65 74 82 81 14 33 55 58 76 90 88 99 10 18 27 31 49 54 62 70 84 98 7 11 53 79 85 39
Volta 56: 77 86 40 28 12 44 57 56 95 4 2 16 26 36 50 74 81 14 29 33 55 65 82 18 27 49 58 70 76 84 88 90 99 10 31 54 62 79 85 98 7 11 39 53
Volta 57: 86 77 28 40 12 44 56 57 16 26 36 50 74 95 4 2 14 29 33 65 82 81 18 55 58 76 84 88 90 99 10 27 49 54 62 70 85 98 7 11 31 39 79
Volta 58: 86 77 28 40 44 12 16 26 36 57 56 74 95 2 50 81 82 4 14 29 33 55 65 90 88 99 10 18 27 54 58 62 70 76 84 85 11 49 79 98 7 31 39
Volta 59: 86 77 28 40 44 12 16 36 56 57 26 50 74 82 95 4 2 33 65 81 90 88 10 14 18 29 55 54 58 62 70 76 84 85 99 11 27 49 98 7 31 79
Volta 60: 86 77 28 40 12 44 16 56 57 26 36 50 74 82 4 2 33 65 81 90 88 95 14 29 55 58 70 76 99 10 11 18 27 54 62 85 84 98 7 49 79 31
Volta 61: 86 77 28 40 44 12 56 57 16 26 36 50 74 82 2 33 65 81 88 90 95 4 14 29 55 70 11 18 27 54 58 62 76 84 85 99 98 10 49 7 79
Volta 62: 86 28 40 77 44 12 57 56 26 36 50 74 2 16 33 81 82 88 95 4 55 65 70 90 14 11 29 27 62 76 85 84 99 18 49 54 58 98 7 10 79
Volta 63: 86 28 77 40 12 44 56 57 26 36 50 74 16 81 82 95 2 4 33 55 65 90 88 11 14 27 29 62 70 99 49 54 76 84 85 98 7 10 18 58
Volta 64: 86 28 40 77 12 44 56 26 36 57 74 50 82 95 2 4 16 33 55 81 88 14 11 27 29 65 62 70 90 99 49 54 76 85 84 10 58 98 7 18
Volta 65: 86 28 77 12 40 44 56 57 26 36 50 74 82 95 2 16 33 88 4 14 11 55 65 62 81 90 99 29 27 49 54 70 84 85 10 76 98 7 58
Volta 66: 86 28 77 12 40 57 36 44 50 56 74 95 16 26 82 88 4 2 14 33 55 65 81 90 99 11 27 29 49 62 85 10 54 70 76 84 98 58 7
Volta 67: 86 28 77 12 40 57 36 44 56 74 26 50 82 88 95 4 2 16 55 81 90 11 14 27 33 49 65 62 99 10 29 54 70 84 85 58 76 98
Volta 68: 28 86 77 12 40 44 57 56 74 26 36 50 88 4 2 16 55 82 90 95 11 14 27 33 62 81 99 29 49 54 65 85 10 58 70 76 84 98
Volta 69: 28 86 77 12 40 57 74 36 44 50 56 88 16 26 55 82 90 95 2 4 14 11 33 62 81 99 27 54 65 10 29 49 58 70 76 84 85
Volta 70: 86 28 77 40 57 12 44 56 74 88 16 26 36 50 55 90 2 4 11 14 82 81 95 27 33 54 62 99 10 29 49 58 65 76 85 70 84
Volta 71: 86 28 40 57 77 12 44 56 74 88 16 36 55 90 2 14 26 50 82 81 95 4 11 27 33 62 99 29 54 65 85 10 49 58 70 76
Volta 72: 86 28 40 57 77 74 88 12 16 44 55 56 90 26 50 82 95 4 2 11 33 81 99 27 54 65 62 10 29 49 76 85 58 70
Volta 73: 28 86 40 57 74 77 88 12 16 44 55 26 50 56 90 95 2 11 33 82 81 99 4 27 54 62 65 10 29 76 85 49 58
Volta 74: 86 28 40 57 74 77 88 12 16 44 55 26 50 90 2 11 56 81 95 4 33 54 65 62 82 99 29 27 76 10 49 85 58
Volta 75: 86 28 40 57 77 12 44 74 88 16 55 90 11 26 50 56 2 4 33 54 62 81 82 95 99 27 65 76 10 29 85 49
Volta 76: 86 28 40 57 77 12 44 74 88 90 16 26 50 55 56 4 11 33 54 62 81 82 95 2 27 65 76 99 10 29 85 49
Volta 77: 86 28 77 40 57 12 44 74 88 55 56 90 11 16 26 33 50 81 95 4 2 27 54 65 62 82 99 29 76 85 10
Volta 78: 86 28 40 57 77 12 44 74 55 56 88 11 16 26 33 50 81 90 95 4 54 65 62 82 2 27 29 76 85 99 10
Volta 79: 86 28 40 57 77 12 74 44 88 11 16 26 33 50 55 56 90 4 82 81 95 54 65 62 76 99 2 29 27 85
Volta 80: 86 28 57 77 12 40 74 44 11 33 55 56 88 90 4 16 26 50 81 82 95 54 62 65 99 2 29 76 85 27
Volta 81: 86 28 77 57 74 12 40 44 11 33 55 56 88 90 4 16 26 50 81 95 54 65 62 82 2 29 76 85 99
Volta 82: 28 86 74 77 12 44 57 11 33 40 55 90 16 50 56 81 88 95 4 26 54 62 65 82 2 29 85 99 76
Volta 83: 28 86 74 77 44 12 11 40 55 57 16 33 56 81 90 88 95 4 26 50 54 65 62 29 85 82 99 2
Volta 84: 28 77 86 74 11 40 44 57 12 33 56 81 95 16 50 62 90 88 4 26 65 82 2 29 99
Volta 85: 28 86 74 77 11 40 44 57 12 33 56 95 16 50 62 81 88 90 4 26 65 2 29 82
Volta 86: 28 74 86 11 44 57 77 33 40 56 12 16 81 95 4 50 65 62 90 88 26 29 82 2
Volta 87: 28 74 86 57 77 11 40 44 33 56 95 12 16 50 65 81 90 4 26 62 82 88 29
Volta 88: 28 74 77 86 44 57 11 33 40 56 95 12 16 65 81 90 4 26 50 62 88 29 82
Volta 89: 28 74 77 86 57 11 33 40 44 56 95 12 16 81 90 4 26 62 65 88 29 50
Volta 90: 28 74 77 57 86 33 40 95 11 12 44 56 81 90 16 65 88 4 29 26
Volta 91: 28 74 77 86 40 57 11 33 44 56 81 90 95 12 16 65 4 88 29
Volta 92: 28 74 77 57 86 40 81 11 12 16 33 44 56 65 90 95 4 88 29
Volta 93: 28 57 74 77 86 11 33 40 56 65 81 95 12 16 44 88 90 4
Volta 94: 28 57 77 74 86 56 65 95 12 11 16 33 40 44 81 90 88 4
Volta 95: 28 77 57 86 74 95 12 16 33 40 44 56 65 81 90 11 88
Volta 96: 28 77 57 74 86 12 56 65 81 95 11 16 33 40 44 90 88
Volta 97: 28 77 57 74 86 56 65 95 12 33 40 44 81 90 11 16
Volta 98: 28 77 57 74 86 56 65 33 44 81 90 95 12 11 16 40
Volta 99: 77 28 74 56 57 65 86 33 44 81 90 12 11 16 95
Volta 100: 77 28 74 56 57 65 86 81 90 11 12 16 33 44 95
Volta 101: 77 28 57 65 74 86 56 81 12 33 44 90 11 16
Volta 102: 77 28 57 65 74 56 81 12 11 16 33 44
Volta 103: 77 28 57 65 74 56 81 12 11 16 33
Volta 104: 77 28 57 56 65 74 81 11 12 16 33
Volta 105: 77 28 57 65 74 56 81 12 11 16
Volta 106: 77 28 57 65 74 81 12 56 11 16
Volta 107: 77 28 65 57 81 12 56 74 11
Volta 108: 28 65 57 81 12 56 74 11
Volta 109: 28 65 81 57 12 56 74
Volta 110: 28 65 81 57 12 56 74
Volta 111: 28 65 81 57 12 56
Volta 112: 28 81 57 65 12 56
Volta 113: 28 81 57 65 12
Volta 114: 28 81 57 12 65
Volta 115: 28 57 81 12
Volta 116: 28 57 81 12
Volta 117: 28 57 81
Volta 118: 28 57 81
Volta 119: 28 57
Volta 120: 28 57

Ranqueamento Final:
1: Ciclista 57 - 11626.38 segundos
2: Ciclista 81 - 11476.98 segundos
3: Ciclista 28 - 11475.66 segundos
4: Ciclista 12 - 11400.30 segundos
5: Ciclista 65 - 11176.50 segundos
6: Ciclista 56 - 11026.38 segundos
7: Ciclista 74 - 10876.74 segundos
8: Ciclista 11 - 10800.30 segundos
9: Ciclista 16 - 10500.42 segundos
10: Ciclista 33 - 10350.78 segundos
11: Ciclista 44 - 10126.02 segundos
12: Ciclista 95 - 9902.22 segundos
13: Ciclista 40 - 9750.90 segundos
14: Ciclista 88 - 9527.10 segundos
15: Ciclista 4 - 9375.06 segundos
16: Ciclista 29 - 9300.66 segundos
17: Ciclista 26 - 9001.14 segundos
18: Ciclista 82 - 8851.98 segundos
19: Ciclista 2 - 8700.06 segundos
20: Ciclista 99 - 8477.34 segundos
21: Ciclista 76 - 8326.86 segundos
22: Ciclista 27 - 8175.66 segundos
23: Ciclista 10 - 8025.18 segundos
24: Ciclista 49 - 7801.14 segundos
25: Ciclista 58 - 7651.38 segundos
26: Ciclista 70 - 7426.62 segundos
27: Ciclista 84 - 7201.98 segundos
28: Ciclista 98 - 6977.34 segundos
29: Ciclista 7 - 6900.18 segundos
30: Ciclista 18 - 6675.42 segundos
31: Ciclista 79 - 6451.86 segundos
32: Ciclista 31 - 6300.78 segundos
33: Ciclista 39 - 6075.90 segundos
34: Ciclista 53 - 5851.26 segundos
35: Ciclista 96 - 5627.34 segundos
36: Ciclista 1 - 5475.06 segundos
37: Ciclista 34 - 5250.78 segundos
38: Ciclista 23 - 5175.54 segundos
39: Ciclista 37 - 4950.90 segundos
40: Ciclista 38 - 4800.90 segundos
41: Ciclista 47 - 4501.14 segundos
42: Ciclista 61 - 4276.50 segundos
43: Ciclista 80 - 4051.86 segundos
44: Ciclista 20 - 3975.42 segundos
45: Ciclista 63 - 3676.50 segundos
46: Ciclista 15 - 3525.30 segundos
47: Ciclista 97 - 3302.34 segundos
48: Ciclista 48 - 3076.14 segundos
49: Ciclista 91 - 2852.22 segundos
50: Ciclista 59 - 2701.38 segundos
51: Ciclista 30 - 2550.66 segundos
52: Ciclista 66 - 2251.62 segundos
53: Ciclista 89 - 2027.10 segundos
54: Ciclista 75 - 1801.74 segundos
55: Ciclista 17 - 1725.42 segundos
56: Ciclista 60 - 1426.38 segundos
57: Ciclista 68 - 1276.62 segundos
58: Ciclista 78 - 976.86 segundos
59: Ciclista 94 - 825.06 segundos
60: Ciclista 72 - 601.74 segundos
61: Ciclista 87 - 302.10 segundos

Ciclista 3 quebrou na volta 48 - 4575.00 segundos
Ciclista 5 quebrou na volta 6 - 825.00 segundos
Ciclista 6 quebrou na volta 30 - 2850.12 segundos
Ciclista 8 quebrou na volta 24 - 2250.12 segundos
Ciclista 9 quebrou na volta 6 - 750.12 segundos
Ciclista 13 quebrou na volta 18 - 1800.24 segundos
Ciclista 14 quebrou na volta 72 - 7125.24 segundos
Ciclista 19 quebrou na volta 30 - 2850.36 segundos
Ciclista 21 quebrou na volta 54 - 5475.48 segundos
Ciclista 22 quebrou na volta 18 - 1800.48 segundos
Ciclista 24 quebrou na volta 24 - 2625.48 segundos
Ciclista 25 quebrou na volta 18 - 1425.48 segundos
Ciclista 32 quebrou na volta 24 - 2550.72 segundos
Ciclista 35 quebrou na volta 6 - 600.72 segundos
Ciclista 36 quebrou na volta 72 - 7050.84 segundos
Ciclista 41 quebrou na volta 30 - 2775.96 segundos
Ciclista 42 quebrou na volta 30 - 3225.96 segundos
Ciclista 43 quebrou na volta 6 - 750.96 segundos
Ciclista 45 quebrou na volta 18 - 2025.96 segundos
Ciclista 46 quebrou na volta 12 - 1201.08 segundos
Ciclista 50 quebrou na volta 90 - 9001.08 segundos
Ciclista 51 quebrou na volta 30 - 3076.20 segundos
Ciclista 52 quebrou na volta 18 - 1801.20 segundos
Ciclista 54 quebrou na volta 84 - 8401.20 segundos
Ciclista 55 quebrou na volta 84 - 8176.20 segundos
Ciclista 62 quebrou na volta 90 - 8926.44 segundos
Ciclista 64 quebrou na volta 18 - 1876.44 segundos
Ciclista 67 quebrou na volta 24 - 2476.56 segundos
Ciclista 69 quebrou na volta 30 - 3151.56 segundos
Ciclista 71 quebrou na volta 24 - 2476.68 segundos
Ciclista 73 quebrou na volta 54 - 5101.68 segundos
Ciclista 77 quebrou na volta 108 - 10201.80 segundos
Ciclista 83 quebrou na volta 6 - 751.92 segundos
Ciclista 85 quebrou na volta 84 - 8401.92 segundos
Ciclista 86 quebrou na volta 102 - 9977.04 segundos
Ciclista 90 quebrou na volta 102 - 10052.04 segundos
Ciclista 92 quebrou na volta 12 - 1277.16 segundos
Ciclista 93 quebrou na volta 6 - 677.16 segundos
Ciclista 100 quebrou na volta 6 - 602.28 segundos
