Volta 1: 2 1 5 4 3 6 10 8 9 7 15 13 12 11 14 16 17 20 19 18 22 24 23 25 21 30 26 27 29 28 35 31 33 34 32 38 37 36 40 39 44 42 43 45 41 50 49 48 46 47 53 55 52 54 51 60 59 56 57 58 64 65 63 61 62 69 68 67 70 66 75 73 74 72 71 79 77 80 78 76 84 81 82 83 85 89 86 90 87 88 92 93 95 91 94 96 97 98 100 99
Volta 2: 4 3 2 1 5 9 8 10 11 14 13 12 16 20 17 18 19 24 22 23 21 28 30 27 26 35 33 32 31 38 40 37 43 44 41 45 42 46 47 50 49 48 51 54 53 55 56 58 57 59 64 63 61 62 67 68 70 66 75 72 73 74 77 78 76 80 83 82 86 88 87 90 89 94 92 95 98 99 96 100 6 7 15 25 29 34 36 39 52 60 65 69 71 79 81 85 84 91 93 97
Volta 3: 4 1 3 2 10 11 13 18 16 19 17 21 22 26 28 27 30 35 32 33 40 38 44 43 46 50 55 54 57 58 56 59 64 63 67 70 68 74 73 72 76 88 90 87 89 95 94 100 96 5 8 7 9 6 15 12 14 20 25 24 23 31 39 36 37 45 42 41 49 47 48 52 51 53 60 61 62 65 66 69 75 78 79 80 77 85 84 83 82 81 86 92 93 99 98 29 34 71 91
Volta 4: 1 2 10 11 18 19 17 22 21 27 26 33 38 40 43 44 50 59 56 63 64 67 70 74 88 87 95 5 3 4 6 8 15 12 13 14 20 16 23 24 28 30 31 32 35 36 39 37 45 41 46 49 47 54 53 55 60 57 58 61 62 68 66 75 73 72 76 77 78 80 79 83 82 81 84 85 89 90 86 92 93 94 96 100 99 98 7 9 25 42 48 51 52 65 69 71 91 29 34
Volta 5: 2 22 26 33 50 56 59 64 70 88 4 1 5 3 6 8 10 11 13 19 20 18 17 21 23 24 28 27 32 31 35 38 40 36 41 44 45 43 47 49 54 53 57 63 62 68 66 67 75 74 72 73 78 76 77 80 84 83 90 87 89 95 94 100 98 99 12 14 15 16 30 39 37 42 46 52 55 60 58 61 65 69 71 79 85 81 82 86 91 92 93 96 9 7 25 29 48 51
Volta 6: 2 22 26 50 59 70 88 1 4 5 10 8 11 18 17 24 32 31 33 38 40 36 45 43 44 47 53 54 63 64 62 67 68 66 74 78 77 80 76 84 83 89 87 98 3 6 15 12 13 14 19 20 23 21 30 27 28 35 37 39 41 42 46 49 55 58 57 60 61 69 72 71 75 79 82 86 95 92 94 93 91 100 96 99 9 7 29 48 52 51 65 81 85 25
Volta 7: 2 26 59 70 88 5 4 10 17 22 32 31 38 44 45 43 47 50 53 63 68 67 66 74 80 76 77 83 87 89 98 1 8 6 13 11 14 12 19 18 21 24 23 27 30 28 33 35 39 40 36 37 41 49 46 55 54 60 64 61 62 69 72 75 78 79 84 82 86 93 91 94 92 100 96 99 3 7 9 15 20 29 42 48 51 58 57 65 71 85 81 95 52
Volta 8: 2 26 70 5 10 22 32 31 38 43 44 50 53 59 63 67 74 77 76 80 89 88 87 98 4 8 6 12 11 18 17 19 24 23 21 30 33 35 37 39 36 45 46 47 60 61 64 68 66 75 79 78 83 93 92 100 96 1 3 7 14 15 13 20 27 29 28 40 42 41 49 48 55 54 57 58 62 69 72 71 85 81 82 84 86 95 91 94 99 9 51 52 65
Volta 9: 70 2 5 10 22 26 31 32 38 43 50 59 63 67 74 77 89 88 4 8 6 12 19 17 30 35 37 44 45 46 47 53 60 61 66 68 75 78 76 80 83 87 93 96 98 1 3 14 11 15 20 18 23 21 24 28 29 27 33 40 36 39 41 42 49 54 57 62 64 79 82 84 86 91 92 95 99 100 9 7 13 48 51 55 52 58 69 71 72 81 85 94
Volta 10: 2 22 26 31 32 38 43 50 70 74 5 4 10 6 12 17 30 35 45 44 47 53 60 59 63 68 67 66 75 76 77 78 80 87 89 88 93 96 3 1 8 15 11 19 18 23 21 24 28 27 37 39 42 46 49 54 62 61 79 83 84 86 91 95 92 98 100 9 7 14 20 29 33 36 40 41 55 52 51 57 58 64 72 82 85 94 99 13 48 69 71 81
Volta 11: 22 32 43 70 74 2 4 10 17 30 26 31 35 38 50 59 60 63 67 66 75 77 78 76 87 89 93 96 3 1 5 6 11 12 15 19 18 23 21 28 37 44 45 42 46 47 49 54 53 62 68 80 83 84 88 92 95 100 98 7 9 8 14 20 24 27 29 39 36 41 57 58 61 72 79 82 85 86 91 94 99 13 33 40 55 52 51 64 69 48 71
Volta 12: 22 43 70 74 2 4 26 35 32 31 38 50 60 59 63 66 75 76 77 87 89 93 96 5 3 6 10 11 12 17 18 23 30 37 45 49 46 47 54 53 62 68 67 78 83 95 1 9 8 15 14 20 19 21 28 27 39 57 61 80 79 84 85 82 88 91 92 98 100 99 7 24 29 33 36 41 55 51 58 64 86 94 13 40 48 52 69 71
Volta 13: 22 74 2 26 35 43 60 59 63 70 66 76 77 93 96 4 5 11 12 17 23 30 31 32 37 38 45 47 50 46 49 53 67 68 75 78 89 87 95 1 3 10 6 15 18 19 21 54 57 61 62 79 80 83 82 84 92 91 100 99 98 9 7 8 14 20 24 28 29 27 33 39 36 51 55 58 85 86 88 94 13 40 41 48 52 64 69
Volta 14: 22 74 2 35 43 60 63 96 4 12 30 26 31 32 37 38 50 49 59 68 66 70 76 77 87 89 93 95 1 5 3 6 10 11 17 18 19 23 21 45 46 47 53 54 62 61 67 75 79 78 82 92 91 99 100 8 7 9 15 14 20 24 28 27 29 33 39 36 51 57 58 80 85 83 84 94 98 13 40 48 52 55 64 69 88 86 41
Volta 15: 22 43 74 96 2 12 30 26 31 35 37 49 59 60 63 70 68 76 77 87 95 93 5 3 4 10 6 11 17 23 32 38 45 47 50 46 53 54 62 61 66 67 75 79 78 82 89 91 100 99 1 9 7 14 15 19 18 21 28 27 36 39 51 57 58 80 83 84 94 92 98 8 20 24 29 33 52 55 69 85 86 13 40 48 64 88
Volta 16: 22 43 74 96 2 12 35 60 63 68 70 76 77 93 5 3 4 6 10 17 26 30 31 32 37 38 45 47 46 50 49 53 59 62 67 75 79 89 87 95 91 99 1 11 15 18 23 21 28 39 36 54 58 61 66 78 80 84 82 94 100 98 9 7 8 14 19 20 27 29 33 55 51 57 69 85 83 92 13 24 48 52 64 86 88 40
Volta 17: 22 43 74 96 12 63 68 76 93 5 2 4 17 30 26 35 32 45 50 47 53 59 60 62 67 70 77 87 99 3 6 10 15 11 23 31 39 38 37 46 49 54 61 66 75 78 80 79 82 84 89 95 91 94 98 100 1 8 7 14 18 20 19 21 27 28 33 36 51 58 69 85 83 92 9 24 29 48 55 52 57 64 86 88 13
Volta 18: 43 74 12 22 63 76 93 96 4 5 2 17 26 35 45 50 47 60 59 62 68 70 87 99 3 10 11 23 32 37 38 39 49 46 54 53 66 67 75 79 84 94 91 95 100 98 1 6 7 8 15 14 19 20 18 21 28 33 31 36 78 80 82 85 89 92 9 24 29 27 48 52 51 55 57 58 64 69 83 88 13 86
Volta 19: 12 22 43 63 74 76 93 96 5 17 26 35 45 60 68 87 4 2 3 10 37 38 39 50 47 46 54 53 59 62 66 67 70 75 79 95 94 99 98 6 8 7 15 11 18 20 23 21 32 33 36 49 78 80 85 82 84 89 92 91 100 1 14 19 24 27 28 31 48 51 52 55 58 64 69 83 88 9 13 29 57
Volta 20: 12 43 63 93 17 22 35 45 68 74 76 87 96 2 4 5 10 26 39 47 50 53 59 60 62 66 70 79 94 98 99 3 7 11 15 20 18 23 21 32 33 37 36 38 46 54 67 75 78 84 89 95 91 92 1 8 6 14 19 27 28 31 49 58 64 69 80 82 83 85 88 100 9 13 24 29 48 52 55 51 57
Volta 21: 12 43 93 35 45 63 68 74 76 87 96 2 10 17 22 26 50 60 62 70 79 94 99 98 5 3 4 7 20 32 38 37 39 46 47 53 54 59 67 66 75 84 89 95 91 6 8 11 15 18 21 23 28 33 31 36 49 58 64 69 78 82 92 100 1 9 14 13 19 29 27 48 52 55 80 83 85 88 24 51
Volta 22: 43 93 12 35 45 63 68 74 87 2 17 22 60 70 76 94 98 96 99 5 3 4 7 10 20 26 32 38 39 47 50 46 53 59 62 66 67 75 79 84 89 95 8 11 18 21 23 31 33 36 37 49 54 69 78 92 91 1 6 9 15 13 14 19 28 27 29 48 55 58 64 83 82 85 88 100 51 52 80 24
Volta 23: 43 93 45 63 87 2 12 17 22 35 60 68 74 76 94 99 98 4 7 10 26 50 53 62 70 67 75 79 84 95 96 5 3 11 20 21 31 32 36 39 37 38 49 46 47 54 59 66 78 89 92 91 6 8 13 14 15 19 18 23 29 27 28 33 48 55 58 69 82 85 100 1 9 52 51 64 83 88 80
Volta 24: 43 45 63 87 93 2 22 60 68 94 99 12 17 26 35 50 62 67 76 84 95 96 98 3 4 7 10 11 20 21 32 38 39 46 47 49 53 59 66 70 75 78 89 92 91 8 6 13 14 19 18 29 28 31 33 37 36 55 58 69 82 1 9 15 23 27 48 64 85 88 100 52 51 80 83
Volta 25: 43 87 93 2 22 45 60 63 99 17 62 68 76 84 95 94 96 3 4 10 7 12 11 26 32 35 39 38 50 47 46 53 67 70 75 78 91 92 98 6 19 20 18 21 29 28 31 33 37 49 55 58 59 66 89 8 15 13 14 27 36 64 69 82 85 88 100 1 9 23 48 52 51 80
Volta 26: 43 87 2 60 63 93 17 22 45 62 84 94 99 3 4 7 12 26 32 35 38 47 50 46 53 68 67 70 75 76 78 91 95 98 96 6 10 11 18 21 28 33 31 39 49 55 59 66 92 8 13 15 20 19 29 37 36 58 69 82 89 9 14 23 27 48 64 85 88 100 1 52 51 80
Volta 27: 43 60 87 93 2 17 22 45 63 62 84 99 4 7 12 35 38 46 47 68 78 76 94 95 3 6 10 11 28 26 33 32 31 39 50 53 55 66 67 70 75 91 96 98 15 13 19 18 21 29 37 49 59 58 69 82 89 92 8 9 14 20 23 27 36 85 100 1 48 52 64 88 51
Volta 28: 43 87 93 2 17 22 45 60 62 63 84 7 12 35 38 47 46 76 94 99 4 10 6 11 28 26 31 53 67 70 68 66 78 95 91 96 98 3 13 15 18 21 29 33 32 37 39 50 49 55 59 75 92 9 8 14 19 20 27 36 58 69 85 82 89 1 23 48 88 100 51 52 64
Volta 29: 43 87 93 2 22 45 60 63 17 38 46 62 76 84 94 99 4 7 12 11 26 28 35 31 47 53 70 67 68 78 91 96 98 3 6 10 13 33 37 39 50 55 59 66 75 92 95 8 9 15 20 18 21 29 27 32 36 49 58 69 82 1 14 19 48 85 88 89 100 23 52 51
Volta 30: 43 2 60 63 87 93 22 38 45 46 76 84 94 11 12 35 47 62 68 70 96 98 4 10 6 7 13 28 26 31 39 50 53 59 67 75 78 92 95 91 3 8 18 21 29 27 37 49 58 66 1 9 15 20 32 36 69 82 85 89 88 100 14 19 23 48 52 51
Volta 31: 43 2 60 63 87 93 22 38 45 76 84 94 11 35 46 62 70 68 96 98 4 10 7 12 26 31 39 47 50 59 67 78 92 91 3 8 6 13 18 21 28 27 37 49 53 66 75 95 1 9 15 29 32 36 58 69 100 14 19 20 23 48 85 82 88 89 52
Volta 32: 43 60 63 87 2 38 45 84 94 93 11 22 35 46 76 4 7 10 31 47 50 62 68 67 70 91 92 98 96 6 8 12 13 28 27 26 39 49 53 59 66 78 3 1 9 18 21 29 32 37 58 75 95 100 15 19 20 36 48 69 85 82 88 89 14 23 52
Volta 33: 43 63 87 45 60 84 93 94 2 11 22 38 46 76 4 10 7 31 35 50 47 62 68 67 6 8 12 26 39 49 53 59 66 70 78 91 92 98 96 3 13 18 21 28 29 27 32 95 1 9 20 36 37 48 58 69 75 89 100 15 19 23 85 82 88 14
Volta 34: 87 43 60 63 94 2 11 22 38 45 46 76 84 93 4 7 31 47 50 62 68 6 8 10 12 26 35 39 59 67 66 78 92 91 96 98 3 13 18 27 29 28 32 49 53 70 95 1 21 36 58 75 89 9 15 19 20 23 37 48 69 82 85 100 88 14
Volta 35: 87 60 63 94 11 38 43 45 84 93 4 2 7 22 47 46 62 68 76 6 10 26 31 35 39 50 67 66 78 91 92 96 8 13 12 18 27 32 53 59 70 95 98 1 3 29 28 36 49 58 75 89 20 19 21 37 48 69 82 85 100 9 15 23 88
Volta 36: 87 60 63 38 45 43 84 94 7 11 47 68 76 93 4 6 22 35 31 39 50 46 62 78 92 91 96 10 8 12 18 26 59 67 66 95 98 1 13 29 28 27 32 36 49 53 70 75 89 3 20 19 58 69 85 100 9 15 21 37 48 82 88
Volta 37: 63 87 38 43 45 60 84 94 47 68 76 93 7 11 22 35 50 46 62 78 92 4 6 8 10 12 26 31 39 59 67 91 95 96 1 13 18 29 28 27 32 36 49 53 66 70 75 89 98 3 19 69 100 9 20 21 37 58 85 82 15 48
Volta 38: 63 87 38 60 84 43 45 47 68 76 94 93 7 11 22 35 50 92 4 10 6 26 31 39 46 62 78 91 96 1 8 12 18 28 27 32 59 66 67 70 75 89 95 98 3 13 29 36 49 53 9 20 19 58 69 82 100 15 21 37 48 85
Volta 39: 63 60 87 38 45 43 47 68 76 84 94 93 7 11 22 35 50 92 10 39 46 62 78 4 6 8 28 26 31 59 70 66 67 75 89 91 95 96 1 12 13 18 27 32 36 53 98 3 19 20 29 49 69 82 100 9 21 37 58 15 48
Volta 40: 63 60 38 43 47 76 84 87 93 94 7 11 22 35 45 68 92 46 50 4 10 6 8 26 28 31 39 59 62 66 78 89 91 95 1 12 13 18 27 67 70 75 96 98 3 20 29 32 36 49 53 82 9 19 37 58 69 100 15 21 48
Volta 41: 60 63 38 47 76 87 94 93 7 22 43 68 84 11 35 45 50 92 4 10 26 39 46 62 78 89 95 1 6 8 12 27 28 31 59 67 66 75 91 96 3 13 20 18 32 36 70 82 98 9 19 29 37 49 53 58 69 100 21 15
Volta 42: 60 63 38 76 93 94 22 43 68 84 87 11 35 92 4 39 45 46 50 78 89 1 8 10 6 28 26 62 66 75 95 91 13 12 18 20 27 31 59 70 98 3 9 19 29 32 36 49 53 82 21 58 69 100 15
Volta 43: 60 63 76 94 38 68 84 87 93 11 22 43 92 35 39 45 46 50 89 4 10 6 8 26 62 75 78 91 1 12 28 27 31 59 66 70 95 98 3 9 13 18 20 29 36 53 82 19 21 32 49 58 69 100
Volta 44: 60 63 76 38 87 93 94 11 22 68 84 35 43 45 46 92 4 6 10 26 39 50 75 89 91 1 8 12 27 28 31 59 62 70 78 95 3 9 13 18 20 53 66 82 98 29 36 49 58 69 19 21 32 100
Volta 45: 60 63 76 38 94 93 11 68 84 87 22 35 43 92 4 6 26 39 45 46 50 75 89 91 10 27 28 31 62 70 78 1 8 9 12 13 20 18 53 59 95 3 29 36 49 58 69 66 82 98 19 21 32
Volta 46: 60 76 63 94 11 38 68 84 93 22 43 87 92 4 35 46 50 89 91 6 10 26 28 27 31 39 45 62 70 75 78 1 8 9 12 20 53 59 95 13 18 29 98 3 19 32 36 49 58 66 69 82 21
Volta 47: 60 76 63 38 68 84 94 93 11 92 22 35 43 46 87 91 4 6 28 39 45 50 62 70 75 78 89 10 9 12 20 26 27 31 59 1 8 13 18 29 53 95 98 3 36 49 58 66 82 19 32 69
Volta 48: 63 76 38 84 94 68 93 11 22 87 91 92 4 6 28 35 39 43 45 50 46 62 70 75 10 9 12 27 31 78 8 20 29 26 53 95 98 3 1 13 18 49 58 19 32 36 66 69
Volta 49: 63 76 84 38 68 93 94 91 6 11 22 35 45 43 62 70 75 87 92 4 9 12 27 28 39 50 46 78 10 20 26 29 31 8 13 18 53 95 98 1 3 19 32 36 49 58 66
Volta 50: 63 76 84 38 68 94 93 11 35 45 43 62 70 91 92 4 6 9 22 28 39 50 75 78 87 12 29 27 31 46 10 8 13 20 26 53 95 1 3 18 36 49 58 66 98 19 32
Volta 51: 76 63 84 38 68 93 94 11 45 43 62 70 91 4 6 22 35 39 50 78 87 92 9 28 27 29 46 75 12 13 20 26 31 53 8 10 18 36 58 66 95 98 1 3 19 49
Volta 52: 76 63 68 84 93 94 38 11 43 70 6 22 35 39 45 50 62 87 91 92 4 29 28 27 46 75 78 9 12 26 31 8 13 18 20 53 66 95 98 3 1 10 19 36 49 58
Volta 53: 76 63 84 93 38 68 94 11 43 70 35 39 45 62 87 91 92 4 6 22 28 27 50 78 9 12 26 29 31 46 75 8 13 20 18 53 66 95 10 19 98 3 1 36 49
Volta 54: 76 63 84 93 38 68 94 11 43 70 39 62 87 92 91 4 6 35 50 22 26 27 46 75 78 9 8 12 13 20 18 29 95 10 53 66 98 3 19 36 49
Volta 55: 63 76 84 93 38 68 94 43 70 11 62 92 4 6 35 39 87 91 22 26 27 50 9 13 12 20 29 46 75 78 10 8 18 53 66 95 36 98 3 19
Volta 56: 76 63 84 38 68 93 70 94 11 43 4 35 62 87 91 92 6 22 27 39 50 20 26 46 78 9 8 12 13 18 29 53 66 75 95 10 98 3 36 19
Volta 57: 63 76 84 68 93 38 70 94 11 35 43 62 87 91 92 4 6 22 27 50 20 39 78 9 8 13 12 18 29 26 46 53 66 75 95 10 98 3 36
Volta 58: 76 84 63 68 38 70 93 94 11 62 4 22 27 35 43 87 92 91 6 20 39 50 9 8 26 46 66 75 78 95 10 12 13 18 29 53 98 3 36
Volta 59: 63 68 76 84 38 94 93 70 11 62 4 35 43 92 91 6 20 22 27 39 50 87 8 26 66 75 78 9 10 13 12 46 53 95 98 3 18 29
Volta 60: 76 84 63 68 93 38 70 94 11 4 35 43 62 91 92 6 20 27 39 50 87 22 26 66 75 78 9 13 46 53 95 10 18 29 98 3
Volta 61: 84 63 68 76 93 70 94 38 11 35 62 92 91 4 6 20 27 39 43 50 87 26 75 78 13 22 46 53 66 9 18 29 95 10 98
Volta 62: 84 63 76 93 68 94 38 70 11 35 91 92 4 6 20 27 43 62 87 39 50 75 26 46 53 78 9 13 18 22 29 66 95 10 98
Volta 63: 84 63 76 93 68 94 70 38 92 91 6 11 35 62 87 4 20 27 39 43 50 75 26 46 9 13 18 22 53 66 78 10 29 95
Volta 64: 63 76 84 93 68 94 70 38 92 6 35 91 4 11 20 39 50 62 75 87 27 43 46 9 18 22 26 53 66 10 13 29 78 95
Volta 65: 63 76 84 93 94 70 68 38 92 35 91 4 6 11 39 50 62 87 20 46 75 18 22 26 27 43 53 66 10 9 13 78 29
Volta 66: 63 76 84 93 68 94 38 70 92 91 4 6 35 11 20 39 62 75 87 18 27 26 46 66 10 9 22 43 53 13 29 78
Volta 67: 76 84 63 93 94 70 68 38 91 92 4 35 6 11 20 62 18 26 39 46 66 75 87 10 9 22 27 43 53 13 29
Volta 68: 84 76 93 63 94 70 38 68 91 4 35 92 6 11 62 18 20 26 46 75 10 39 53 66 87 9 13 22 29 27 43
Volta 69: 84 63 76 94 93 70 68 91 4 35 38 92 6 11 62 20 18 46 10 26 39 53 66 75 9 13 22 27 87 29
Volta 70: 84 76 94 63 70 93 68 91 4 35 38 11 62 92 6 18 10 20 26 46 66 75 9 13 22 27 39 53 87 29
Volta 71: 84 76 94 63 70 93 91 38 68 4 11 35 62 92 6 18 46 66 75 10 20 22 26 39 53 9 13 27 87
Volta 72: 84 76 93 94 63 91 68 4 38 92 6 11 35 62 46 75 10 20 22 53 66 9 13 26 27 39 87
Volta 73: 84 76 94 63 93 91 4 68 92 6 11 35 38 62 46 22 53 66 75 9 10 13 20 39 27 26
Volta 74: 84 76 94 63 93 91 4 68 92 6 11 38 35 62 46 75 10 9 13 20 22 53 66 26 27 39
Volta 75: 76 84 63 94 93 91 4 6 11 68 92 38 62 35 46 75 9 10 20 22 53 66 13 26 27
Volta 76: 63 76 84 94 91 93 4 11 92 6 38 62 68 35 10 20 22 46 53 75 9 13 26 66 27
Volta 77: 63 76 84 94 4 91 93 11 38 62 68 92 6 35 10 20 22 46 53 75 9 13 26 66
Volta 78: 63 76 84 94 4 93 91 11 38 62 68 92 6 35 22 46 75 10 9 13 20 53 26 66
Volta 79: 76 94 63 84 91 93 4 38 92 11 35 62 68 6 10 9 13 20 22 46 53 75 26
Volta 80: 76 94 63 84 93 4 91 38 92 11 62 6 35 68 9 10 13 20 22 46 53 75 26
Volta 81: 94 63 76 84 93 91 4 38 92 11 62 35 68 10 9 6 13 20 22 46 53 75
Volta 82: 76 84 94 63 91 93 4 11 38 62 92 35 6 10 20 22 68 75 9 13 46 53
Volta 83: 94 63 76 84 93 91 4 38 62 92 11 35 6 10 68 9 13 20 22 46 75
Volta 84: 76 84 94 63 93 4 62 92 11 38 10 68 6 9 13 20 22 46 75
Volta 85: 76 84 63 94 93 4 62 11 38 92 10 6 9 13 20 46 68 22
Volta 86: 76 84 63 93 94 4 62 92 10 11 38 9 13 20 46 68 6 22
Volta 87: 76 84 63 4 94 93 62 92 11 10 9 13 38 46 68 6 20
Volta 88: 76 84 4 63 94 93 62 92 11 46 9 10 6 13 20 38 68
Volta 89: 76 84 63 94 93 4 62 92 11 9 10 13 38 46 6 20
Volta 90: 84 94 93 4 62 63 92 11 9 13 46 6 10 20 38
Volta 91: 84 94 4 63 93 62 11 92 9 46 6 10 13 20
Volta 92: 94 84 93 4 62 63 11 92 10 9 13 46 6 20
Volta 93: 84 93 94 63 62 4 92 11 10 13 46 9 6
Volta 94: 84 93 94 62 4 63 92 10 11 46 9 6 13
Volta 95: 93 62 84 94 63 4 92 10 46 6 9 11
Volta 96: 84 94 93 63 62 92 46 10 11 9
Volta 97: 63 62 84 94 93 46 92 10 11
Volta 98: 63 84 93 94 62 10 46 92 11
Volta 99: 84 94 93 63 62 10 46 92
Volta 100: 84 94 93 63 62 10 46 92
Volta 101: 84 93 94 63 62 10 46
Volta 102: 84 93 94 62 63 10 46
Volta 103: 84 93 94 63 62 10
Volta 104: 84 94 93 63 62 10
Volta 105: 84 93 63 94 62
Volta 106: 84 93 63 62 94
Volta 107: 84 63 93 62
Volta 108: 84 63 93 62
Volta 109: 84 63 93
Volta 110: 84 63 93
Volta 111: 84 63
Volta 112: 63 84

Ranqueamento Final:
1: Ciclista 84 - 21301.98 segundos
2: Ciclista 63 - 21301.50 segundos
3: Ciclista 93 - 21002.22 segundos
4: Ciclista 62 - 20701.50 segundos
5: Ciclista 94 - 20252.22 segundos
6: Ciclista 10 - 20250.18 segundos
7: Ciclista 46 - 20101.14 segundos
8: Ciclista 92 - 19502.22 segundos
9: Ciclista 11 - 19350.30 segundos
10: Ciclista 9 - 19050.18 segundos
11: Ciclista 13 - 18600.30 segundos
12: Ciclista 20 - 18300.42 segundos
13: Ciclista 38 - 17850.90 segundos
14: Ciclista 68 - 17401.62 segundos
15: Ciclista 22 - 17100.54 segundos
16: Ciclista 75 - 16651.74 segundos
17: Ciclista 53 - 16351.26 segundos
18: Ciclista 26 - 16050.66 segundos
19: Ciclista 66 - 15751.62 segundos
20: Ciclista 27 - 15450.66 segundos
21: Ciclista 39 - 15000.90 segundos
22: Ciclista 87 - 14552.10 segundos
23: Ciclista 29 - 14250.66 segundos
24: Ciclista 43 - 13801.02 segundos
25: Ciclista 78 - 13501.86 segundos
26: Ciclista 95 - 13202.22 segundos
27: Ciclista 98 - 12902.34 segundos
28: Ciclista 3 - 12450.06 segundos
29: Ciclista 36 - 12000.90 segundos
30: Ciclista 19 - 11850.42 segundos
31: Ciclista 49 - 11251.14 segundos
32: Ciclista 58 - 10801.38 segundos
33: Ciclista 32 - 10500.78 segundos
34: Ciclista 69 - 10051.62 segundos
35: Ciclista 21 - 9750.54 segundos
36: Ciclista 100 - 9302.34 segundos
37: Ciclista 15 - 9150.30 segundos
38: Ciclista 48 - 8551.14 segundos
39: Ciclista 85 - 8101.98 segundos
40: Ciclista 88 - 7652.10 segundos
41: Ciclista 14 - 7500.30 segundos
42: Ciclista 52 - 6901.26 segundos
43: Ciclista 51 - 6601.26 segundos
44: Ciclista 64 - 6151.50 segundos
45: Ciclista 80 - 5851.86 segundos
46: Ciclista 83 - 5251.98 segundos
47: Ciclista 24 - 4950.54 segundos
48: Ciclista 57 - 4351.38 segundos
49: Ciclista 86 - 4052.10 segundos
50: Ciclista 40 - 3750.90 segundos
51: Ciclista 41 - 3301.02 segundos
52: Ciclista 71 - 3001.74 segundos
53: Ciclista 81 - 2401.98 segundos
54: Ciclista 65 - 1951.50 segundos
55: Ciclista 25 - 1650.54 segundos
56: Ciclista 34 - 1200.78 segundos
57: Ciclista 97 - 602.34 segundos

Ciclista 1 quebrou na volta 54 - 11250.00 segundos
Ciclista 2 quebrou na volta 36 - 6900.00 segundos
Ciclista 4 quebrou na volta 96 - 18450.00 segundos
Ciclista 5 quebrou na volta 24 - 4800.00 segundos
Ciclista 6 quebrou na volta 96 - 18900.12 segundos
Ciclista 7 quebrou na volta 42 - 7950.12 segundos
Ciclista 8 quebrou na volta 60 - 12000.12 segundos
Ciclista 12 quebrou na volta 60 - 12150.24 segundos
Ciclista 16 quebrou na volta 6 - 1350.36 segundos
Ciclista 17 quebrou na volta 30 - 5700.36 segundos
Ciclista 18 quebrou na volta 72 - 14250.36 segundos
Ciclista 23 quebrou na volta 36 - 7650.48 segundos
Ciclista 28 quebrou na volta 54 - 10650.60 segundos
Ciclista 30 quebrou na volta 18 - 3600.60 segundos
Ciclista 31 quebrou na volta 54 - 10950.72 segundos
Ciclista 33 quebrou na volta 30 - 6000.72 segundos
Ciclista 35 quebrou na volta 84 - 16500.72 segundos
Ciclista 37 quebrou na volta 42 - 8700.84 segundos
Ciclista 42 quebrou na volta 12 - 2550.96 segundos
Ciclista 44 quebrou na volta 12 - 2400.96 segundos
Ciclista 45 quebrou na volta 54 - 10650.96 segundos
Ciclista 47 quebrou na volta 42 - 7801.08 segundos
Ciclista 50 quebrou na volta 66 - 12901.08 segundos
Ciclista 54 quebrou na volta 24 - 4951.20 segundos
Ciclista 55 quebrou na volta 30 - 6001.20 segundos
Ciclista 56 quebrou na volta 6 - 1201.32 segundos
Ciclista 59 quebrou na volta 48 - 9751.32 segundos
Ciclista 60 quebrou na volta 48 - 8701.32 segundos
Ciclista 61 quebrou na volta 18 - 3601.44 segundos
Ciclista 67 quebrou na volta 42 - 8551.56 segundos
Ciclista 70 quebrou na volta 72 - 13501.56 segundos
Ciclista 72 quebrou na volta 12 - 2551.68 segundos
Ciclista 73 quebrou na volta 6 - 1351.68 segundos
Ciclista 74 quebrou na volta 24 - 4501.68 segundos
Ciclista 76 quebrou na volta 90 - 16651.80 segundos
Ciclista 77 quebrou na volta 18 - 3601.80 segundos
Ciclista 79 quebrou na volta 24 - 4651.80 segundos
Ciclista 82 quebrou na volta 48 - 9901.92 segundos
Ciclista 89 quebrou na volta 48 - 9452.04 segundos
Ciclista 90 quebrou na volta 6 - 1202.04 segundos
Ciclista 91 quebrou na volta 84 - 15902.16 segundos
Ciclista 96 quebrou na volta 42 - 8402.28 segundos
Ciclista 99 quebrou na volta 30 - 5852.28 segundos
