Volta 1: 2 4 5 3 1 8 6 7 10 9 12 15 14 11 13 20 18 16 17 19 23 21 24 25 22 28 29 26 27 30 31 33 34 35 32 40 39 37 38 36 43 45 44 42 41 50 46 49 48 47
Volta 2: 5 2 1 9 8 7 10 6 13 12 14 11 15 17 19 18 20 24 22 26 29 27 28 30 33 32 35 31 34 40 37 39 45 41 42 43 44 49 3 4 16 23 21 25 36 38 48 47 46 50
Volta 3: 2 5 1 10 6 8 7 15 14 13 11 20 17 19 18 24 22 29 26 35 31 33 32 37 40 41 43 45 3 4 9 12 16 21 23 28 30 27 34 39 36 44 42 49 46 48 25 38 47
Volta 4: 1 5 10 7 8 11 13 15 18 17 19 20 22 29 26 32 33 31 40 41 43 45 4 3 2 6 9 12 14 16 21 24 28 30 34 35 39 36 37 42 48 46 23 25 27 38 44 49 47
Volta 5: 7 8 13 19 18 29 33 40 45 43 41 4 1 5 6 10 15 12 14 11 17 20 22 24 21 28 30 26 35 32 31 37 39 48 3 2 9 16 23 34 38 36 42 49 46 25 27 44
Volta 6: 8 13 19 29 33 40 43 1 4 10 6 7 14 11 15 22 21 24 26 30 31 32 35 37 39 41 48 5 3 9 12 16 20 17 23 28 34 38 42 49 2 27 36 44 46
Volta 7: 13 19 40 43 4 8 6 7 14 11 21 22 29 30 31 33 35 37 39 41 48 1 5 10 9 15 12 17 20 23 24 26 32 42 49 3 2 16 28 27 34 38 36 44
Volta 8: 13 43 4 8 7 11 14 19 22 30 29 31 35 33 40 39 41 48 1 10 6 9 15 12 20 24 21 26 37 42 3 5 17 16 23 28 32 34 38 44 49 2 27 36
Volta 9: 4 13 14 11 19 29 30 33 35 40 39 43 48 6 7 9 10 8 24 21 22 31 37 41 42 1 15 12 20 23 26 28 32 44 49 3 5 17 16 34 38 2 27
Volta 10: 13 19 30 33 35 40 43 48 4 9 6 10 7 14 11 29 31 39 37 41 1 8 12 15 20 24 22 21 26 28 32 42 44 5 3 16 23 34 38 49 2 17 27
Volta 11: 13 19 33 40 48 4 10 9 11 14 29 30 35 31 39 43 41 8 6 7 15 12 24 21 22 28 26 32 37 42 44 3 5 1 16 20 23 34 49 17 38 2
Volta 12: 19 33 4 10 13 14 11 29 30 48 8 9 6 7 12 24 22 26 28 31 35 37 39 41 43 42 1 15 16 23 21 32 44 49 3 5 20 34 38 17
Volta 13: 19 33 4 10 13 30 48 9 6 7 14 11 12 24 22 29 28 35 31 37 39 43 41 1 8 15 16 21 26 32 42 5 20 23 44 49 3 34 38
Volta 14: 33 4 10 13 19 30 9 6 24 22 28 35 39 37 43 41 48 7 8 11 12 15 14 26 29 31 32 42 1 16 23 21 44 49 5 3 20 38 34
Volta 15: 33 10 13 19 4 9 22 24 30 28 37 41 48 7 6 15 11 14 26 29 31 35 39 43 8 12 16 21 23 32 42 49 5 1 20 38 44 3
Volta 16: 33 10 19 4 9 13 24 30 28 37 48 6 15 22 29 26 43 41 7 8 11 14 12 21 35 32 31 39 42 49 20 16 23 38 1 5 44 3
Volta 17: 33 10 9 13 19 24 28 48 4 6 22 30 26 29 37 41 7 15 12 14 11 31 35 39 43 42 49 8 20 23 21 32 38 5 1 16 44
Volta 18: 33 10 13 28 4 6 9 19 24 30 37 48 15 12 14 22 29 26 35 31 39 41 42 43 49 8 11 20 21 23 32 38 1 5 16 44
Volta 19: 33 10 13 9 19 24 28 30 37 48 4 6 22 26 31 35 43 42 41 49 8 11 12 15 14 21 29 32 38 39 1 20 23 5 16
Volta 20: 33 10 9 13 28 4 6 19 24 30 26 31 37 43 49 48 8 11 14 12 15 22 29 35 39 41 42 20 21 23 32 38 1 5 16
Volta 21: 33 10 9 13 28 6 24 30 26 43 48 49 4 8 11 14 12 19 29 35 31 37 39 42 41 15 21 22 23 32 38 1 20 5
Volta 22: 33 10 13 28 9 26 30 48 4 6 8 11 19 24 35 37 43 49 14 15 12 23 22 21 29 31 38 39 41 42 1 20 32 5
Volta 23: 33 13 10 9 28 30 26 6 19 24 35 43 48 49 4 8 11 12 23 21 22 29 39 37 42 41 1 14 15 31 32 38 20
Volta 24: 33 10 13 28 26 30 9 19 24 35 48 4 6 12 11 22 37 43 49 1 8 15 29 31 32 38 39 41 42 14 20
Volta 25: 26 30 33 10 13 19 24 28 35 48 9 6 12 22 37 43 49 1 4 8 11 39 38 41 42 15 29 31 32 14
Volta 26: 26 30 10 13 28 33 35 6 9 12 19 22 24 37 43 49 48 4 8 11 38 39 42 41 1 15 29 32 31 14
Volta 27: 30 26 33 9 10 13 19 22 24 28 35 4 6 12 11 37 39 43 48 49 1 8 29 31 38 42 41 15 32
Volta 28: 26 30 33 13 19 22 28 10 9 11 12 24 35 39 37 49 48 4 6 8 29 31 42 43 1 15 32 38 41
Volta 29: 26 33 13 19 22 28 30 9 10 12 11 24 35 37 49 48 4 6 8 31 39 43 1 29 38 42 15 32
Volta 30: 26 33 13 19 22 30 28 12 24 35 37 49 48 8 9 10 11 31 39 4 6 29 43 42 15 38 32
Volta 31: 26 30 33 13 19 22 28 35 48 10 8 9 11 12 24 39 37 49 4 6 31 43 15 29 38 42
Volta 32: 30 26 33 13 19 28 48 10 12 24 22 35 37 39 49 4 6 8 9 11 43 31 38 15 29 42
Volta 33: 26 33 28 30 48 10 13 12 19 24 22 35 39 37 49 4 6 8 9 43 11 38 15 29 31
Volta 34: 33 30 28 26 13 19 24 37 48 4 6 10 12 22 35 39 49 8 9 11 38 43 15 29 31
Volta 35: 26 33 19 24 30 28 37 48 4 10 12 13 22 35 39 49 6 8 9 11 43 38 15 29
Volta 36: 33 24 28 37 48 4 10 19 22 30 39 49 6 9 12 13 43 8 11 38 15
Volta 37: 24 28 33 48 4 10 19 22 30 37 9 6 12 39 43 49 8 11 13 38
Volta 38: 48 24 28 30 33 37 4 6 9 10 12 19 22 39 43 49 13 11 38 8
Volta 39: 24 28 30 33 37 48 4 10 9 19 22 43 49 6 12 11 13 39 38
Volta 40: 24 28 33 9 19 22 30 37 43 48 49 4 10 6 11 13 12 39 38
Volta 41: 28 33 9 19 24 30 37 43 49 48 4 6 10 13 11 12 22 39
Volta 42: 19 28 37 43 9 13 11 22 24 30 49 48 10 6 39
Volta 43: 43 9 11 19 22 24 28 37 49 10 6 13 30 48
Volta 44: 43 24 22 28 37 49 9 13 11 19 30 48 6 10
Volta 45: 43 22 37 49 9 11 19 24 30 28 48 6 13
Volta 46: 43 11 24 22 28 30 37 48 49 9 6 13 19
Volta 47: 43 22 24 30 28 37 6 13 11 48 49 9
Volta 48: 43 22 24 30 37 6 11 13 28 48 9 49
Volta 49: 43 24 30 6 11 22 28 37 48 9 13
Volta 50: 43 24 11 22 30 37 6 28 48 9 13
Volta 51: 24 43 11 22 30 6 28 37 48 9
Volta 52: 11 22 24 30 43 6 28 37 48 9
Volta 53: 11 24 22 43 30 28 37 6 48
Volta 54: 11 43 22 30 37 6 28 48
Volta 55: 11 43 30 6 22 28 37
Volta 56: 11 30 43 28 37 6 22
Volta 57: 11 30 28 37 43 6
Volta 58: 11 30 37 43 28 6
Volta 59: 30 11 28 37 43
Volta 60: 30 11 37 43 28
Volta 61: 30 11 37 43
Volta 62: 30 11 37 43
Volta 63: 30 11 37
Volta 64: 30 37 11
Volta 65: 30 37
Volta 66: 30 37

Ranqueamento Final:
1: Ciclista 37 - 12750.90 segundos
2: Ciclista 11 - 12450.30 segundos
3: Ciclista 30 - 12300.66 segundos
4: Ciclista 43 - 12151.02 segundos
5: Ciclista 28 - 11850.66 segundos
6: Ciclista 6 - 11700.18 segundos
7: Ciclista 22 - 11100.54 segundos
8: Ciclista 48 - 10651.14 segundos
9: Ciclista 9 - 10500.18 segundos
10: Ciclista 13 - 10050.30 segundos
11: Ciclista 49 - 9601.14 segundos
12: Ciclista 19 - 9150.42 segundos
13: Ciclista 10 - 8850.18 segundos
14: Ciclista 39 - 8400.90 segundos
15: Ciclista 38 - 7950.90 segundos
16: Ciclista 8 - 7800.18 segundos
17: Ciclista 15 - 7650.30 segundos
18: Ciclista 31 - 7200.78 segundos
19: Ciclista 42 - 6751.02 segundos
20: Ciclista 32 - 6450.78 segundos
21: Ciclista 41 - 5851.02 segundos
22: Ciclista 14 - 5550.30 segundos
23: Ciclista 20 - 5100.42 segundos
24: Ciclista 5 - 4800.06 segundos
25: Ciclista 16 - 4350.42 segundos
26: Ciclista 44 - 3901.02 segundos
27: Ciclista 3 - 3750.06 segundos
28: Ciclista 34 - 3300.78 segundos
29: Ciclista 17 - 3000.06 segundos
30: Ciclista 27 - 2550.66 segundos
31: Ciclista 36 - 1950.90 segundos
32: Ciclista 46 - 1501.14 segundos
33: Ciclista 47 - 1201.14 segundos
34: Ciclista 50 - 601.14 segundos

Ciclista 1 quebrou na volta 30 - 6150.00 segundos
Ciclista 2 quebrou na volta 12 - 3000.00 segundos
Ciclista 4 quebrou na volta 42 - 8400.00 segundos
Ciclista 7 quebrou na volta 18 - 3600.12 segundos
Ciclista 12 quebrou na volta 42 - 8400.24 segundos
Ciclista 18 quebrou na volta 6 - 1050.36 segundos
Ciclista 21 quebrou na volta 24 - 4800.48 segundos
Ciclista 23 quebrou na volta 24 - 4950.48 segundos
Ciclista 24 quebrou na volta 54 - 10350.48 segundos
Ciclista 25 quebrou na volta 6 - 1500.48 segundos
Ciclista 26 quebrou na volta 36 - 6750.60 segundos
Ciclista 29 quebrou na volta 36 - 7500.60 segundos
Ciclista 33 quebrou na volta 42 - 7950.72 segundos
Ciclista 35 quebrou na volta 36 - 7200.72 segundos
Ciclista 40 quebrou na volta 12 - 2100.84 segundos
Ciclista 45 quebrou na volta 6 - 1200.96 segundos
