Volta 1: 2 1 5 4 3 6 10 8 9 7 15 13 12 11 14 16 17 20 19 18 22 24 23 25 21 30 26 27 29 28 35 31 33 34 32 38 37 36 40 39 44 42 43 45 41 50 49 48 46 47 53 55 52 54 51 60 59 56 57 58 64 65 63 61 62 69 68 67 70 66 75 73 74 72 71 79 77 80 78 76 84 81 82 83 85 89 86 90 87 88 92 93 95 91 94 96 97 98 100 99
Volta 2: 4 3 2 1 5 7 9 8 14 15 13 12 16 20 17 18 19 24 25 23 21 28 30 27 26 35 33 34 31 38 40 37 43 44 41 45 42 46 47 50 49 48 51 54 53 55 56 58 57 60 64 63 61 65 67 68 70 66 75 72 71 74 77 78 76 79 83 84 86 88 87 90 89 94 93 91 99 96 100 97 6 10 11 22 29 32 36 39 52 59 62 69 73 80 81 82 85 95 92 98
Volta 3: 5 4 1 2 8 12 14 18 19 17 20 23 25 26 28 27 30 35 34 31 38 37 44 43 47 49 54 53 57 58 56 60 63 61 66 70 68 75 74 72 76 88 90 87 89 94 93 97 100 3 10 7 9 6 15 13 11 16 22 21 24 29 33 39 40 36 45 41 42 46 48 50 55 51 52 59 65 64 62 67 69 71 73 80 79 77 78 84 82 83 81 85 86 92 91 99 96 32 95
Volta 4: 1 5 8 14 18 19 20 25 23 30 26 35 38 37 44 43 49 54 57 60 61 63 68 70 75 76 87 90 94 2 3 4 10 9 7 15 11 13 12 16 17 21 24 22 27 28 31 34 39 40 41 48 47 46 51 55 53 52 58 56 59 64 66 67 74 72 73 71 79 78 80 85 83 81 86 88 89 93 92 91 99 96 97 100 6 29 33 36 45 42 50 62 65 69 77 82 84 95 32
Volta 5: 8 30 35 38 49 57 60 63 68 75 76 90 1 2 5 4 7 14 13 12 15 11 17 19 16 18 20 21 22 23 25 26 28 27 34 31 37 40 43 41 44 46 54 51 55 53 59 56 64 61 70 67 66 72 73 74 71 78 79 80 83 89 86 88 87 94 93 96 100 97 3 9 10 24 39 36 42 50 48 47 52 58 62 65 69 82 81 84 85 92 91 99 6 29 33 45 77 95
Volta 6: 49 68 4 2 5 1 8 15 14 19 20 18 17 25 21 23 28 30 35 31 40 38 37 43 41 44 46 51 54 53 57 59 60 64 63 70 75 79 76 83 87 88 89 90 94 96 100 3 10 9 7 13 12 11 16 22 27 26 34 36 39 48 47 50 55 56 58 61 62 65 69 67 66 72 74 73 80 78 81 82 86 91 92 93 97 29 33 45 42 52 77 84 85 99 6 95
Volta 7: 49 68 1 5 4 8 14 19 17 21 23 28 30 31 35 38 44 43 46 54 59 57 60 63 70 75 79 76 89 94 100 96 2 3 9 7 10 12 11 15 13 18 20 22 25 27 37 40 39 36 41 47 48 50 55 53 51 56 65 64 62 61 67 66 72 74 73 80 78 83 81 86 90 87 88 93 92 91 97 16 26 29 33 34 45 42 52 58 69 77 85 84 82 6 99
Volta 8: 49 5 4 8 19 17 21 28 30 35 38 44 43 46 54 59 57 60 63 68 75 76 79 89 94 96 100 3 1 9 10 12 14 15 11 20 18 23 22 25 31 36 39 37 41 47 48 50 55 51 56 64 65 61 67 70 73 80 78 83 88 86 87 90 91 2 7 13 16 27 26 40 45 42 53 58 62 69 66 74 72 84 82 81 85 93 92 97 6 29 33 34 52 77 99
Volta 9: 4 19 28 30 38 49 54 60 63 68 75 79 89 94 5 8 10 9 14 12 11 17 18 20 22 21 35 31 37 39 36 43 44 50 47 48 46 55 56 57 59 65 64 67 70 76 80 86 87 88 90 100 96 1 3 15 16 23 25 27 26 40 41 53 51 58 61 62 66 72 73 78 84 85 81 83 93 91 92 97 2 7 6 13 29 33 34 45 42 52 69 74 82 77
Volta 10: 4 19 30 49 54 63 89 94 5 10 8 11 14 17 21 22 28 31 35 37 39 38 43 44 48 46 55 57 59 60 70 68 75 79 80 76 86 90 87 88 96 1 3 9 15 12 18 20 25 23 27 36 40 41 47 50 51 53 56 65 61 64 66 67 73 72 83 91 93 100 97 2 7 13 16 29 26 33 42 45 58 62 69 74 78 85 84 81 92 6 34 52 82 77
Volta 11: 19 89 4 5 10 17 22 28 30 31 38 37 39 46 49 54 55 59 57 60 63 70 75 80 90 87 94 96 8 9 14 11 20 23 21 25 27 35 43 41 44 47 48 50 53 51 56 65 68 66 67 73 72 76 79 83 86 88 93 91 100 1 3 2 15 12 18 33 40 36 42 45 58 64 61 74 78 81 85 84 92 97 6 7 13 16 26 29 34 52 62 69 82
Volta 12: 19 89 22 30 37 38 46 49 55 59 63 87 94 96 4 5 10 8 9 11 14 25 28 35 39 43 44 48 47 53 60 57 65 68 70 67 66 75 72 83 88 90 91 93 2 1 15 18 20 23 27 33 40 45 42 50 51 56 58 61 64 74 73 76 85 86 97 100 3 6 12 16 29 36 62 78 82 84 81 92 34 52 69
Volta 13: 19 89 30 38 46 59 63 87 96 4 5 9 25 22 28 37 39 48 47 49 55 53 57 65 68 70 66 67 75 88 90 91 94 93 1 2 8 10 15 14 11 20 23 35 45 43 44 50 51 58 60 56 61 64 72 74 83 86 100 3 6 12 16 18 27 29 33 40 36 42 73 76 78 84 81 85 92 97 34 52 62 82
Volta 14: 19 38 63 89 87 9 25 22 30 37 39 48 46 49 55 53 59 57 65 70 67 75 88 90 94 91 93 96 2 5 4 15 11 14 28 35 44 45 50 47 58 66 68 72 74 83 3 1 10 8 6 12 18 20 23 29 33 36 40 42 43 51 56 60 61 64 73 78 76 84 85 86 100 16 27 34 62 81 92 97 52 82
Volta 15: 19 38 87 9 22 25 30 39 37 49 48 53 57 59 63 89 93 96 5 2 4 14 11 28 35 44 46 47 50 55 58 65 70 68 66 67 74 72 75 83 90 88 94 91 10 8 12 15 20 18 29 45 43 42 51 56 60 61 64 73 78 85 86 100 3 1 6 16 23 33 36 40 76 84 81 92 97 27 34 52 62
Volta 16: 19 9 25 22 38 37 48 53 57 63 89 87 96 4 2 30 28 39 49 47 46 55 59 65 67 68 75 83 90 88 93 91 94 5 8 11 14 15 20 18 29 35 44 43 42 50 58 56 60 64 66 70 72 74 78 86 100 1 3 6 10 12 23 33 36 40 45 51 61 73 85 81 92 16 27 34 52 76 84 97 62
Volta 17: 19 9 22 25 48 57 63 87 96 28 30 39 38 37 49 53 55 59 65 68 75 90 88 89 91 93 4 2 5 8 11 15 14 18 42 44 43 47 50 46 58 64 67 70 66 72 74 83 86 94 1 6 10 12 20 29 33 35 40 45 51 56 60 61 73 78 85 92 100 3 16 23 27 36 76 81 84 34 52 97
Volta 18: 19 9 48 96 25 22 30 28 37 38 49 53 55 57 63 75 88 87 89 91 4 8 11 18 39 44 43 50 47 59 64 65 68 66 67 74 83 90 86 94 93 1 5 2 10 6 15 14 20 29 35 33 45 42 46 60 58 61 70 72 85 92 100 3 12 23 27 36 40 51 56 73 78 84 16 52 76 81 97
Volta 19: 19 9 48 25 22 28 30 38 49 55 57 63 75 89 87 96 4 37 39 43 47 53 59 64 68 74 90 88 91 2 5 1 6 8 11 14 15 18 33 42 45 44 50 46 65 70 66 67 72 83 85 86 94 93 100 3 10 20 29 27 35 40 51 58 56 60 61 73 78 84 92 12 16 23 36 52 76 81
Volta 20: 19 9 25 30 28 49 48 57 87 89 96 22 38 39 55 63 64 68 74 75 88 91 5 4 2 1 8 6 18 33 37 43 45 44 47 46 50 53 59 65 66 72 83 90 86 93 100 3 10 15 14 11 20 27 29 35 40 42 51 60 67 70 73 84 85 94 92 12 23 36 52 56 58 61 78 76 16 81
Volta 21: 19 9 25 28 57 87 89 96 22 30 38 39 48 49 64 63 74 75 88 2 4 1 5 6 8 18 37 45 43 46 55 53 59 65 66 68 72 83 86 90 91 93 3 10 11 15 14 20 29 27 33 44 50 47 51 60 70 67 73 84 94 100 23 35 40 36 42 56 61 76 78 85 92 12 16 52 58
Volta 22: 19 28 57 96 9 22 25 48 74 89 87 5 1 30 39 38 49 55 64 63 66 68 75 72 86 88 93 91 3 2 4 6 10 8 14 15 18 27 29 37 43 45 44 46 50 53 51 59 60 65 67 73 83 84 90 100 11 20 33 35 40 36 42 47 56 70 76 78 85 94 12 16 23 58 61 92 52
Volta 23: 19 57 9 22 28 74 87 89 96 5 1 25 30 38 49 48 55 66 68 75 88 86 91 93 2 10 6 8 18 29 39 37 43 45 46 51 59 65 64 63 67 73 72 83 84 90 100 3 4 15 14 11 20 27 33 36 42 44 50 53 60 70 76 78 85 94 12 16 23 35 40 47 56 61 92 58
Volta 24: 9 28 57 74 87 96 30 38 48 55 66 68 75 86 89 93 5 8 10 39 45 43 49 51 65 64 63 73 72 88 90 91 100 2 4 3 6 18 20 29 27 37 36 44 46 50 53 59 60 67 70 76 85 84 11 12 14 35 33 40 47 56 61 78 94 16 23 92 58
Volta 25: 9 28 57 74 96 30 38 68 66 89 87 93 5 43 45 49 48 51 55 65 64 75 72 86 91 4 10 6 8 20 27 29 39 36 37 44 46 50 53 60 59 63 70 73 76 88 90 100 2 3 11 12 14 18 33 40 56 67 85 84 94 16 23 35 47 61 78 92
Volta 26: 9 28 57 96 30 68 66 74 87 89 93 5 38 43 45 49 51 65 72 75 86 4 6 8 10 20 36 39 37 44 50 48 46 55 53 59 60 63 64 73 76 90 88 91 100 2 3 14 29 27 40 56 70 84 85 11 12 18 23 33 47 61 67 78 94 16 35 92
Volta 27: 9 28 57 96 30 74 89 87 93 5 38 45 43 49 51 65 68 66 72 86 6 8 10 39 44 50 46 48 55 60 63 73 75 90 88 91 100 3 4 14 20 29 37 36 40 53 56 59 64 70 76 85 2 12 11 18 23 27 33 67 84 94 16 35 47 61 78
Volta 28: 9 28 57 96 30 89 43 45 49 51 66 68 74 86 87 93 5 6 8 10 38 39 48 65 63 73 75 72 88 90 100 4 20 37 36 44 46 50 53 55 56 60 59 64 70 85 91 3 14 18 23 29 27 40 67 76 84 94 2 12 11 33 61 78 16 35 47
Volta 29: 9 57 28 89 96 30 45 74 87 93 5 10 38 43 49 51 68 66 75 88 86 90 100 6 8 20 39 37 44 50 46 48 59 60 65 63 70 73 72 85 91 4 18 23 29 36 40 53 55 56 64 67 76 84 94 3 2 14 12 27 78 11 16 33 35 61
Volta 30: 9 57 28 96 45 89 93 5 10 30 49 51 68 66 74 75 87 90 86 6 8 38 37 39 48 60 63 70 73 72 85 91 100 4 20 18 40 36 44 50 46 53 55 56 59 64 67 76 84 2 3 12 14 23 29 27 94 11 35 33 78 16 61
Volta 31: 9 28 57 96 89 5 10 30 45 51 66 74 90 87 93 37 39 49 48 60 63 68 73 72 75 85 86 91 100 4 8 6 38 50 55 59 56 67 70 76 2 3 14 20 18 23 36 40 44 46 53 64 84 94 12 27 29 33 78 11 16 35
Volta 32: 9 28 57 96 89 5 30 45 66 93 10 37 49 48 51 60 63 68 73 74 75 85 90 86 87 100 4 6 8 38 39 55 56 67 70 72 91 3 2 14 20 23 40 36 44 50 46 53 59 64 76 84 94 12 18 27 29 33 78 35 11 16
Volta 33: 9 28 96 57 89 30 66 5 10 45 49 68 75 74 85 87 90 86 93 100 6 8 37 39 48 55 51 60 63 70 72 73 91 4 2 3 23 38 44 50 53 59 56 64 67 76 84 94 12 14 20 27 29 36 40 46 18 35 33 78 11
Volta 34: 9 96 28 89 57 5 30 45 66 68 74 85 90 87 93 10 8 37 39 49 48 55 51 70 73 75 86 91 100 3 2 4 6 38 44 53 59 56 60 63 72 84 94 20 23 29 40 50 64 67 76 12 14 27 36 46 78 18 33 35 11
Volta 35: 9 96 89 28 57 30 45 68 66 90 93 5 10 39 48 49 55 75 74 85 86 87 3 8 6 37 51 59 56 63 70 73 72 94 91 100 4 2 23 38 44 50 53 60 64 67 76 84 14 12 20 29 27 36 40 46 78 35 18 33
Volta 36: 96 89 57 30 28 45 66 39 48 55 68 74 75 85 87 86 90 93 3 8 10 6 37 49 59 56 63 70 72 73 94 91 2 4 23 50 53 51 60 67 76 100 12 20 29 40 38 44 46 64 78 84 14 27 35 36 18
Volta 37: 96 89 28 45 57 30 48 68 66 85 87 90 6 8 10 39 37 49 55 56 59 70 74 75 73 86 94 93 4 3 53 63 72 76 91 2 23 38 40 44 50 51 60 64 67 84 100 14 12 20 27 29 35 36 46 78
Volta 38: 89 96 57 30 28 45 68 66 85 90 87 10 39 37 49 48 55 59 75 73 86 93 4 6 8 56 63 70 74 76 94 91 2 3 23 40 44 53 51 60 67 72 100 12 20 27 29 35 38 46 50 64 78 84 14 36
Volta 39: 89 96 57 30 45 66 85 90 28 37 48 49 68 75 73 87 86 93 6 10 8 39 55 59 56 63 70 91 94 2 3 4 23 44 51 53 60 67 74 72 76 100 20 35 40 38 50 64 78 84 12 14 27 29 46
Volta 40: 89 96 30 45 57 90 37 66 68 73 75 85 86 87 6 28 39 49 48 55 59 93 94 2 4 10 8 23 44 53 51 56 60 63 67 70 74 72 76 91 100 3 35 40 38 50 84 12 20 27 29 46 64 78 14
Volta 41: 89 96 30 57 45 66 73 75 85 87 86 90 6 28 37 39 49 48 59 68 94 93 10 8 44 51 53 55 56 63 70 67 91 100 3 2 4 23 35 50 60 72 74 76 20 27 40 38 46 64 78 84 12 29
Volta 42: 89 30 96 57 73 85 86 90 28 45 49 59 68 66 75 87 94 6 8 39 44 48 55 53 51 56 63 93 100 4 2 10 23 35 50 60 70 67 76 91 3 20 27 38 40 46 74 72 78 12 29 64 84
Volta 43: 89 96 30 57 73 86 28 45 49 59 66 75 85 87 90 8 6 48 55 56 63 68 94 100 10 35 39 44 50 51 53 76 93 91 2 4 20 23 27 46 60 70 67 74 72 3 12 38 40 64 78 29
Volta 44: 89 96 86 30 49 59 57 66 73 85 6 28 45 55 56 63 68 75 90 87 94 100 8 39 48 50 53 91 93 2 4 10 20 35 44 51 60 67 70 74 72 76 3 23 27 40 38 46 64 78 12 29
Volta 45: 89 86 96 49 57 66 73 6 30 45 55 59 63 75 85 87 90 8 28 39 50 48 53 56 68 94 93 91 100 4 2 10 20 35 44 60 70 74 72 76 3 23 27 40 38 51 67 78 46 64 12
Volta 46: 89 86 66 73 96 30 45 49 55 59 57 85 87 90 6 8 28 39 50 48 56 63 68 75 93 91 94 100 4 2 10 20 35 53 74 76 3 23 27 44 51 60 67 70 72 38 40 46 78 12 64
Volta 47: 89 86 96 30 49 55 57 66 73 90 8 6 28 39 45 50 59 63 68 75 85 87 93 94 100 4 2 10 48 53 56 74 91 3 20 23 27 35 44 60 67 70 72 76 40 38 46 51 78 12
Volta 48: 30 66 73 96 8 28 39 45 49 50 55 59 63 75 85 87 90 94 100 4 2 6 10 68 74 91 93 27 35 48 53 56 67 70 72 76 3 20 23 40 38 44 51 60 46 78 12
Volta 49: 66 96 30 28 39 45 50 55 59 63 75 73 87 2 6 8 10 49 68 74 85 90 94 91 100 4 27 48 53 56 76 93 3 20 35 44 51 60 70 67 72 23 40 38 46 78
Volta 50: 96 28 30 39 45 55 59 63 66 73 2 6 8 49 50 68 75 85 90 87 94 100 4 10 53 56 74 76 91 93 3 20 27 35 48 51 60 67 70 72 23 38 40 44 46 78
Volta 51: 96 30 45 55 63 66 73 2 28 39 49 59 68 85 87 94 100 6 8 50 56 74 75 90 91 4 3 10 20 27 35 48 53 70 67 76 93 40 44 51 60 72 23 38 46
Volta 52: 45 66 73 96 2 28 30 55 59 63 85 6 8 39 49 56 68 75 87 90 91 94 100 4 3 10 20 35 50 53 74 93 27 48 60 70 67 72 76 40 44 51 23 38 46
Volta 53: 45 66 30 59 63 73 96 2 8 28 39 49 55 56 68 85 90 91 100 3 6 20 50 53 74 75 87 94 93 4 10 35 48 60 70 67 72 76 27 40 44 51 23 38
Volta 54: 45 66 63 73 96 2 28 39 49 55 59 68 85 90 91 100 3 6 8 20 50 53 56 75 93 94 4 35 48 60 67 70 87 44 51 72 76 23 38 40
Volta 55: 45 63 66 73 96 2 39 59 100 3 8 6 20 28 50 49 55 53 68 85 90 91 35 56 70 75 94 93 4 44 48 60 67 76 87 51 72 23 38
Volta 56: 45 63 66 73 96 2 20 28 39 49 53 55 59 85 100 3 8 6 50 56 70 68 75 90 94 91 93 35 44 60 67 76 87 4 48 51 72 23 38
Volta 57: 45 63 73 66 2 20 39 49 55 59 85 96 3 8 6 28 50 53 56 70 90 93 94 91 100 35 44 68 75 76 87 48 60 67 72 4 51 23
Volta 58: 45 63 66 73 2 20 39 55 59 96 8 6 28 49 50 56 70 85 90 94 93 100 3 35 44 53 68 75 76 91 60 67 72 87 4 48 51 23
Volta 59: 63 45 73 2 20 55 59 66 96 8 28 39 49 56 70 85 90 93 94 100 3 6 35 50 53 76 91 44 60 67 68 72 75 87 48 4 51
Volta 60: 45 63 73 55 66 96 2 8 20 28 39 49 56 59 85 90 94 6 35 50 70 76 91 93 100 3 53 75 87 44 60 68 72 4 48 51
Volta 61: 63 73 45 55 2 8 20 39 59 56 66 85 90 96 6 28 49 50 76 94 91 100 3 35 53 70 93 44 60 68 75 72 87 4 48
Volta 62: 63 73 45 8 20 55 59 56 85 96 2 28 39 49 50 66 76 90 94 91 3 6 53 70 93 100 35 44 68 75 72 87 4 48 60
Volta 63: 45 63 73 8 55 59 85 96 20 28 39 50 49 56 66 76 90 91 2 6 70 94 93 100 3 35 44 53 68 72 75 87 48 4
Volta 64: 63 73 8 45 59 85 96 20 28 55 56 76 90 2 6 39 50 49 66 70 94 91 93 44 53 68 75 87 100 3 35 48 72 4
Volta 65: 73 8 59 63 28 45 56 76 85 90 96 6 20 39 49 55 66 94 93 2 50 68 70 75 91 3 35 44 48 53 72 87 100
Volta 66: 8 59 63 73 45 85 96 6 20 39 56 66 76 90 94 93 2 49 50 55 68 70 91 44 53 75 100 3 35 48 72 87
Volta 67: 59 63 73 8 85 6 20 45 56 76 90 93 96 39 50 49 66 94 2 44 55 53 70 68 75 91 100 3 35 48 72
Volta 68: 63 73 8 59 85 6 20 45 56 96 49 66 76 90 94 93 2 39 44 50 53 55 70 68 75 100 35 48 91 3 72
Volta 69: 73 8 59 63 85 20 45 96 6 56 66 76 93 2 39 49 50 70 90 94 44 55 53 68 75 100 35 48 91 3
Volta 70: 73 8 59 63 85 20 45 96 6 56 66 76 39 50 49 70 90 93 94 2 44 53 68 75 35 48 55 91 100 3
Volta 71: 73 8 59 45 63 85 20 56 96 6 39 50 66 76 90 93 2 49 53 68 70 94 35 44 48 55 75 91 100
Volta 72: 73 59 85 20 45 63 96 6 39 50 56 66 93 2 49 53 70 94 35 44 48 55 68 75 100 91
Volta 73: 73 59 85 45 63 96 20 56 93 2 6 39 50 70 66 44 49 53 55 68 94 35 48 75 100
Volta 74: 73 59 45 63 85 96 20 56 93 2 6 39 50 66 49 55 53 68 70 94 35 44 48 75 100
Volta 75: 73 59 63 20 45 85 93 96 2 6 39 50 56 66 68 70 94 35 44 48 49 55 53 75
Volta 76: 73 59 63 20 45 85 96 2 39 50 56 66 93 6 70 68 94 49 48 53 35 44 55 75
Volta 77: 73 59 63 20 96 2 45 50 56 66 85 93 39 94 6 48 49 68 70 35 44 53 55
Volta 78: 73 59 63 20 2 45 50 56 66 85 93 96 39 49 68 70 94 6 48 53 44 55
Volta 79: 73 59 63 20 2 45 66 85 93 39 50 56 96 49 68 70 94 48 53 6 44
Volta 80: 59 63 73 20 2 45 50 56 66 85 93 96 39 68 70 94 49 53 6 48 44
Volta 81: 59 63 73 20 2 45 50 66 93 39 56 68 85 94 96 49 53 70 48 6
Volta 82: 59 63 73 20 2 45 39 50 66 85 93 96 49 56 68 94 53 70 6 48
Volta 83: 59 20 63 73 2 45 66 85 93 96 39 49 50 56 68 94 53 70 6
Volta 84: 59 20 63 73 2 45 85 39 49 68 50 53 56 70 6
Volta 85: 20 59 63 73 2 45 39 49 68 85 50 53 56 70
Volta 86: 63 20 59 73 2 39 45 68 85 49 53 50 56 70
Volta 87: 63 20 59 73 2 39 45 68 85 53 49 50 56
Volta 88: 63 59 73 2 20 39 68 85 45 53 50 49 56
Volta 89: 59 63 73 2 20 39 68 45 85 50 53 49
Volta 90: 63 2 20 59 73 39 68 45 85 50 53 49
Volta 91: 59 63 73 2 20 39 45 68 50 53 85
Volta 92: 73 2 39 59 63 20 45 50 68 85 53
Volta 93: 59 63 73 2 20 39 45 85 50 68
Volta 94: 59 73 2 20 39 45 63 85 50 68
Volta 95: 59 73 2 20 45 39 63 85 50
Volta 96: 59 73 20 2 63 39 85 50
Volta 97: 59 73 20 2 39 63 85
Volta 98: 59 73 20 2 39 63 85
Volta 99: 59 73 20 2 39 63
Volta 100: 59 73 20 2 63 39
Volta 101: 59 73 20 2 63
Volta 102: 59 20 2 63
Volta 103: 59 2 20
Volta 104: 59 2 20
Volta 105: 59 2
Volta 106: 59 2

Ranqueamento Final:
1: Ciclista 2 - 20450.06 segundos
2: Ciclista 20 - 20250.42 segundos
3: Ciclista 63 - 20101.50 segundos
4: Ciclista 59 - 20101.38 segundos
5: Ciclista 39 - 19800.90 segundos
6: Ciclista 85 - 19351.98 segundos
7: Ciclista 50 - 19051.14 segundos
8: Ciclista 68 - 18601.62 segundos
9: Ciclista 53 - 18301.26 segundos
10: Ciclista 49 - 18001.14 segundos
11: Ciclista 56 - 17701.38 segundos
12: Ciclista 70 - 17251.62 segundos
13: Ciclista 6 - 17100.18 segundos
14: Ciclista 48 - 16651.14 segundos
15: Ciclista 44 - 16351.02 segundos
16: Ciclista 55 - 16051.26 segundos
17: Ciclista 75 - 15601.74 segundos
18: Ciclista 100 - 15002.34 segundos
19: Ciclista 91 - 14702.22 segundos
20: Ciclista 3 - 14400.06 segundos
21: Ciclista 72 - 13951.74 segundos
22: Ciclista 87 - 13502.10 segundos
23: Ciclista 4 - 13200.06 segundos
24: Ciclista 60 - 12751.38 segundos
25: Ciclista 51 - 12451.26 segundos
26: Ciclista 23 - 12150.54 segundos
27: Ciclista 38 - 11700.90 segundos
28: Ciclista 40 - 11250.90 segundos
29: Ciclista 46 - 10951.14 segundos
30: Ciclista 78 - 10501.86 segundos
31: Ciclista 12 - 10200.30 segundos
32: Ciclista 64 - 9751.50 segundos
33: Ciclista 29 - 9300.66 segundos
34: Ciclista 84 - 8851.98 segundos
35: Ciclista 14 - 8550.30 segundos
36: Ciclista 36 - 8100.90 segundos
37: Ciclista 18 - 7800.78 segundos
38: Ciclista 11 - 7500.30 segundos
39: Ciclista 16 - 7050.42 segundos
40: Ciclista 61 - 6601.50 segundos
41: Ciclista 47 - 6151.14 segundos
42: Ciclista 92 - 5702.22 segundos
43: Ciclista 58 - 5401.38 segundos
44: Ciclista 52 - 4951.26 segundos
45: Ciclista 81 - 4501.98 segundos
46: Ciclista 97 - 4052.34 segundos
47: Ciclista 62 - 3751.50 segundos
48: Ciclista 82 - 3301.98 segundos
49: Ciclista 69 - 2851.62 segundos
50: Ciclista 77 - 2551.86 segundos
51: Ciclista 99 - 2102.34 segundos
52: Ciclista 95 - 1652.22 segundos
53: Ciclista 32 - 1200.78 segundos
54: Ciclista 98 - 602.34 segundos

Ciclista 1 quebrou na volta 24 - 4650.00 segundos
Ciclista 5 quebrou na volta 36 - 7050.00 segundos
Ciclista 7 quebrou na volta 12 - 2700.12 segundos
Ciclista 8 quebrou na volta 72 - 13800.12 segundos
Ciclista 9 quebrou na volta 36 - 6600.12 segundos
Ciclista 10 quebrou na volta 54 - 11100.12 segundos
Ciclista 13 quebrou na volta 12 - 2700.24 segundos
Ciclista 15 quebrou na volta 24 - 4950.24 segundos
Ciclista 17 quebrou na volta 12 - 2400.36 segundos
Ciclista 19 quebrou na volta 24 - 4050.36 segundos
Ciclista 21 quebrou na volta 12 - 2400.48 segundos
Ciclista 22 quebrou na volta 24 - 4500.48 segundos
Ciclista 24 quebrou na volta 6 - 1350.48 segundos
Ciclista 25 quebrou na volta 24 - 4800.48 segundos
Ciclista 26 quebrou na volta 12 - 2700.60 segundos
Ciclista 27 quebrou na volta 54 - 11100.60 segundos
Ciclista 28 quebrou na volta 66 - 12900.60 segundos
Ciclista 30 quebrou na volta 54 - 10500.60 segundos
Ciclista 31 quebrou na volta 12 - 2250.72 segundos
Ciclista 33 quebrou na volta 36 - 7800.72 segundos
Ciclista 34 quebrou na volta 18 - 4050.72 segundos
Ciclista 35 quebrou na volta 78 - 15750.72 segundos
Ciclista 37 quebrou na volta 42 - 8400.84 segundos
Ciclista 41 quebrou na volta 12 - 2550.96 segundos
Ciclista 42 quebrou na volta 24 - 4950.96 segundos
Ciclista 43 quebrou na volta 30 - 6000.96 segundos
Ciclista 45 quebrou na volta 96 - 18600.96 segundos
Ciclista 54 quebrou na volta 12 - 2251.20 segundos
Ciclista 57 quebrou na volta 48 - 9301.32 segundos
Ciclista 65 quebrou na volta 30 - 6151.44 segundos
Ciclista 66 quebrou na volta 84 - 16501.56 segundos
Ciclista 67 quebrou na volta 60 - 12151.56 segundos
Ciclista 71 quebrou na volta 6 - 1351.68 segundos
Ciclista 73 quebrou na volta 102 - 19501.68 segundos
Ciclista 74 quebrou na volta 54 - 10951.68 segundos
Ciclista 76 quebrou na volta 72 - 14251.80 segundos
Ciclista 79 quebrou na volta 12 - 2401.80 segundos
Ciclista 80 quebrou na volta 12 - 2401.80 segundos
Ciclista 83 quebrou na volta 24 - 4801.92 segundos
Ciclista 86 quebrou na volta 48 - 9002.04 segundos
Ciclista 88 quebrou na volta 30 - 5852.04 segundos
Ciclista 89 quebrou na volta 48 - 9002.04 segundos
Ciclista 90 quebrou na volta 72 - 14252.04 segundos
Ciclista 93 quebrou na volta 84 - 16652.16 segundos
Ciclista 94 quebrou na volta 84 - 16802.16 segundos
Ciclista 96 quebrou na volta 84 - 16652.28 segundos
