Volta 1: 3 4 1 2 5 9 10 6 8 7 14 13 15 12 11 19 16 20 18 17 24 23 21 22 25 26 30 29 27 28 32 34 31 33 35 37 38 39 40 36 43 42 45 44 41 50 47 48 49 46
Volta 2: 2 5 3 4 10 6 7 8 14 11 12 13 20 18 19 16 25 24 21 23 22 26 30 28 27 33 34 32 31 35 37 39 42 44 49 46 47 50 1 9 15 17 29 38 40 36 45 43 41 48
Volta 3: 4 5 10 8 6 12 19 16 18 21 25 22 27 26 30 35 33 37 44 46 49 47 2 3 1 7 9 14 15 11 13 20 17 24 23 29 28 32 34 31 38 40 36 39 45 43 42 41 50
Volta 4: 5 4 8 6 12 18 19 25 21 26 35 44 49 46 47 2 3 9 10 7 11 13 20 16 23 24 22 28 30 27 33 31 32 38 37 39 45 43 41 1 14 15 17 29 34 36 40 42 50
Volta 5: 4 5 6 12 18 25 21 35 44 46 49 2 3 8 9 10 13 11 16 19 23 24 22 26 27 28 30 31 33 32 38 37 39 41 45 43 47 1 7 14 15 20 29 34 36 40 42 17
Volta 6: 5 4 21 25 35 46 49 3 10 8 6 12 16 18 22 24 30 27 28 26 33 31 37 38 39 45 43 44 1 2 9 7 13 11 15 20 19 32 40 41 14 17 34 36 42
Volta 7: 35 49 5 4 3 10 6 12 24 22 21 25 26 27 30 33 31 38 37 45 44 46 1 7 8 13 11 18 16 20 19 28 39 41 43 2 9 14 15 32 40 36 17 34
Volta 8: 35 5 3 4 6 25 22 21 24 26 27 37 38 46 49 7 10 11 13 12 18 20 30 28 33 31 39 45 44 1 2 8 9 15 14 19 16 32 36 40 43 41 34 17
Volta 9: 4 3 6 24 21 22 26 35 37 38 49 46 5 10 12 13 11 18 25 28 27 30 31 44 45 1 2 7 9 14 19 20 32 33 40 36 39 43 8 15 16 34 41
Volta 10: 4 3 22 24 26 35 37 5 10 6 13 11 12 21 27 30 38 44 45 46 49 2 1 7 9 14 18 20 25 28 31 32 33 39 36 43 8 15 19 16 40 41 34
Volta 11: 3 24 22 35 5 4 6 10 12 21 26 27 38 37 45 44 46 49 2 9 7 13 11 18 20 25 28 30 31 43 1 15 14 16 32 33 40 36 39 8 19 41
Volta 12: 3 24 22 4 5 10 6 12 35 37 45 2 9 13 11 20 18 21 30 26 27 31 38 44 46 1 7 14 25 28 32 33 39 36 40 43 8 15 41 19
Volta 13: 22 24 3 6 10 12 35 45 2 5 4 9 13 18 21 26 30 31 37 44 46 1 7 11 20 25 28 27 33 32 40 38 36 14 39 41 43 8 15
Volta 14: 22 3 10 6 12 24 35 4 5 18 30 37 45 2 1 9 7 13 11 20 21 26 28 27 31 33 40 36 38 44 46 14 25 32 39 41 43 8 15
Volta 15: 22 3 6 10 12 24 35 4 5 18 45 1 9 7 11 13 20 21 27 26 30 31 36 40 37 44 2 25 28 33 38 43 46 8 14 32 39 41
Volta 16: 22 3 10 12 24 35 6 45 4 5 11 18 20 21 26 40 37 36 1 2 7 9 13 25 27 28 30 33 31 44 43 46 14 38 39 8 32 41
Volta 17: 22 3 12 24 10 6 35 5 4 11 18 21 40 36 45 1 7 13 20 25 27 26 28 30 31 33 37 43 44 46 2 9 14 39 38 8 32
Volta 18: 22 3 12 10 24 35 5 6 11 18 21 36 40 4 20 25 26 28 27 33 31 37 44 45 46 2 7 9 13 14 30 38 39 43 8 32
Volta 19: 22 3 10 12 24 35 5 6 21 4 11 20 18 28 26 33 36 40 45 44 46 2 9 7 13 25 30 27 31 37 39 38 43 8 14
Volta 20: 22 3 10 12 5 24 35 6 18 21 26 28 33 36 40 44 45 46 4 13 11 20 25 27 31 39 38 2 7 9 8 14 30 37 43
Volta 21: 3 10 22 5 12 24 35 6 18 21 28 26 36 40 44 45 11 20 31 33 46 4 8 9 7 14 13 25 30 27 38 39 2 37
Volta 22: 3 22 10 12 35 5 21 24 26 40 44 6 18 20 28 33 31 36 45 46 4 9 8 11 25 27 38 39 2 7 13 14 30 37
Volta 23: 22 3 10 12 5 24 26 35 40 44 20 18 21 33 36 45 46 4 8 6 11 25 27 28 31 38 9 7 14 13 30 39 2
Volta 24: 3 10 12 24 35 44 5 36 4 6 8 11 18 20 25 21 27 33 31 45 46 7 14 28 30 39 38 2 9
Volta 25: 3 10 12 35 44 5 24 36 4 8 20 18 21 33 31 46 6 11 25 27 28 38 39 45 2 7 14 30
Volta 26: 3 10 12 5 24 35 36 44 4 8 18 21 46 6 11 20 25 27 28 33 31 39 45 2 7 30 38 14
Volta 27: 10 12 3 5 24 35 36 44 18 21 46 4 8 11 28 27 33 31 39 45 2 6 7 20 25 30 38
Volta 28: 10 12 5 3 24 36 44 18 35 46 4 11 21 28 31 8 7 6 20 25 27 30 33 39 45 2 38
Volta 29: 10 3 12 24 44 5 18 35 36 46 4 21 28 8 6 11 27 31 33 39 45 2 7 20 25 30
Volta 30: 10 3 24 44 5 12 18 46 4 21 28 35 36 11 33 39 45 2 8 6 7 20 25 27 30 31
Volta 31: 10 3 24 5 12 18 44 28 35 36 46 4 11 21 33 39 6 8 20 25 30 27 45 2 7
Volta 32: 10 3 5 24 44 12 18 36 46 4 21 28 35 8 11 20 33 39 45 2 6 7 25 27 30
Volta 33: 10 5 3 24 44 12 18 36 46 4 21 28 35 8 20 33 39 6 11 25 45 2 7 27
Volta 34: 10 3 24 44 5 12 18 36 46 4 21 28 35 8 6 20 25 33 39 45 2 7 11 27
Volta 35: 10 3 44 5 24 46 4 12 18 21 36 8 28 35 6 20 33 39 45 11 25 2 7
Volta 36: 10 3 44 5 4 12 21 36 46 28 35 8 20 33 25 39 45 7 11
Volta 37: 10 3 44 5 21 46 4 12 28 35 36 8 20 33 25 45 7 39
Volta 38: 3 10 44 5 46 12 21 28 35 36 4 8 20 33 45 7 25 39
Volta 39: 10 3 44 46 5 12 21 4 28 35 36 8 20 33 25 45 7
Volta 40: 10 3 44 46 12 4 5 21 28 35 8 36 20 33 45 7 25
Volta 41: 10 3 44 46 12 4 5 21 28 35 36 8 20 45 7 33
Volta 42: 10 3 44 46 12 5 21 28 4 35 36 20 7 8 33 45
Volta 43: 10 3 12 44 46 21 4 5 28 35 36 8 20 33 7
Volta 44: 10 44 46 3 12 4 5 21 28 35 36 8 20 33 7
Volta 45: 10 44 3 12 46 21 28 35 36 5 4 8 33 20
Volta 46: 10 44 46 3 12 21 28 35 36 5 4 8 33 20
Volta 47: 10 44 12 35 36 46 5 3 4 21 28 8 33
Volta 48: 10 44 12 35 36 46 5 4 21 3 8 28
Volta 49: 10 44 12 35 46 4 21 36 3 5 28
Volta 50: 10 44 12 46 21 35 36 3 5 4 8
Volta 51: 10 44 12 35 36 46 4 3 5 21
Volta 52: 10 44 12 35 46 4 21 36 5 3
Volta 53: 10 44 12 46 4 35 36 5 21
Volta 54: 10 44 12 46 4 35 36 5 21
Volta 55: 10 44 46 12 4 35 36 5
Volta 56: 10 44 46 12 4 35 36 5
Volta 57: 10 44 46 12 4 35 36
Volta 58: 10 44 46 4 12 35 36
Volta 59: 10 44 46 4 12 35
Volta 60: 10 44 46 4 12 35
Volta 61: 10 44 46 4 12
Volta 62: 10 44 46 4 12
Volta 63: 10 44 46 4
Volta 64: 44 10 4 46
Volta 65: 44 10 4
Volta 66: 44 10 4
Volta 67: 44 10
Volta 68: 44 10

Ranqueamento Final:
1: Ciclista 10 - 6450.18 segundos
2: Ciclista 44 - 6376.02 segundos
3: Ciclista 4 - 6375.06 segundos
4: Ciclista 46 - 6151.14 segundos
5: Ciclista 12 - 6075.30 segundos
6: Ciclista 35 - 5850.78 segundos
7: Ciclista 36 - 5625.90 segundos
8: Ciclista 5 - 5550.06 segundos
9: Ciclista 21 - 5325.54 segundos
10: Ciclista 3 - 5100.06 segundos
11: Ciclista 8 - 4950.18 segundos
12: Ciclista 28 - 4800.78 segundos
13: Ciclista 20 - 4725.42 segundos
14: Ciclista 7 - 4575.18 segundos
15: Ciclista 45 - 4276.02 segundos
16: Ciclista 25 - 4125.54 segundos
17: Ciclista 39 - 3900.90 segundos
18: Ciclista 11 - 3750.30 segundos
19: Ciclista 27 - 3525.66 segundos
20: Ciclista 30 - 3300.66 segundos
21: Ciclista 31 - 3075.78 segundos
22: Ciclista 38 - 2925.90 segundos
23: Ciclista 14 - 2775.30 segundos
24: Ciclista 9 - 2550.30 segundos
25: Ciclista 37 - 2325.90 segundos
26: Ciclista 43 - 2101.02 segundos
27: Ciclista 32 - 1950.78 segundos
28: Ciclista 41 - 1801.02 segundos
29: Ciclista 15 - 1575.30 segundos
30: Ciclista 19 - 1425.42 segundos
31: Ciclista 34 - 1200.78 segundos
32: Ciclista 17 - 1050.42 segundos
33: Ciclista 42 - 751.02 segundos
34: Ciclista 50 - 526.14 segundos
35: Ciclista 48 - 301.14 segundos

Ciclista 1 quebrou na volta 18 - 1875.00 segundos
Ciclista 2 quebrou na volta 36 - 3750.00 segundos
Ciclista 6 quebrou na volta 36 - 3600.12 segundos
Ciclista 13 quebrou na volta 24 - 2550.24 segundos
Ciclista 16 quebrou na volta 12 - 1275.36 segundos
Ciclista 18 quebrou na volta 36 - 3450.36 segundos
Ciclista 22 quebrou na volta 24 - 2175.48 segundos
Ciclista 23 quebrou na volta 6 - 675.48 segundos
Ciclista 24 quebrou na volta 36 - 3375.48 segundos
Ciclista 26 quebrou na volta 24 - 2325.60 segundos
Ciclista 29 quebrou na volta 6 - 675.60 segundos
Ciclista 33 quebrou na volta 48 - 4800.72 segundos
Ciclista 40 quebrou na volta 24 - 2325.84 segundos
Ciclista 47 quebrou na volta 6 - 601.08 segundos
Ciclista 49 quebrou na volta 12 - 1126.08 segundos
