Volta 1: 2 4 5 3 1 8 6 7 10 9 12 15 14 11 13 20 18 16 17 19 23 21 24 25 22 28 29 26 27 30 31 33 34 35 32 40 39 37 38 36 43 45 44 42 41 50 46 49 48 47
Volta 2: 4 5 2 9 8 7 10 6 13 12 14 11 15 17 19 18 20 25 23 26 29 27 28 30 33 32 35 31 34 38 37 36 45 41 42 43 44 50 3 1 16 24 22 21 39 40 48 47 46 49
Volta 3: 2 5 4 10 8 7 9 12 15 14 11 20 17 19 18 23 25 28 30 35 33 32 34 36 38 44 43 45 3 1 6 13 24 22 29 26 27 31 40 37 42 41 46 48 50 16 21 39 47
Volta 4: 4 5 2 7 10 9 14 11 12 20 17 19 18 30 28 34 35 32 36 38 43 45 44 8 6 15 25 23 29 27 33 40 48 46 50 1 3 13 16 21 22 24 26 31 37 39 42 41 47
Volta 5: 5 2 4 9 7 14 18 17 19 28 32 38 45 44 10 6 8 15 12 11 20 25 30 29 27 33 34 35 36 40 43 46 50 1 3 13 16 21 23 22 24 26 31 37 39 41 48 42
Volta 6: 5 2 7 14 19 18 28 32 38 44 45 4 9 11 12 15 25 30 27 29 33 34 40 43 50 3 8 6 13 16 20 24 21 23 31 35 37 36 46 48 1 22 39 41 42
Volta 7: 5 14 19 18 28 38 45 4 2 9 7 11 12 15 25 30 29 32 33 44 50 6 20 23 21 24 27 34 35 40 37 43 48 46 3 1 8 13 16 22 31 36 39 41
Volta 8: 14 28 38 45 5 2 4 7 11 12 18 19 25 29 33 50 9 6 15 21 30 32 35 34 37 40 44 43 48 3 8 13 20 16 23 22 24 27 31 39 46 1 36 41
Volta 9: 14 28 45 4 2 7 11 18 29 33 38 50 5 9 15 12 19 25 30 34 32 40 37 43 3 8 6 13 22 23 21 24 27 31 35 44 46 48 1 16 20 39 36
Volta 10: 14 28 45 2 18 29 38 50 4 9 7 15 11 12 19 25 32 33 40 5 8 6 21 24 23 30 34 31 37 44 43 48 46 3 13 16 22 27 35 39 1 20 36
Volta 11: 28 45 14 18 38 2 7 9 11 15 12 25 29 33 40 50 5 4 6 19 30 32 34 37 44 48 8 13 16 23 22 24 21 27 35 31 39 43 46 3 1 20
Volta 12: 45 14 28 38 2 7 12 15 11 18 29 33 50 5 4 6 19 25 30 34 32 40 37 8 16 21 22 27 31 35 43 44 46 48 1 3 13 39 20
Volta 13: 45 28 2 11 14 15 33 38 7 12 19 18 25 30 29 32 37 40 50 4 5 8 6 16 21 27 34 43 44 48 3 1 13 22 31 35 39 46
Volta 14: 45 28 2 15 11 14 33 7 12 18 25 29 38 5 6 19 21 27 30 34 32 37 40 50 4 3 1 8 16 22 35 31 43 44 48 46 13 39
Volta 15: 45 11 15 14 28 33 2 7 12 18 25 29 38 30 27 40 37 50 5 4 1 6 19 16 21 32 31 35 34 44 43 46 48 3 8 13 22
Volta 16: 45 11 28 33 2 7 12 14 15 18 25 30 29 27 38 40 6 19 21 34 31 35 37 43 46 50 4 1 5 3 8 13 16 22 32 44 48
Volta 17: 45 11 2 14 12 15 28 33 7 18 25 27 29 6 19 30 35 38 40 43 50 1 3 4 13 16 21 22 34 31 32 37 44 46 5 8
Volta 18: 45 2 12 15 11 7 14 18 25 28 33 19 27 29 35 40 50 4 6 13 16 22 21 30 34 37 43 46 3 5 1 8 32
Volta 19: 45 15 12 11 2 7 14 25 28 33 18 27 35 40 6 13 16 19 29 30 43 50 46 3 4 5 21 22 34 37 1 8
Volta 20: 45 12 15 2 11 25 33 7 14 18 27 28 35 40 6 19 30 50 5 4 13 16 21 29 34 43 46 1 3 8 22 37
Volta 21: 45 12 15 2 11 25 33 7 14 18 28 6 19 27 35 40 50 5 16 21 30 34 43 46 4 1 8 13 22 29 3
Volta 22: 45 12 11 15 2 7 14 25 33 19 18 28 35 40 5 6 16 21 30 27 43 50 46 1 4 8 13 22 29 34 3
Volta 23: 45 15 12 2 11 14 25 33 7 19 28 5 6 18 16 27 30 35 40 43 50 46 1 8 21 22 29 4 13 34
Volta 24: 45 15 12 11 14 25 33 2 7 28 5 6 18 30 27 40 43 50 1 8 16 21 29 35 46 4 13 22 34
Volta 25: 45 15 12 25 33 2 14 11 5 7 18 30 27 28 50 1 6 16 21 35 40 43 46 8 29 4 13 22
Volta 26: 15 45 12 25 2 11 33 5 7 14 28 1 6 16 18 27 30 35 40 43 46 50 8 21 29 13 22 4
Volta 27: 15 12 25 45 2 33 7 11 28 1 5 6 14 18 16 27 35 40 46 21 30 43 50 8 13 29 22
Volta 28: 15 12 45 2 25 33 28 1 5 6 7 11 16 18 27 40 14 21 35 43 50 46 8 30 29 13 22
Volta 29: 15 12 25 45 2 33 1 7 6 16 28 40 5 11 14 18 21 27 35 43 50 30 46 8 29 13
Volta 30: 12 25 45 2 1 6 7 28 33 40 5 11 18 16 43 50 27 30 35 46 29 8 13
Volta 31: 12 25 45 2 1 7 33 40 6 11 28 5 18 16 35 43 46 50 30 27 8 29
Volta 32: 12 25 45 2 1 7 33 6 11 40 16 18 28 35 43 50 46 5 30 27 8 29
Volta 33: 12 25 45 1 2 7 33 6 40 11 28 35 50 18 16 43 46 5 8 30 27
Volta 34: 12 25 2 7 33 45 1 40 6 35 11 16 18 28 50 46 5 8 27 30 43
Volta 35: 12 25 2 1 7 33 45 35 40 6 11 16 18 28 50 46 5 8 27 30
Volta 36: 12 25 2 1 7 33 45 35 40 11 18 46 5 8 6 16 28 50 30 27
Volta 37: 12 25 2 7 1 35 33 45 11 18 40 46 8 16 28 50 5 6 30
Volta 38: 12 25 2 1 7 35 33 45 11 18 40 46 8 16 28 50 5 6 30
Volta 39: 12 25 2 1 7 35 33 45 11 18 16 28 40 46 8 50 5 6
Volta 40: 12 25 1 2 7 33 11 18 35 45 40 46 8 16 28 50 5 6
Volta 41: 12 25 2 7 33 1 11 18 35 45 46 8 16 28 40 5 50
Volta 42: 12 25 33 2 1 7 35 45 11 18 16 40 5 8 28 50
Volta 43: 12 25 2 7 33 45 1 11 18 35 16 40 5 8 28
Volta 44: 12 25 33 1 2 7 18 35 45 11 8 16 28 40 5
Volta 45: 12 25 33 1 2 18 35 45 7 11 16 28 40 8
Volta 46: 25 12 33 2 1 7 11 18 35 45 16 40 8 28
Volta 47: 12 25 33 2 7 18 35 45 1 11 16 40 8
Volta 48: 25 33 12 7 35 45 2 1 11 18 16 40 8
Volta 49: 25 33 12 35 2 1 7 18 45 11 16 40
Volta 50: 25 33 12 2 1 35 7 11 16 18 45 40
Volta 51: 25 33 12 1 35 2 7 11 16 18 45
Volta 52: 33 25 12 35 1 2 7 16 11 18 45
Volta 53: 25 33 12 35 1 2 7 11 16 18
Volta 54: 33 12 25 1 2 7 35 11 16 18
Volta 55: 33 12 25 1 2 7 11 35 16
Volta 56: 12 25 33 1 7 2 35 11 16
Volta 57: 12 25 33 1 7 35 2 11
Volta 58: 12 25 33 1 7 35 2 11
Volta 59: 25 33 12 1 7 35 2
Volta 60: 25 33 1 7 35 2
Volta 61: 25 33 1 7 35
Volta 62: 25 33 1 7 35
Volta 63: 25 33 7 1
Volta 64: 25 33 7 1
Volta 65: 25 33 7
Volta 66: 25 7 33
Volta 67: 25 7
Volta 68: 25 7

Ranqueamento Final:
1: Ciclista 7 - 12900.18 segundos
2: Ciclista 25 - 12750.54 segundos
3: Ciclista 33 - 12450.78 segundos
4: Ciclista 1 - 12450.06 segundos
5: Ciclista 35 - 12150.78 segundos
6: Ciclista 2 - 11850.06 segundos
7: Ciclista 11 - 11400.30 segundos
8: Ciclista 16 - 11100.42 segundos
9: Ciclista 18 - 10800.42 segundos
10: Ciclista 45 - 10351.02 segundos
11: Ciclista 40 - 10050.90 segundos
12: Ciclista 8 - 9750.18 segundos
13: Ciclista 28 - 9300.66 segundos
14: Ciclista 5 - 9000.06 segundos
15: Ciclista 50 - 8551.14 segundos
16: Ciclista 6 - 8250.18 segundos
17: Ciclista 30 - 7950.66 segundos
18: Ciclista 27 - 7500.66 segundos
19: Ciclista 43 - 7051.02 segundos
20: Ciclista 29 - 6750.66 segundos
21: Ciclista 13 - 6450.30 segundos
22: Ciclista 22 - 6000.54 segundos
23: Ciclista 4 - 5700.06 segundos
24: Ciclista 34 - 5100.78 segundos
25: Ciclista 3 - 4800.06 segundos
26: Ciclista 37 - 4350.90 segundos
27: Ciclista 32 - 3900.78 segundos
28: Ciclista 48 - 3451.14 segundos
29: Ciclista 39 - 3150.90 segundos
30: Ciclista 20 - 2850.42 segundos
31: Ciclista 36 - 2400.90 segundos
32: Ciclista 41 - 1951.02 segundos
33: Ciclista 42 - 1651.02 segundos
34: Ciclista 47 - 1051.14 segundos
35: Ciclista 49 - 601.14 segundos

Ciclista 9 quebrou na volta 12 - 2250.12 segundos
Ciclista 10 quebrou na volta 6 - 1200.12 segundos
Ciclista 12 quebrou na volta 60 - 11250.24 segundos
Ciclista 14 quebrou na volta 30 - 6000.24 segundos
Ciclista 15 quebrou na volta 30 - 5250.24 segundos
Ciclista 17 quebrou na volta 6 - 1050.36 segundos
Ciclista 19 quebrou na volta 24 - 4800.36 segundos
Ciclista 21 quebrou na volta 30 - 6150.48 segundos
Ciclista 23 quebrou na volta 12 - 2550.48 segundos
Ciclista 24 quebrou na volta 12 - 2550.48 segundos
Ciclista 26 quebrou na volta 6 - 1350.60 segundos
Ciclista 31 quebrou na volta 18 - 3750.72 segundos
Ciclista 38 quebrou na volta 18 - 3600.84 segundos
Ciclista 44 quebrou na volta 18 - 3750.96 segundos
Ciclista 46 quebrou na volta 42 - 8251.08 segundos
