Volta 1: 2 3 4 5 1 8 6 7 10 9 15 12 11 14 13 17 18 19 20 16 22 21 25 23 24 26 30 28 27 29 33 35 34 31 32 40 36 39 38 37 41 45 42 44 43 47 49 48 46 50 51 52 53 54 55 57 58 56 60 59 62 61 63 65 64 67 68 70 69 66 75 73 74 71 72 80 76 77 78 79 83 82 84 81 85 90 89 87 88 86 94 92 93 95 91 98 99 97 96 100
Volta 2: 3 1 4 5 8 9 7 10 15 11 20 16 17 18 19 22 23 28 27 26 30 32 33 31 35 37 39 40 45 44 42 41 46 50 48 49 47 53 52 54 51 55 57 56 59 60 62 64 63 61 65 67 70 66 68 73 72 71 77 80 78 85 82 84 81 88 92 94 93 95 91 98 97 96 100 99 2 6 14 13 12 25 21 24 29 34 38 36 43 58 69 75 74 79 76 83 86 90 89 87
Volta 3: 3 4 9 7 10 8 15 20 18 19 22 28 30 31 37 39 45 41 49 53 52 51 60 56 57 63 61 66 67 72 77 80 85 81 84 88 94 92 95 93 99 96 97 100 1 5 11 13 12 17 16 23 25 21 24 27 26 35 32 33 34 38 40 36 42 44 43 47 46 48 50 55 54 58 59 65 64 62 70 68 73 71 79 76 78 83 82 90 86 91 98 2 6 14 29 69 75 74 89
Volta 4: 7 8 20 19 22 30 28 37 45 60 57 61 67 72 77 84 85 81 88 92 95 93 97 100 3 1 4 5 10 9 13 11 15 12 18 16 21 24 25 23 26 27 33 35 34 31 40 39 44 43 41 42 48 49 50 54 52 53 55 51 56 59 63 64 65 62 66 70 73 71 76 78 80 82 90 86 91 94 96 99 2 6 17 32 38 36 46 47 58 69 68 75 79 83 89 98 14 29 74
Volta 5: 8 7 20 22 30 37 45 60 77 84 81 95 100 1 3 9 10 11 12 15 18 19 25 24 28 31 34 39 44 43 49 48 51 54 55 53 52 57 56 61 62 64 63 67 70 66 73 72 80 82 85 88 93 94 92 99 97 4 2 5 13 17 16 21 23 27 26 32 33 35 36 40 38 42 41 50 46 59 58 65 68 69 75 71 76 78 79 83 86 90 91 98 96 6 47 89 14 29
Volta 6: 8 20 37 77 95 100 1 3 7 10 15 22 28 34 31 39 43 45 44 49 48 54 51 55 56 60 64 61 63 67 73 72 82 81 85 84 88 93 92 99 5 4 9 11 12 19 18 23 24 21 26 27 32 33 36 40 38 41 42 46 50 52 57 59 62 65 66 69 70 80 76 78 79 86 91 94 96 98 97 2 16 35 47 68 75 71 83 90 89 6 14
Volta 7: 8 20 37 1 7 22 28 34 45 48 51 56 60 64 63 67 77 85 84 81 82 88 95 93 100 99 5 3 10 9 12 11 15 19 23 24 27 26 33 31 40 39 36 38 42 44 43 46 49 50 55 54 52 57 59 62 61 66 70 72 73 80 79 78 76 86 92 94 98 2 4 16 18 21 35 32 41 47 65 69 68 75 71 83 89 91 97 96 6 90
Volta 8: 20 37 1 7 8 22 28 48 51 64 67 81 84 93 99 100 3 9 19 23 24 26 27 34 31 36 45 44 43 49 46 50 55 54 57 60 56 59 62 63 66 70 73 72 79 76 77 80 78 82 85 86 88 92 94 95 98 4 2 5 10 11 12 15 18 16 33 35 32 40 38 39 42 41 52 61 65 69 68 75 83 91 97 96 6 21 47 71 90 89
Volta 9: 20 8 37 64 81 84 93 100 1 3 7 23 22 24 26 28 27 31 34 36 45 48 51 54 60 56 62 66 67 72 73 77 76 78 82 85 88 92 94 99 98 5 2 9 10 15 18 16 19 35 33 39 40 38 41 44 43 42 49 50 46 55 52 59 57 65 63 61 70 68 79 80 83 86 95 97 96 4 11 12 21 32 47 69 71 75 90 91 6
Volta 10: 20 8 81 84 7 22 23 27 26 28 36 37 48 51 60 64 67 66 77 78 82 85 92 93 100 3 5 1 10 9 15 16 19 18 24 34 35 31 38 45 43 44 46 50 49 54 55 52 59 57 56 62 61 63 68 70 73 72 76 80 79 83 88 86 94 95 99 98 96 97 4 2 11 12 21 33 40 39 41 42 47 65 69 71 91 6 32 75 90
Volta 11: 20 8 81 84 37 51 67 78 92 100 3 1 5 7 15 19 16 23 22 28 27 26 31 35 34 36 43 48 50 55 54 57 60 56 61 62 64 66 68 72 76 77 80 82 85 88 86 95 93 99 96 4 2 9 10 12 18 24 21 33 40 38 39 44 42 41 45 47 46 49 52 59 65 63 70 73 71 79 83 94 91 97 98 6 11 69 75 32
Volta 12: 67 78 84 92 3 1 5 7 16 23 22 26 28 48 50 51 56 60 61 62 64 68 66 77 82 85 88 93 95 99 96 4 2 10 9 15 19 21 24 27 33 31 34 39 40 45 42 44 41 43 47 46 49 54 55 52 57 59 63 70 72 73 79 80 76 86 91 94 97 6 11 12 18 38 65 71 75 83 98 32 69
Volta 13: 84 92 3 1 5 16 22 28 26 48 51 60 64 61 62 68 66 67 78 77 85 82 88 93 99 9 10 7 15 19 23 21 27 34 31 39 45 43 41 44 46 50 49 54 59 56 57 63 70 72 76 79 86 91 95 96 97 4 2 11 12 18 24 33 38 40 42 47 55 52 65 75 71 73 80 83 94 98 6 32
Volta 14: 84 92 5 22 28 48 60 62 64 68 78 93 99 3 1 10 9 15 16 23 21 26 31 43 41 45 46 50 51 54 56 57 63 61 70 66 67 72 77 85 82 86 88 95 96 2 4 7 12 19 24 27 33 34 39 44 42 49 47 52 59 75 73 71 80 79 76 91 94 97 98 11 18 32 40 38 55 65 83 6
Volta 15: 84 5 22 60 62 68 92 93 99 3 1 10 9 15 16 21 28 43 41 50 46 48 54 51 63 61 64 70 67 66 78 85 86 88 95 96 4 7 19 23 24 27 26 33 31 34 39 45 44 47 49 56 57 75 73 72 79 76 77 80 82 98 2 11 12 18 32 38 42 52 55 59 65 71 83 94 91 97 40
Volta 16: 5 22 60 62 84 99 1 10 9 15 16 21 28 41 50 48 54 63 68 67 66 70 85 86 88 93 95 92 96 3 7 19 24 27 26 34 39 43 45 46 49 51 57 56 64 61 72 76 78 80 79 82 98 4 2 11 12 18 23 32 31 33 44 42 47 59 65 75 73 71 77 94 91 97 40 38 55 52 83
Volta 17: 22 62 84 5 1 9 10 16 41 48 50 54 60 67 68 66 88 86 92 93 96 99 15 19 21 27 28 26 43 45 46 49 57 61 63 64 70 76 79 78 82 85 95 3 7 12 11 18 24 23 34 33 31 32 39 42 44 47 51 56 59 65 73 71 72 80 77 91 98 4 2 40 52 75 94 97 38 55
Volta 18: 22 62 84 10 16 41 54 60 67 66 88 92 93 99 96 1 5 9 19 26 28 43 45 50 48 46 57 61 63 70 68 78 85 86 95 12 15 11 23 21 27 34 32 39 42 44 49 51 56 64 65 73 72 80 79 76 82 3 4 7 18 24 33 31 47 52 71 94 91 97 98 2 40 55 75 38
Volta 19: 84 10 16 22 41 54 60 62 67 66 93 96 1 5 9 19 26 28 50 46 57 70 78 85 88 86 92 99 11 23 21 27 32 34 39 43 45 42 48 49 63 61 64 68 73 72 76 79 82 95 3 7 15 12 24 31 44 47 51 52 56 65 71 80 97 98 4 18 33 40 94 91 2 55 75
Volta 20: 84 10 16 22 41 54 60 62 67 66 96 1 5 9 19 28 46 57 70 78 85 88 86 93 92 99 11 23 21 27 26 42 45 48 49 50 64 68 72 73 79 76 95 3 7 12 15 24 34 32 39 43 44 47 52 56 61 63 71 80 82 97 98 4 18 31 33 40 51 65 94 91 2 55 75
Volta 21: 84 10 16 54 67 5 19 22 28 41 46 60 62 66 70 78 88 86 92 93 99 96 1 9 11 23 21 49 48 57 64 72 79 85 3 12 26 27 32 34 39 43 44 42 45 50 52 61 68 73 80 76 82 95 97 98 4 7 15 18 24 31 33 47 51 56 63 65 71 94 91 2 40 55
Volta 22: 84 16 5 10 19 22 28 41 46 54 60 62 67 70 78 86 92 96 1 9 11 21 57 64 66 88 93 99 12 23 26 34 39 43 42 44 50 48 49 61 68 72 79 76 85 95 98 3 7 15 18 27 32 31 45 47 52 56 63 73 71 80 82 91 97 2 4 24 33 51 55 65 94 40
Volta 23: 84 16 5 10 19 28 41 54 60 62 67 70 78 86 92 96 11 22 46 57 64 88 93 99 1 9 12 23 21 26 34 39 44 43 49 48 50 68 66 72 76 79 95 3 7 15 18 27 31 32 45 42 47 52 61 63 73 80 85 97 98 2 24 33 55 56 65 71 82 94 91 4 51
Volta 24: 84 16 5 19 54 60 62 70 78 86 10 22 28 41 46 57 64 67 93 96 99 9 11 21 43 44 50 48 49 72 76 88 95 1 18 23 26 27 32 34 31 39 42 45 47 61 66 68 73 80 79 85 98 3 7 33 55 52 56 65 63 71 91 97 4 24 51 82 94
Volta 25: 16 84 54 60 70 5 10 19 28 41 46 57 62 67 78 86 93 96 99 9 11 21 22 43 48 50 64 72 76 88 1 18 23 27 31 39 45 44 47 49 66 73 80 79 85 95 98 3 7 26 32 34 33 42 55 52 56 61 68 71 97 4 24 63 65 82 91 51
Volta 26: 16 84 70 5 10 28 41 54 60 57 62 67 86 93 99 96 19 21 22 48 46 50 64 72 78 76 88 9 11 18 23 27 39 44 45 43 49 47 73 79 85 95 98 1 3 7 31 33 34 42 55 52 56 61 66 80 4 24 26 32 65 63 68 71 82 91 97 51
Volta 27: 16 84 5 60 62 70 10 21 28 41 48 54 57 64 67 72 76 78 86 93 96 99 11 19 18 22 39 44 43 46 47 50 73 88 95 1 3 9 7 23 27 31 33 34 42 45 49 55 56 61 79 80 85 98 4 26 32 52 65 66 68 71 91 24 63 82 97
Volta 28: 16 84 70 5 28 41 48 54 60 57 64 62 76 78 86 93 96 99 10 11 19 22 21 39 44 46 47 67 73 72 9 7 18 23 27 31 34 33 42 43 45 49 50 55 56 61 79 80 85 88 95 98 4 1 3 26 32 52 65 66 68 71 24 63 82 91 97
Volta 29: 16 84 5 28 48 54 60 57 64 62 70 78 76 86 93 99 96 10 11 19 21 22 39 41 44 46 67 72 7 18 42 43 45 50 47 49 73 79 88 98 3 9 23 27 31 33 32 34 52 55 56 61 65 68 71 80 85 95 1 4 26 63 66 82 91 24
Volta 30: 84 16 28 57 60 64 76 78 99 96 5 10 11 21 22 41 46 48 62 70 72 86 93 19 18 43 45 44 42 47 67 73 88 98 3 7 23 32 33 31 49 55 56 61 68 71 80 85 4 1 9 26 34 52 63 65 66 82 91 24
Volta 31: 84 16 28 60 64 78 76 96 5 21 41 48 57 62 70 72 86 99 10 11 19 22 43 42 46 67 73 88 93 98 3 7 18 23 31 32 45 44 49 47 55 56 61 68 85 4 9 26 33 34 52 65 66 71 80 82 1 63 91
Volta 32: 84 16 28 60 64 78 5 21 48 57 72 76 99 96 10 11 19 22 43 41 46 62 70 86 88 23 32 31 42 44 47 49 56 67 73 93 98 3 4 7 18 26 33 45 55 52 61 65 68 66 71 85 82 1 9 34 63 80 91
Volta 33: 28 60 64 78 84 16 21 76 99 96 5 10 19 41 43 48 57 70 72 88 86 11 23 22 31 47 46 62 67 73 93 98 4 7 18 26 32 45 44 42 49 56 61 68 71 82 85 3 1 9 34 33 55 52 63 65 66 80
Volta 34: 28 60 64 84 16 21 78 76 99 96 5 19 41 48 57 72 86 10 11 22 31 43 47 62 70 67 88 98 4 18 23 26 32 45 42 49 46 56 61 68 71 73 85 82 93 3 7 33 44 65 66 80 1 9 34 55 52 63
Volta 35: 28 60 64 84 16 21 78 76 96 99 41 48 57 5 10 19 31 43 47 70 67 72 86 11 18 22 23 26 32 45 46 56 62 73 71 85 88 98 4 3 7 42 44 49 65 61 68 82 93 1 9 33 34 52 55 66 80
Volta 36: 60 84 21 28 64 78 76 99 96 41 48 57 5 10 19 31 47 67 72 86 11 18 26 32 43 56 62 70 73 85 88 98 3 4 7 22 23 45 42 46 49 61 68 71 93 1 9 33 44 52 55 65 66 80 82 34
Volta 37: 84 28 60 64 78 21 41 57 76 96 99 5 19 31 48 67 72 86 10 11 18 26 32 43 47 56 70 98 4 3 7 22 23 45 49 46 61 62 73 85 88 1 9 33 42 44 52 65 68 66 71 80 82 93 55
Volta 38: 84 28 64 21 41 60 78 76 96 99 19 31 48 57 67 5 10 11 26 32 47 56 72 86 98 4 3 7 18 23 45 43 49 46 61 62 70 73 9 22 33 44 52 65 68 66 80 82 85 88 93 1 42 55 71
Volta 39: 28 84 21 41 60 64 99 48 57 67 76 78 96 5 10 11 19 31 32 47 72 86 4 3 7 18 23 26 43 45 49 56 70 73 98 9 22 33 44 46 52 65 62 61 66 80 85 93 1 42 55 68 82 88
Volta 40: 84 21 28 41 99 48 60 64 76 78 10 11 19 31 32 47 57 67 72 96 4 5 23 26 45 56 70 86 98 3 7 18 43 44 49 52 61 62 66 73 80 1 9 22 33 42 46 55 65 68 82 85 88 93
Volta 41: 84 21 28 41 48 60 64 76 99 11 19 32 47 57 67 72 78 96 5 10 23 31 56 86 3 4 7 18 26 43 45 52 61 70 66 80 98 22 33 44 42 49 46 65 62 73 85 82 1 9 55 68 88
Volta 42: 28 84 21 41 48 60 76 99 19 57 64 72 78 5 10 11 23 32 31 47 56 67 86 96 3 4 26 43 52 61 70 66 80 98 7 18 33 45 42 44 46 49 62 73 82 85 1 22 55 68 88 9
Volta 43: 28 84 21 48 60 41 57 64 76 99 11 19 23 32 31 47 67 72 78 96 3 4 5 10 52 56 70 80 86 98 7 18 26 42 44 45 43 61 66 85 82 1 22 33 46 49 62 68 73 88 55
Volta 44: 28 48 84 21 41 60 76 19 32 31 47 57 64 78 99 96 4 3 10 11 23 56 67 70 72 86 98 5 42 43 52 61 66 80 85 1 7 18 22 26 33 44 45 49 46 68 82 55 62 73 88
Volta 45: 28 48 84 21 41 76 19 31 60 64 99 4 23 32 47 57 70 67 72 78 86 96 5 3 10 11 43 42 52 56 66 80 85 98 7 22 26 33 44 46 61 68 82 1 18 45 49 62 73 55
Volta 46: 84 21 28 48 76 19 31 41 60 4 32 57 64 78 86 99 96 3 10 11 23 42 43 47 52 56 66 70 67 72 80 98 5 7 22 26 33 44 61 82 85 1 18 45 46 68 73 49 55 62
Volta 47: 84 21 28 48 76 31 41 60 4 19 57 64 86 99 10 11 23 32 43 42 52 70 66 78 80 96 5 3 7 26 33 44 47 56 61 67 72 85 98 1 18 22 45 46 68 82 49 73 55
Volta 48: 76 84 21 28 31 48 60 4 41 57 86 99 10 19 23 42 64 78 7 33 32 43 47 52 56 61 66 67 70 72 80 96 98 1 3 5 18 22 26 44 46 85 82 45 49 73 55
Volta 49: 84 21 28 31 60 76 4 41 48 86 99 10 19 23 42 57 7 32 33 43 47 52 56 64 61 70 66 80 78 98 1 5 18 22 44 46 67 72 85 96 3 26 45 49 73 82
Volta 50: 84 21 28 31 60 76 4 41 48 86 99 10 19 42 23 32 47 52 57 56 64 70 80 1 5 7 18 33 43 44 46 61 66 67 72 78 85 96 98 3 22 26 45 49 73 82
Volta 51: 84 28 31 76 4 21 41 60 86 99 42 48 10 19 23 32 47 57 56 64 5 18 33 43 46 52 61 70 66 67 72 80 96 98 3 1 7 44 49 78 85 22 26 45 73
Volta 52: 28 76 84 4 21 31 41 60 86 99 10 32 42 48 56 57 64 18 19 23 47 46 52 61 70 66 67 80 98 5 3 1 7 33 43 44 49 72 78 96 22 26 73 85 45
Volta 53: 28 4 31 41 60 76 84 21 86 99 10 32 42 48 57 56 18 23 46 47 52 61 64 70 67 5 1 7 19 33 43 49 66 80 98 96 3 22 44 72 78 26 73 85
Volta 54: 4 28 31 60 76 84 21 41 99 10 32 42 86 18 48 47 52 57 56 67 5 7 19 23 43 46 49 61 64 70 66 80 98 1 33 44 78 96 3 22 26 72 73 85
Volta 55: 28 4 31 41 60 76 84 21 32 42 86 99 10 18 48 52 57 56 67 5 23 43 47 46 64 61 70 66 80 98 7 19 44 49 96 3 1 26 33 73 72 78 22
Volta 56: 28 4 31 41 60 76 21 42 84 10 32 48 86 99 5 18 23 43 46 47 52 56 57 64 70 67 98 7 19 49 61 66 80 1 26 44 73 78 96 3 22 33 72
Volta 57: 28 31 41 60 76 4 21 42 10 32 84 99 5 18 43 48 52 56 57 70 67 86 98 7 23 47 46 49 64 80 1 19 26 44 61 66 73 3 33 78 96 22
Volta 58: 28 31 76 4 21 41 60 42 84 99 5 10 18 32 48 52 57 67 86 23 43 49 46 47 56 64 70 80 98 1 7 19 44 61 66 73 26 33 78 96 3 22
Volta 59: 76 4 21 28 31 60 42 41 84 10 32 52 67 99 5 18 23 43 46 48 49 56 57 70 86 98 1 44 47 64 61 80 7 19 66 73 78 96 3 26 33
Volta 60: 76 28 60 4 21 31 42 10 41 52 67 84 5 23 32 57 86 18 44 49 46 48 47 56 61 64 70 80 1 7 66 73 78 19 33 96 3 26
Volta 61: 76 28 4 21 31 60 41 42 52 67 5 10 23 32 57 84 86 18 44 49 46 47 48 56 64 61 70 80 1 7 66 73 78 19 33 96 3
Volta 62: 76 4 28 31 60 21 42 41 52 5 10 57 67 86 23 32 48 46 47 49 56 61 70 80 84 1 7 18 44 64 66 73 78 33 96 19 3
Volta 63: 76 28 31 4 21 41 42 52 60 10 57 67 5 23 48 49 61 70 80 84 86 1 32 44 47 46 56 64 78 7 18 33 66 73 96 19
Volta 64: 28 76 4 31 52 10 21 42 41 60 57 67 5 23 61 70 84 86 32 44 46 49 47 48 56 78 80 1 33 64 66 73 7 18 19 96
Volta 65: 28 76 4 31 52 21 42 41 60 67 5 10 23 57 61 70 86 32 44 47 48 56 80 84 1 33 49 46 73 78 7 64 66 18 19
Volta 66: 31 76 4 21 41 52 67 5 10 23 42 60 61 70 86 32 44 57 80 84 1 33 47 46 48 56 73 78 49 66 7 18 64 19
Volta 67: 31 4 21 52 76 5 42 41 60 70 67 86 10 23 32 44 57 61 84 47 48 46 73 78 80 1 33 49 56 66 7 64 18
Volta 68: 31 4 52 76 21 60 86 5 10 32 44 42 41 61 70 67 84 23 57 73 80 78 1 33 47 49 46 48 7 56 64 66 18
Volta 69: 31 4 76 52 86 5 10 21 32 41 42 60 61 70 84 23 44 57 67 80 33 48 46 47 73 78 1 49 56 66 7 64
Volta 70: 31 76 4 52 10 21 32 41 42 60 84 86 5 44 57 61 67 70 80 23 48 46 73 1 33 47 49 56 78 7 64 66
Volta 71: 31 76 4 52 10 21 41 42 60 84 86 5 32 57 67 80 23 44 46 48 61 70 73 33 47 56 78 1 49 7 64
Volta 72: 31 76 4 21 42 60 84 86 10 32 41 80 5 23 44 46 48 57 67 70 73 33 61 1 47 56 78 7 49 64
Volta 73: 31 76 4 21 42 60 86 41 80 84 10 32 48 70 5 23 33 44 46 57 61 67 73 1 47 56 78 7 49
Volta 74: 31 76 4 21 42 60 80 86 10 32 41 70 84 5 23 33 44 48 46 57 61 67 73 47 56 78 1 7 49
Volta 75: 31 4 76 21 42 60 80 86 10 32 41 84 5 23 33 44 46 48 57 61 67 70 47 56 73 7 78 1
Volta 76: 31 76 4 21 42 60 80 86 32 41 5 10 33 44 57 61 70 84 23 46 48 67 73 7 47 56 78 1
Volta 77: 31 76 4 21 60 86 32 42 80 5 10 33 41 44 57 70 84 46 48 61 67 73 23 47 56 7 78
Volta 78: 31 4 60 86 21 32 10 33 41 44 57 5 48 70 73 84 23 46 61 67 47 56 78 7
Volta 79: 4 31 86 32 60 21 57 5 10 33 44 41 70 84 48 61 73 23 46 47 56 67 78
Volta 80: 4 31 32 60 86 21 57 10 33 44 41 70 5 48 61 73 84 23 46 47 78 56 67
Volta 81: 4 31 32 60 86 21 57 10 33 44 5 41 70 73 84 48 47 61 78 23 46 56
Volta 82: 4 31 32 60 86 21 33 44 57 5 10 41 70 48 73 84 23 47 46 61 78 56
Volta 83: 4 31 32 60 86 21 44 5 33 41 57 10 48 70 73 84 47 61 78 23 46
Volta 84: 4 31 32 60 86 21 44 5 57 10 33 41 48 70 84 47 73 78 23 46
Volta 85: 4 60 86 32 31 21 44 57 5 33 48 70 84 10 41 73 78 23 47
Volta 86: 86 4 60 31 32 21 44 57 5 33 70 84 10 48 78 41 47 73 23
Volta 87: 4 86 31 32 60 44 21 33 57 70 5 84 10 41 48 78 47 73
Volta 88: 4 86 32 60 31 44 57 21 33 70 84 5 10 78 41 48 73 47
Volta 89: 86 4 60 31 32 44 21 33 57 70 84 5 10 41 48 73 78
Volta 90: 4 60 86 31 32 21 33 44 57 5 70 84 10 41 73 78
Volta 91: 4 60 32 31 86 44 57 21 33 70 5 10 73 84 41
Volta 92: 4 60 32 31 86 44 21 33 57 70 5 73 84 10 41
Volta 93: 60 4 31 86 32 44 21 57 33 70 73 84 5 10
Volta 94: 60 86 4 32 31 44 57 21 33 73 84 5 10 70
Volta 95: 60 4 31 86 32 44 57 21 33 73 5 10 84
Volta 96: 60 4 31 86 32 44 57 5 21 33 73 84 10
Volta 97: 60 4 31 86 32 44 57 5 21 33 73 84
Volta 98: 60 4 31 32 86 5 44 57 73 84 21 33
Volta 99: 60 31 4 86 32 5 44 57 73 84 21
Volta 100: 60 4 31 86 32 44 73 84 5 57 21
Volta 101: 60 4 31 86 32 73 84 5 44 57
Volta 102: 60 31 86 4 32 5 44 73 84 57
Volta 103: 31 60 4 86 32 73 5 44 84
Volta 104: 31 60 4 32 86 5 44 73 84
Volta 105: 31 60 4 32 86 5 44 73
Volta 106: 31 60 4 32 86 5 44 73
Volta 107: 31 60 4 86 32 44 5
Volta 108: 31 60 4 86 32 44 5
Volta 109: 31 60 4 86 32 44
Volta 110: 4 31 60 86 32 44
Volta 111: 31 60 4 32 86
Volta 112: 31 60 4 32 86
Volta 113: 31 60 4 32
Volta 114: 31 60 4 32
Volta 115: 31 60 4
Volta 116: 31 4 60
Volta 117: 31 4
Volta 118: 31 4

Ranqueamento Final:
1: Ciclista 4 - 11325.06 segundos
2: Ciclista 31 - 11250.78 segundos
3: Ciclista 60 - 11101.38 segundos
4: Ciclista 32 - 10950.78 segundos
5: Ciclista 86 - 10801.14 segundos
6: Ciclista 44 - 10801.02 segundos
7: Ciclista 5 - 10650.06 segundos
8: Ciclista 73 - 10501.74 segundos
9: Ciclista 84 - 10276.98 segundos
10: Ciclista 57 - 10126.38 segundos
11: Ciclista 21 - 9975.54 segundos
12: Ciclista 33 - 9750.78 segundos
13: Ciclista 10 - 9600.18 segundos
14: Ciclista 70 - 9376.62 segundos
15: Ciclista 41 - 9301.02 segundos
16: Ciclista 78 - 9001.86 segundos
17: Ciclista 47 - 8926.14 segundos
18: Ciclista 23 - 8700.54 segundos
19: Ciclista 46 - 8476.14 segundos
20: Ciclista 56 - 8326.38 segundos
21: Ciclista 67 - 8101.62 segundos
22: Ciclista 7 - 7950.18 segundos
23: Ciclista 1 - 7725.06 segundos
24: Ciclista 49 - 7576.14 segundos
25: Ciclista 64 - 7351.50 segundos
26: Ciclista 66 - 7126.62 segundos
27: Ciclista 18 - 6975.42 segundos
28: Ciclista 19 - 6825.42 segundos
29: Ciclista 96 - 6527.34 segundos
30: Ciclista 3 - 6450.06 segundos
31: Ciclista 26 - 6225.66 segundos
32: Ciclista 22 - 6000.54 segundos
33: Ciclista 72 - 5776.74 segundos
34: Ciclista 85 - 5626.98 segundos
35: Ciclista 45 - 5401.02 segundos
36: Ciclista 82 - 5101.98 segundos
37: Ciclista 55 - 5026.26 segundos
38: Ciclista 62 - 4801.50 segundos
39: Ciclista 88 - 4577.10 segundos
40: Ciclista 9 - 4425.18 segundos
41: Ciclista 93 - 4127.22 segundos
42: Ciclista 71 - 3976.74 segundos
43: Ciclista 34 - 3825.78 segundos
44: Ciclista 63 - 3601.50 segundos
45: Ciclista 91 - 3377.22 segundos
46: Ciclista 24 - 3225.54 segundos
47: Ciclista 97 - 3002.34 segundos
48: Ciclista 51 - 2851.26 segundos
49: Ciclista 94 - 2627.22 segundos
50: Ciclista 40 - 2475.90 segundos
51: Ciclista 75 - 2251.74 segundos
52: Ciclista 38 - 2100.90 segundos
53: Ciclista 83 - 1801.98 segundos
54: Ciclista 6 - 1650.18 segundos
55: Ciclista 69 - 1426.62 segundos
56: Ciclista 90 - 1202.10 segundos
57: Ciclista 89 - 977.10 segundos
58: Ciclista 14 - 825.66 segundos
59: Ciclista 74 - 601.74 segundos
60: Ciclista 87 - 302.10 segundos

Ciclista 2 quebrou na volta 24 - 2550.00 segundos
Ciclista 8 quebrou na volta 12 - 1050.12 segundos
Ciclista 11 quebrou na volta 48 - 4800.24 segundos
Ciclista 12 quebrou na volta 24 - 2400.24 segundos
Ciclista 13 quebrou na volta 6 - 675.24 segundos
Ciclista 15 quebrou na volta 24 - 2475.24 segundos
Ciclista 16 quebrou na volta 36 - 3375.36 segundos
Ciclista 17 quebrou na volta 6 - 750.36 segundos
Ciclista 20 quebrou na volta 12 - 1050.36 segundos
Ciclista 25 quebrou na volta 6 - 600.48 segundos
Ciclista 27 quebrou na volta 30 - 3075.60 segundos
Ciclista 28 quebrou na volta 66 - 6300.60 segundos
Ciclista 29 quebrou na volta 6 - 825.60 segundos
Ciclista 30 quebrou na volta 6 - 600.60 segundos
Ciclista 35 quebrou na volta 12 - 1200.72 segundos
Ciclista 36 quebrou na volta 12 - 1200.84 segundos
Ciclista 37 quebrou na volta 12 - 1125.84 segundos
Ciclista 39 quebrou na volta 30 - 2925.84 segundos
Ciclista 42 quebrou na volta 78 - 7575.96 segundos
Ciclista 43 quebrou na volta 60 - 5925.96 segundos
Ciclista 48 quebrou na volta 90 - 9001.08 segundos
Ciclista 50 quebrou na volta 30 - 3076.08 segundos
Ciclista 52 quebrou na volta 72 - 6901.20 segundos
Ciclista 53 quebrou na volta 6 - 601.20 segundos
Ciclista 54 quebrou na volta 30 - 2926.20 segundos
Ciclista 58 quebrou na volta 6 - 676.32 segundos
Ciclista 59 quebrou na volta 18 - 1951.32 segundos
Ciclista 61 quebrou na volta 84 - 8401.44 segundos
Ciclista 65 quebrou na volta 42 - 4276.44 segundos
Ciclista 68 quebrou na volta 48 - 4876.56 segundos
Ciclista 76 quebrou na volta 78 - 7426.80 segundos
Ciclista 77 quebrou na volta 18 - 1876.80 segundos
Ciclista 79 quebrou na volta 30 - 3001.80 segundos
Ciclista 80 quebrou na volta 78 - 7576.80 segundos
Ciclista 81 quebrou na volta 12 - 1126.92 segundos
Ciclista 92 quebrou na volta 24 - 2252.16 segundos
Ciclista 95 quebrou na volta 30 - 3077.16 segundos
Ciclista 98 quebrou na volta 60 - 5927.28 segundos
Ciclista 99 quebrou na volta 60 - 5927.28 segundos
Ciclista 100 quebrou na volta 12 - 1127.28 segundos
