Volta 1: 2 5 3 1 4 6 9 10 7 8 11 13 14 12 15 18 17 19 20 16 22 24 21 23 25 30 29 28 27 26 33 32 35 34 31 39 40 36 37 38 42 44 41 45 43 48 46 49 47 50 54 55 53 51 52 59 58 56 60 57 63 64 61 65 62 67 68 70 69 66 71 73 72 75 74 79 76 78 80 77 83 84 85 82 81 87 89 86 88 90 95 91 92 93 94 100 98 99 96 97
Volta 2: 3 1 6 7 10 9 14 12 17 18 16 23 24 21 22 27 26 28 30 29 31 32 34 37 39 36 38 42 43 41 44 49 46 47 50 53 54 52 51 55 59 60 57 56 65 63 64 61 62 68 66 69 67 73 72 71 74 75 76 78 77 80 79 83 85 84 82 87 90 88 89 86 94 91 95 97 100 98 99 96 2 5 4 8 11 15 13 19 20 25 33 35 40 45 48 58 70 81 93 92
Volta 3: 1 7 9 10 14 16 23 22 21 24 30 27 34 32 37 39 38 36 43 41 49 46 55 53 56 59 60 62 65 64 63 68 67 73 72 71 75 74 79 78 80 77 83 84 87 90 86 89 91 95 94 99 5 3 2 6 8 11 15 12 13 17 18 29 26 28 31 35 33 40 42 45 44 47 48 50 51 52 54 57 61 69 66 70 76 85 81 82 88 93 100 97 96 98 4 19 20 25 58
Volta 4: 1 9 14 21 22 24 27 30 32 34 39 36 38 41 49 46 55 53 60 56 59 63 65 64 62 68 72 73 74 78 80 77 79 84 86 89 90 95 94 91 3 10 7 6 12 11 15 13 17 18 16 23 29 26 33 31 37 40 42 43 47 50 54 51 52 61 70 69 67 66 75 71 76 83 81 85 87 88 93 96 100 99 97 2 5 4 8 20 28 35 44 45 48 57 58 82 98 19 25
Volta 5: 1 9 14 22 24 27 30 38 41 46 55 53 59 60 65 63 62 68 73 72 78 95 91 94 10 7 12 13 11 18 23 21 29 34 32 36 39 40 42 43 49 50 54 56 64 67 70 71 75 74 77 76 79 80 84 85 86 87 89 90 93 97 96 99 3 5 2 8 6 15 20 16 17 28 26 35 31 33 37 45 44 47 48 52 51 58 57 61 69 66 83 82 81 88 100 4 19 98
Volta 6: 9 14 22 30 38 41 46 53 59 62 63 65 68 73 72 95 1 10 7 11 18 24 21 29 27 32 34 36 39 40 43 50 49 55 56 60 64 75 74 79 77 78 80 76 90 89 86 91 93 94 99 96 2 3 8 6 13 12 15 17 20 16 23 26 28 31 33 35 47 48 54 51 52 57 58 61 67 69 66 71 81 84 88 87 97 100 4 5 19 44 45 82 98
Volta 7: 9 22 38 41 46 59 65 63 72 1 7 14 11 18 24 21 27 29 30 34 40 39 43 49 50 53 55 56 60 62 68 73 75 77 78 80 76 79 90 89 94 95 93 91 96 2 3 6 10 13 15 12 20 16 23 26 28 35 31 32 36 47 48 51 54 52 61 64 66 69 71 74 84 86 97 100 99 5 8 17 33 44 45 58 57 67 82 81 88 87 4 19
Volta 8: 38 41 59 63 65 72 9 11 18 21 22 27 29 34 43 46 49 55 56 60 62 68 73 75 76 79 80 89 91 95 96 3 1 7 14 15 24 23 28 30 31 32 39 40 48 50 53 52 51 64 69 66 74 78 77 84 90 86 94 93 99 2 5 6 10 8 13 12 17 16 20 26 35 33 36 47 54 58 57 61 67 71 81 82 88 97 100 4 19 44 45 87
Volta 9: 65 9 11 22 29 27 34 38 41 55 59 56 63 68 73 72 75 80 91 96 1 3 14 15 18 21 24 28 32 31 39 40 43 49 50 46 53 51 52 60 62 66 69 77 79 76 84 86 89 93 95 94 99 2 7 6 8 10 12 16 17 20 23 26 30 35 36 47 48 54 61 64 67 74 71 78 82 90 100 97 5 4 13 33 45 58 57 81 88 19 44
Volta 10: 65 9 22 29 34 38 41 55 59 56 63 68 75 72 80 91 96 3 15 14 11 18 24 21 27 31 40 39 49 52 51 60 62 66 69 73 77 76 79 84 86 89 94 1 7 6 10 12 20 16 23 26 30 28 32 36 43 48 46 50 53 64 67 74 78 90 93 95 97 99 2 5 4 8 17 33 35 45 47 54 58 57 61 71 82 81 88 100 13 19 44
Volta 11: 65 9 22 29 34 56 59 63 80 91 11 15 14 18 24 21 27 31 38 40 39 41 49 55 60 62 68 66 72 73 75 77 84 96 3 1 6 10 7 12 20 16 26 30 32 43 50 48 51 52 53 64 69 67 78 76 79 89 90 86 95 94 97 99 4 8 17 23 28 36 45 47 46 57 58 61 74 71 82 88 93 100 2 5 13 35 33 54 81 19
Volta 12: 9 29 34 59 63 65 80 15 18 22 24 21 38 39 41 55 60 56 62 73 72 75 91 3 1 6 7 14 11 20 27 26 30 31 40 48 49 50 51 53 64 68 66 76 77 79 78 84 86 89 94 95 96 10 12 16 23 28 32 36 43 45 46 52 57 67 69 82 90 93 97 99 5 4 8 17 33 35 47 54 58 61 71 81 88 2 19
Volta 13: 9 29 65 63 15 18 24 34 38 55 59 60 62 73 75 80 91 1 3 7 6 14 20 21 22 30 31 40 39 41 50 53 56 66 68 72 76 79 78 77 84 89 86 95 96 10 11 12 16 28 27 26 32 43 45 48 49 51 64 67 82 90 93 94 97 99 4 8 17 23 33 36 46 47 52 54 57 58 61 69 71 81 5 35 88 2
Volta 14: 29 9 15 24 34 38 55 59 60 63 65 75 80 91 1 6 7 18 20 21 30 40 41 50 56 62 68 66 73 72 79 78 84 89 95 3 10 14 11 22 28 27 26 31 32 39 43 49 48 53 64 76 77 82 90 86 93 94 96 99 4 8 12 16 17 36 45 46 47 51 52 58 57 61 69 67 71 97 5 23 35 33 54 81 88 2
Volta 15: 24 29 34 60 59 65 63 75 9 6 15 20 21 40 38 41 55 56 62 66 68 73 72 78 80 79 84 95 91 1 7 10 14 18 22 27 28 26 30 32 31 39 43 49 50 53 77 76 82 86 90 89 93 99 3 12 11 17 16 36 47 48 51 52 64 61 71 94 97 96 4 8 23 33 45 46 58 57 69 67 81 88 5 35 54
Volta 16: 24 29 34 59 60 65 75 9 15 20 38 41 55 56 63 66 73 78 80 84 91 1 6 22 21 26 30 39 40 43 50 53 62 68 72 79 77 76 82 86 95 10 7 11 14 12 17 16 18 28 27 32 31 49 52 51 61 64 71 89 90 93 94 96 99 97 3 4 8 23 33 36 45 47 48 46 57 58 69 67 88 5 54 81 35
Volta 17: 24 34 60 59 75 9 20 29 38 41 55 56 65 66 73 80 78 1 6 15 22 21 26 30 40 39 62 63 68 72 76 79 84 86 91 7 10 12 14 11 17 18 28 27 31 32 43 49 50 53 51 64 61 71 77 82 89 94 93 95 97 99 96 3 4 8 16 23 33 47 48 52 57 58 67 88 90 36 45 46 69 81 5 54
Volta 18: 34 60 59 75 9 20 24 38 55 56 65 66 73 80 78 1 6 22 29 30 39 40 41 62 63 72 76 84 7 15 14 18 21 26 28 31 43 49 50 51 64 68 71 77 79 89 86 95 91 96 97 3 10 11 12 16 17 23 32 33 47 48 53 58 57 82 90 88 93 94 99 4 8 36 45 46 69 67 81 5 54
Volta 19: 34 75 9 20 24 38 59 56 60 65 73 78 6 22 29 30 40 41 55 62 66 72 76 80 84 1 7 14 15 18 21 26 28 31 39 43 49 50 51 63 64 68 77 79 86 89 91 3 10 11 12 17 23 32 33 47 48 57 71 88 90 94 95 99 97 96 8 16 45 46 53 58 67 69 81 82 93 5 4 36
Volta 20: 75 9 34 38 60 59 65 73 6 20 24 29 41 55 56 62 66 72 80 78 84 1 7 14 18 21 22 26 30 31 40 39 43 50 49 51 63 68 79 76 15 12 11 17 23 28 33 32 47 64 71 77 86 89 90 94 91 96 97 99 3 10 16 48 53 57 58 69 67 88 95 93 4 8 45 46 82 81 5 36
Volta 21: 60 65 75 6 9 24 29 34 38 59 62 73 80 84 1 7 20 18 22 21 30 31 39 40 43 41 50 55 56 66 68 72 76 78 79 14 11 12 17 28 26 32 47 49 51 64 63 71 89 86 99 97 3 15 16 23 33 48 57 67 77 90 93 94 91 96 8 10 45 46 53 58 69 88 95 5 4 82 81
Volta 22: 60 65 75 29 34 38 59 84 1 6 7 9 22 21 24 30 40 43 50 55 56 62 68 73 72 78 79 76 80 12 14 11 20 18 26 31 39 41 49 51 64 66 71 89 97 3 15 17 16 23 28 32 33 48 47 57 63 67 86 93 91 94 99 8 10 46 53 58 69 77 90 95 96 45 82 81 88 5 4
Volta 23: 65 29 60 75 84 1 9 22 24 21 34 38 43 50 59 62 68 72 73 80 76 7 6 11 14 20 30 26 31 40 39 49 55 56 66 79 78 89 97 3 12 18 17 28 32 41 51 63 64 71 86 94 91 99 10 15 16 23 33 47 48 53 57 58 67 77 93 95 96 8 46 69 81 82 88 90 5 45
Volta 24: 29 60 65 75 84 21 22 24 34 38 43 50 59 68 72 76 80 1 9 7 11 14 20 40 49 62 66 73 79 78 89 3 6 12 18 26 31 32 39 41 51 55 56 63 64 94 97 99 10 15 16 17 23 28 33 47 53 57 77 86 93 95 8 48 46 58 67 81 90 96 45 69 82 88
Volta 25: 29 60 65 22 34 38 50 72 75 80 84 1 9 7 14 20 24 21 43 59 62 68 66 73 76 89 3 6 11 18 26 32 31 40 39 41 49 51 55 56 64 63 78 79 99 97 10 12 15 17 16 23 33 47 53 57 86 95 94 93 8 28 46 48 58 67 77 81 96 69 82 90 45
Volta 26: 29 65 34 38 50 60 72 80 84 7 9 22 43 59 68 66 73 75 76 89 1 11 14 20 18 24 21 40 41 49 51 55 56 63 62 78 97 3 6 10 12 17 23 26 32 31 39 53 57 64 79 93 94 95 99 8 15 16 28 33 48 47 46 58 67 77 81 86 96 69 82 90 45
Volta 27: 29 65 60 84 7 9 22 34 38 50 59 68 66 72 75 73 76 80 89 1 14 20 24 21 43 49 51 56 62 63 3 6 11 12 18 23 26 32 39 40 41 55 64 78 79 95 94 93 99 97 10 8 15 17 16 28 31 33 48 47 53 58 57 67 86 46 77 81 82 90 96 69
Volta 28: 29 60 65 84 7 9 34 38 50 59 68 66 73 72 76 80 89 14 20 24 22 21 43 49 63 62 75 1 12 11 23 26 40 41 51 55 56 78 94 93 97 3 6 8 10 15 18 17 28 32 31 39 53 58 57 64 79 86 95 99 16 33 46 48 47 67 77 81 82 90 69 96
Volta 29: 29 60 65 9 34 38 50 76 80 84 89 7 14 20 22 21 43 49 59 62 63 68 66 73 72 11 12 24 26 40 41 55 51 56 75 93 94 1 3 8 10 6 17 23 28 32 31 39 57 58 64 79 78 95 99 97 15 16 18 33 47 46 53 67 82 86 90 48 69 77 81
Volta 30: 50 60 65 84 9 14 22 21 34 59 68 66 73 72 76 89 7 11 20 24 40 41 43 49 51 55 62 63 75 93 3 1 6 10 8 17 23 26 28 32 31 56 64 95 94 99 97 15 33 39 47 53 57 58 67 78 79 82 86 90 16 18 48 46 69 81
Volta 31: 60 65 84 9 14 22 21 34 50 59 68 73 72 76 20 24 41 43 49 55 62 63 66 75 89 1 3 6 10 7 11 23 26 28 40 51 56 93 94 99 8 17 33 32 31 39 47 53 58 64 67 79 78 82 86 95 97 15 46 48 57 90 16 18 69
Volta 32: 65 84 9 14 21 22 50 59 60 68 76 20 34 43 63 66 72 73 75 89 1 3 7 10 11 24 23 28 40 41 49 51 55 62 99 8 6 17 26 33 32 31 47 56 64 79 82 86 94 93 97 39 46 48 53 57 58 67 78 95 15 18 16 69 90
Volta 33: 65 84 9 22 50 59 14 21 60 63 68 73 72 76 89 1 3 7 11 20 23 24 34 40 41 43 49 55 51 66 75 6 10 28 26 33 47 56 62 82 86 93 94 99 8 17 32 31 39 48 46 53 58 64 67 79 95 97 18 57 78 15 16 69
Volta 34: 65 84 9 50 59 14 22 21 60 63 68 72 76 1 3 7 20 23 34 40 41 51 66 73 75 89 10 6 11 24 28 26 33 43 49 55 56 62 82 86 94 93 99 8 17 32 31 47 46 53 64 79 95 97 39 48 58 67 15 16 18 57 69 78
Volta 35: 50 59 65 84 9 14 22 21 68 1 3 20 23 34 40 41 51 60 63 73 72 75 76 89 7 11 24 26 33 43 55 66 94 93 99 8 6 10 28 49 47 56 64 62 82 86 95 97 17 31 32 39 48 46 53 58 67 79 15 16 57 18 69
Volta 36: 50 59 65 9 14 21 22 68 1 20 34 41 60 63 72 73 76 3 23 24 26 33 40 43 51 75 89 93 99 7 8 6 10 11 28 49 47 55 56 66 82 86 94 95 97 17 31 39 46 48 53 64 62 67 79 15 32 58 57 16 18 69
Volta 37: 59 65 14 21 50 68 1 9 22 34 41 60 63 73 3 20 23 33 40 43 51 72 75 76 89 93 8 10 7 6 11 24 26 49 55 82 94 99 17 28 31 47 56 62 67 66 79 86 95 97 15 32 39 46 48 53 64 18 16 57 58
Volta 38: 65 21 50 59 9 14 22 41 60 68 73 1 3 20 23 34 33 43 51 63 75 76 89 93 8 7 10 11 24 26 40 55 72 82 94 99 6 28 31 47 49 56 66 67 79 86 95 15 17 32 39 46 48 53 62 97 16 18 57 58 64
Volta 39: 65 59 9 21 50 60 68 3 1 14 20 22 34 43 41 63 73 76 89 93 7 10 8 11 23 26 33 40 51 75 72 82 6 24 31 47 49 55 66 79 95 94 99 17 28 32 39 48 46 53 56 62 67 86 97 15 18 16 58 57
Volta 40: 65 59 9 21 50 60 68 1 3 14 20 22 43 41 73 76 10 11 26 34 33 40 51 63 75 72 82 89 93 7 6 8 23 24 31 47 94 17 32 48 49 55 53 56 66 79 86 95 99 97 15 18 28 39 46 62 67 57 16 58
Volta 41: 65 9 21 50 59 60 14 41 68 73 76 1 3 10 11 20 22 26 43 51 63 72 93 6 8 24 33 31 34 40 75 82 89 94 7 17 23 32 49 47 48 53 55 56 66 79 86 95 97 99 28 39 62 67 15 18 46 16 57
Volta 42: 9 60 59 65 14 21 50 68 73 3 10 11 20 22 41 43 63 76 8 24 26 34 33 40 51 72 75 82 89 93 6 17 32 31 48 47 55 53 66 79 86 94 97 7 39 49 56 67 95 99 15 18 28 46 62 16 57
Volta 43: 59 65 9 14 60 68 3 11 21 41 43 50 63 73 76 10 20 22 26 34 33 40 51 72 75 93 8 6 17 24 31 48 79 82 89 32 39 47 49 53 55 56 67 66 86 94 95 99 97 7 18 28 46 62 15 16
Volta 44: 59 65 9 14 60 68 11 21 41 43 50 63 73 76 3 10 20 22 33 72 75 93 8 6 17 24 26 34 31 40 48 51 79 82 89 32 39 49 53 56 67 66 94 99 97 7 18 28 47 55 62 86 95 16 46 15
Volta 45: 59 14 65 9 21 43 41 60 63 68 73 76 10 11 50 75 3 8 6 20 17 22 26 33 31 34 40 51 72 89 93 24 48 56 67 66 79 82 97 28 32 39 47 49 55 53 62 86 95 94 99 7 18 46 16
Volta 46: 59 65 9 14 21 41 43 60 63 68 73 50 75 76 3 8 10 11 17 20 22 31 33 40 51 72 89 93 6 24 26 34 48 79 82 97 28 32 39 47 49 53 56 62 67 66 95 7 18 55 86 94 99 46 16
Volta 47: 59 65 9 60 68 73 14 21 43 41 63 75 3 10 31 33 40 50 72 76 93 8 6 11 20 17 22 24 26 34 51 79 89 97 32 39 49 48 53 66 82 95 7 28 47 55 56 62 67 86 94 99 18 46
Volta 48: 59 65 9 60 68 21 63 75 73 10 14 33 31 40 43 41 50 76 3 8 17 20 22 26 34 72 79 89 93 97 6 32 39 48 53 66 82 95 7 47 55 56 62 67 86 18 28 46 99
Volta 49: 59 9 60 65 68 63 73 10 21 31 33 40 41 43 50 75 76 8 14 17 20 26 72 79 93 97 3 6 22 32 34 48 66 89 95 39 47 53 55 56 62 67 82 7 28 46 86 18
Volta 50: 59 9 65 60 68 21 31 33 50 63 75 73 10 8 17 20 40 43 41 76 97 3 14 26 32 34 66 72 79 89 93 95 6 22 39 48 47 55 56 82 7 28 46 53 62 67 18 86
Volta 51: 59 65 9 60 68 21 50 73 75 10 20 33 31 40 43 41 63 76 97 3 8 14 17 26 32 66 72 79 93 6 34 39 48 47 55 56 82 89 95 7 22 28 53 67 18 46 62
Volta 52: 9 60 59 65 68 75 73 10 21 31 41 43 50 63 76 97 8 14 20 17 26 33 40 79 3 6 32 34 39 47 55 66 72 82 89 93 95 22 48 53 56 67 7 18 28 46 62
Volta 53: 9 59 65 68 60 73 21 31 43 41 50 63 75 76 10 20 26 79 97 3 8 6 14 17 32 33 40 39 47 55 66 72 89 93 22 34 48 53 56 67 82 95 7 28 46 18
Volta 54: 9 59 65 68 60 41 50 75 73 76 10 21 31 43 63 79 97 8 6 14 17 32 33 55 66 89 3 40 47 56 72 7 22 28 46 67 82 95 18
Volta 55: 65 9 59 68 41 50 60 73 76 10 21 31 43 63 75 97 6 8 17 33 32 55 79 89 3 14 40 47 56 66 72 22 67 82 7 28 46 95
Volta 56: 65 9 59 68 41 60 73 76 10 21 31 43 50 8 6 32 55 63 75 79 97 3 14 17 33 40 66 72 89 22 47 56 7 28 46 67 82 95
Volta 57: 9 59 65 60 68 73 10 21 43 41 50 76 6 31 32 55 63 75 79 97 8 17 33 40 66 72 89 3 14 47 56 7 22 46 82 28 67
Volta 58: 65 9 59 68 10 41 50 60 73 76 6 21 31 43 55 63 79 8 17 32 33 66 75 97 3 14 40 47 72 89 7 22 46 56 82 28 67
Volta 59: 9 59 65 68 10 50 60 73 21 41 43 79 76 8 6 17 31 32 55 63 66 75 97 3 33 40 47 72 7 14 22 56 89 28 46 82
Volta 60: 59 68 9 10 21 41 43 50 60 73 76 79 17 31 32 63 66 75 97 3 6 8 55 72 7 14 22 40 47 56 89 28 46 82
Volta 61: 68 10 59 9 41 50 60 73 76 17 21 43 63 79 97 3 8 6 32 31 55 66 75 22 47 72 7 14 28 40 46 56 89
Volta 62: 59 68 9 10 41 50 60 73 76 17 21 79 97 8 31 32 43 63 66 75 3 6 55 72 7 14 22 28 40 46 47 56 89
Volta 63: 59 68 10 9 50 60 73 76 17 41 8 21 43 63 79 97 6 32 31 55 66 72 75 3 7 22 40 46 47 56 14 28
Volta 64: 68 10 9 59 60 73 76 17 41 50 8 21 43 63 79 97 6 32 31 75 72 3 7 46 55 66 14 22 28 40 47 56
Volta 65: 68 9 59 60 76 10 41 50 73 8 17 43 63 21 32 75 79 97 6 31 55 72 3 7 14 22 40 46 47 66 28
Volta 66: 9 60 59 68 76 10 50 73 8 43 17 21 32 63 79 6 31 75 72 97 3 7 22 47 46 55 66 28 40
Volta 67: 9 60 59 68 76 10 50 8 43 73 17 21 32 63 79 6 31 72 97 3 22 46 47 55 66 75 7 28
Volta 68: 9 59 60 76 68 10 43 50 73 8 17 21 32 63 79 31 72 97 6 22 46 47 3 7 28 55 66 75
Volta 69: 9 59 60 76 68 50 10 8 32 43 73 79 17 21 63 97 6 22 31 47 46 72 7 66 3 28 55
Volta 70: 9 60 76 59 68 50 10 32 73 8 17 21 43 63 79 22 31 46 47 72 97 6 66 3 7 28 55
Volta 71: 9 60 59 68 76 50 10 32 8 43 63 73 17 21 31 46 47 79 97 6 22 66 72 3 7 28
Volta 72: 9 60 59 68 76 10 32 43 63 8 17 21 31 47 79 6 22 46 66 72 97 7 3 28
Volta 73: 9 60 59 68 76 10 32 63 8 17 21 43 47 79 22 31 46 66 72 97 7 6 3
Volta 74: 59 60 68 76 9 10 63 21 32 8 17 22 31 43 47 79 97 7 46 66 72 6 3
Volta 75: 76 9 60 59 68 10 21 32 63 17 22 31 43 47 79 8 46 72 97 7 6 66
Volta 76: 76 9 60 59 68 10 63 21 22 32 43 47 79 8 17 31 46 97 6 7 66 72
Volta 77: 59 60 76 9 10 68 63 21 32 43 47 79 8 17 22 31 46 97 6 66 7
Volta 78: 60 9 10 59 76 68 21 43 63 8 17 32 47 79 31 46 66 97 6 7
Volta 79: 60 9 59 10 68 76 21 43 63 8 17 47 79 31 32 66 97 6 46
Volta 80: 60 9 10 59 68 76 21 63 8 17 43 47 79 32 66 97 6 31 46
Volta 81: 60 10 9 59 68 76 21 8 63 79 17 32 43 47 66 97 6 31
Volta 82: 60 9 10 68 59 76 8 21 63 79 32 43 47 66 97 6 17 31
Volta 83: 9 60 10 68 76 21 59 8 32 63 66 79 97 6 43 47 17
Volta 84: 60 10 9 68 21 59 76 8 32 63 66 79 97 6 43 47
Volta 85: 60 9 10 21 68 59 63 66 76 8 6 32 79 97 43
Volta 86: 9 60 10 21 59 63 68 66 8 6 32 79 76 97 43
Volta 87: 60 10 9 21 59 63 68 66 8 6 32 76 79 97
Volta 88: 60 10 9 21 59 63 6 66 68 79 8 32 76 97
Volta 89: 9 60 10 21 59 6 63 68 8 32 66 79 76
Volta 90: 60 9 10 21 59 63 6 32 79 8 66 76
Volta 91: 9 60 10 21 63 6 59 79 8 32 66
Volta 92: 9 60 10 63 21 59 79 8 6 66 32
Volta 93: 9 10 60 63 21 6 8 59 66 79
Volta 94: 9 10 60 63 6 8 21 59 66 79
Volta 95: 9 60 10 63 59 6 8 21 66
Volta 96: 9 60 10 63 8 21 59 66
Volta 97: 9 60 10 63 21 59 8
Volta 98: 9 10 60 63 21 8 59
Volta 99: 9 10 60 21 63 8
Volta 100: 9 10 60 63 8 21
Volta 101: 9 10 60 8 63
Volta 102: 9 10 60 8 63
Volta 103: 9 10 60 8
Volta 104: 9 10 60 8
Volta 105: 9 10 60
Volta 106: 9 10 60
Volta 107: 9 10
Volta 108: 9 10

Ranqueamento Final:
1: Ciclista 10 - 2070.18 segundos
2: Ciclista 60 - 2056.38 segundos
3: Ciclista 9 - 2040.18 segundos
4: Ciclista 8 - 2040.18 segundos
5: Ciclista 63 - 1996.50 segundos
6: Ciclista 21 - 1950.54 segundos
7: Ciclista 59 - 1921.38 segundos
8: Ciclista 66 - 1876.62 segundos
9: Ciclista 79 - 1846.86 segundos
10: Ciclista 32 - 1815.78 segundos
11: Ciclista 76 - 1786.86 segundos
12: Ciclista 97 - 1727.34 segundos
13: Ciclista 43 - 1696.02 segundos
14: Ciclista 47 - 1665.42 segundos
15: Ciclista 31 - 1635.78 segundos
16: Ciclista 46 - 1591.14 segundos
17: Ciclista 7 - 1575.18 segundos
18: Ciclista 72 - 1516.74 segundos
19: Ciclista 3 - 1500.06 segundos
20: Ciclista 28 - 1470.66 segundos
21: Ciclista 55 - 1411.26 segundos
22: Ciclista 75 - 1366.74 segundos
23: Ciclista 40 - 1335.90 segundos
24: Ciclista 56 - 1291.38 segundos
25: Ciclista 89 - 1247.10 segundos
26: Ciclista 82 - 1216.98 segundos
27: Ciclista 67 - 1186.62 segundos
28: Ciclista 95 - 1142.22 segundos
29: Ciclista 18 - 1110.42 segundos
30: Ciclista 62 - 1081.50 segundos
31: Ciclista 86 - 1037.10 segundos
32: Ciclista 99 - 992.34 segundos
33: Ciclista 16 - 975.42 segundos
34: Ciclista 15 - 930.30 segundos
35: Ciclista 57 - 886.38 segundos
36: Ciclista 58 - 856.38 segundos
37: Ciclista 64 - 796.50 segundos
38: Ciclista 69 - 766.62 segundos
39: Ciclista 78 - 721.86 segundos
40: Ciclista 90 - 677.10 segundos
41: Ciclista 81 - 631.98 segundos
42: Ciclista 96 - 602.34 segundos
43: Ciclista 45 - 571.02 segundos
44: Ciclista 88 - 527.10 segundos
45: Ciclista 4 - 495.06 segundos
46: Ciclista 36 - 450.90 segundos
47: Ciclista 54 - 406.26 segundos
48: Ciclista 35 - 375.78 segundos
49: Ciclista 2 - 330.06 segundos
50: Ciclista 19 - 285.42 segundos
51: Ciclista 44 - 241.02 segundos
52: Ciclista 87 - 197.10 segundos
53: Ciclista 98 - 167.34 segundos
54: Ciclista 25 - 120.54 segundos
55: Ciclista 92 - 62.22 segundos

Ciclista 1 quebrou na volta 42 - 825.00 segundos
Ciclista 5 quebrou na volta 24 - 525.00 segundos
Ciclista 6 quebrou na volta 96 - 1875.12 segundos
Ciclista 11 quebrou na volta 48 - 945.24 segundos
Ciclista 12 quebrou na volta 30 - 600.24 segundos
Ciclista 13 quebrou na volta 12 - 285.24 segundos
Ciclista 14 quebrou na volta 66 - 1320.24 segundos
Ciclista 17 quebrou na volta 84 - 1665.36 segundos
Ciclista 20 quebrou na volta 54 - 1050.36 segundos
Ciclista 22 quebrou na volta 78 - 1530.48 segundos
Ciclista 23 quebrou na volta 42 - 855.48 segundos
Ciclista 24 quebrou na volta 48 - 945.48 segundos
Ciclista 26 quebrou na volta 54 - 1050.60 segundos
Ciclista 27 quebrou na volta 18 - 375.60 segundos
Ciclista 29 quebrou na volta 30 - 540.60 segundos
Ciclista 30 quebrou na volta 24 - 465.60 segundos
Ciclista 33 quebrou na volta 60 - 1200.72 segundos
Ciclista 34 quebrou na volta 54 - 1080.72 segundos
Ciclista 37 quebrou na volta 6 - 135.84 segundos
Ciclista 38 quebrou na volta 30 - 555.84 segundos
Ciclista 39 quebrou na volta 54 - 1080.84 segundos
Ciclista 41 quebrou na volta 66 - 1260.96 segundos
Ciclista 42 quebrou na volta 6 - 135.96 segundos
Ciclista 48 quebrou na volta 54 - 1096.08 segundos
Ciclista 49 quebrou na volta 48 - 976.08 segundos
Ciclista 50 quebrou na volta 72 - 1381.08 segundos
Ciclista 51 quebrou na volta 48 - 946.20 segundos
Ciclista 52 quebrou na volta 18 - 376.20 segundos
Ciclista 53 quebrou na volta 54 - 1096.20 segundos
Ciclista 61 quebrou na volta 18 - 361.44 segundos
Ciclista 65 quebrou na volta 60 - 1126.44 segundos
Ciclista 68 quebrou na volta 90 - 1756.56 segundos
Ciclista 70 quebrou na volta 6 - 136.56 segundos
Ciclista 71 quebrou na volta 24 - 496.68 segundos
Ciclista 73 quebrou na volta 72 - 1396.68 segundos
Ciclista 74 quebrou na volta 12 - 256.68 segundos
Ciclista 77 quebrou na volta 30 - 631.80 segundos
Ciclista 80 quebrou na volta 30 - 571.80 segundos
Ciclista 83 quebrou na volta 6 - 136.92 segundos
Ciclista 84 quebrou na volta 36 - 676.92 segundos
Ciclista 85 quebrou na volta 6 - 136.92 segundos
Ciclista 91 quebrou na volta 24 - 482.16 segundos
Ciclista 93 quebrou na volta 54 - 1082.16 segundos
Ciclista 94 quebrou na volta 48 - 992.16 segundos
Ciclista 100 quebrou na volta 12 - 257.28 segundos
