Volta 1: 2 3 4 5 1 8 6 7 10 9 15 12 11 14 13 17 18 19 20 16 22 21 25 23 24 26 30 28 27 29 33 35 34 31 32 40 36 39 38 37 41 45 42 44 43 47 49 48 46 50 51 52 53 54 55 57 58 56 60 59 62 61 63 65 64 67 68 70 69 66 75 73 74 71 72 80 76 77 78 79 83 82 84 81 85 90 89 87 88 86 94 92 93 95 91 98 99 97 96 100
Volta 2: 3 1 2 5 8 6 7 10 14 15 20 16 17 18 19 22 23 28 27 26 29 34 32 33 31 36 38 37 45 44 43 42 46 50 48 49 47 53 52 54 51 55 57 56 58 60 62 64 63 61 65 67 70 66 68 73 72 75 80 79 78 85 82 83 81 87 92 94 93 95 91 98 97 96 100 99 4 9 11 13 12 25 21 24 30 35 40 39 41 59 69 71 74 77 76 84 86 90 89 88
Volta 3: 3 2 7 10 8 6 15 20 16 17 22 28 26 34 38 36 42 44 48 52 55 54 60 58 57 63 64 70 67 75 80 79 83 81 82 87 94 91 92 93 99 98 96 100 1 5 4 9 14 11 13 18 19 21 23 24 25 27 29 35 32 31 33 40 37 39 41 45 43 49 47 50 46 51 53 56 59 62 61 65 68 66 73 72 71 78 77 76 85 84 86 90 89 95 97 12 30 69 74
Volta 4: 3 6 7 8 20 16 22 26 28 34 38 42 60 57 64 70 75 80 81 82 83 87 92 93 94 98 96 2 5 4 10 9 15 14 11 13 17 19 18 24 23 21 27 29 33 35 37 39 36 45 44 43 41 48 49 46 50 47 55 51 52 54 53 56 58 61 63 68 67 66 72 73 77 79 76 84 85 86 90 91 95 100 99 1 12 25 30 31 32 40 59 62 65 69 74 71 78 89 97
Volta 5: 3 7 22 26 34 38 57 60 64 70 75 80 87 93 94 92 96 2 5 6 8 10 9 15 14 13 11 18 17 16 20 23 24 21 27 28 29 33 35 36 37 43 41 42 45 44 47 49 48 46 53 52 55 54 51 58 56 61 63 68 66 76 81 82 85 83 86 100 98 1 4 12 19 25 31 32 39 40 50 59 62 65 67 73 72 71 78 77 79 84 90 89 95 91 99 30 69 74
Volta 6: 3 7 26 38 57 60 64 70 75 80 87 93 96 5 2 10 6 8 13 11 14 15 16 20 17 22 21 24 28 34 35 37 42 44 45 41 47 48 54 51 58 63 68 76 82 86 92 94 98 1 4 9 12 19 18 23 27 29 31 33 36 39 43 50 46 49 55 56 62 65 67 72 71 73 79 77 85 84 83 81 89 90 91 95 100 99 25 30 40 59 74 78 69
Volta 7: 26 75 87 93 5 3 7 6 10 14 11 13 15 17 20 16 22 21 28 34 38 45 48 47 54 51 57 58 60 64 63 70 68 76 80 86 94 92 96 4 1 2 8 9 18 23 24 27 29 31 33 35 39 37 36 41 44 42 49 50 46 55 56 62 67 73 71 72 77 81 82 85 84 83 91 99 98 100 12 19 25 43 65 74 79 90 89 95 30 40 59 78
Volta 8: 26 75 93 3 5 7 11 15 14 17 21 28 34 38 45 48 51 57 60 63 70 68 80 86 87 92 96 2 4 8 6 10 13 16 18 20 23 22 27 31 35 37 36 41 44 42 49 46 47 54 56 58 64 67 76 84 85 83 82 94 91 99 100 98 1 9 24 29 33 39 43 50 55 65 62 71 73 72 77 81 89 90 95 12 19 25 30 40 59 74 78 79
Volta 9: 26 75 3 5 7 11 15 17 21 28 34 48 51 60 63 68 80 86 93 92 6 10 8 13 14 18 20 16 23 37 36 38 42 45 41 47 49 54 57 56 64 70 76 85 82 83 87 94 91 96 4 2 1 9 24 22 27 29 35 33 31 39 43 44 50 46 55 58 62 67 73 71 72 77 84 81 95 100 98 99 19 25 30 40 59 65 74 89 90 12 78
Volta 10: 26 75 7 11 15 34 48 80 92 5 3 8 14 17 20 16 18 21 28 36 38 45 41 49 47 51 56 60 57 63 68 83 82 86 94 93 91 96 1 2 4 10 9 6 13 23 22 29 27 31 37 42 44 43 46 54 55 58 62 64 67 70 73 71 76 81 84 85 87 100 99 19 24 25 30 35 33 39 50 59 65 72 74 77 89 90 95 98 12 40 78
Volta 11: 26 75 11 15 48 92 5 3 7 14 17 21 28 34 36 38 41 45 49 51 60 57 56 63 80 82 86 91 96 2 10 6 8 13 18 16 20 22 23 27 31 37 42 44 43 46 47 54 55 62 64 70 68 71 73 76 83 84 94 93 99 100 1 4 9 19 24 25 30 29 35 39 50 58 67 77 85 81 89 87 90 95 98 33 40 59 65 74 72 12
Volta 12: 75 26 92 5 3 7 14 11 15 21 34 41 45 48 49 51 57 56 63 80 91 10 8 6 13 20 17 16 18 23 28 27 38 37 36 42 44 47 54 60 64 68 82 84 83 86 94 93 99 96 4 9 22 30 29 35 31 43 46 50 55 62 67 73 71 77 76 81 85 87 89 100 1 19 24 25 33 39 40 59 65 72 74 90 98 12
Volta 13: 26 75 92 5 14 11 21 34 45 48 51 57 63 80 3 7 8 13 15 18 28 27 38 36 41 49 54 56 60 64 68 84 83 82 86 94 91 93 4 10 6 9 20 17 16 22 23 30 35 31 37 43 44 42 46 47 55 62 67 71 77 81 85 99 96 1 25 24 29 39 40 50 59 65 73 76 89 87 100 98 19 33 74 72 90
Volta 14: 26 75 5 14 11 21 48 51 57 63 80 92 3 8 7 13 15 34 36 38 41 45 49 56 60 64 83 84 86 94 93 6 17 20 16 18 22 23 27 28 31 37 42 43 46 47 55 54 62 68 85 82 81 91 96 99 4 1 9 10 24 25 30 29 35 39 40 44 50 65 67 71 73 76 77 87 89 100 98 19 33 59 74 72 90
Volta 15: 75 5 14 11 26 48 80 92 3 8 13 21 36 45 41 49 51 57 63 83 86 94 6 7 15 17 23 22 27 34 31 38 37 43 46 55 60 56 64 68 84 81 85 82 91 93 96 99 1 10 9 16 20 18 24 29 28 35 39 42 50 47 54 62 67 76 100 4 19 25 30 33 40 44 59 65 73 71 77 89 87 98 72 74
Volta 16: 75 11 26 80 92 5 3 8 13 14 21 45 49 48 51 57 63 83 86 94 7 6 15 17 22 34 31 36 37 43 41 46 60 56 64 81 85 82 91 99 10 9 16 18 23 24 27 28 38 42 47 50 55 54 62 67 68 76 84 93 96 1 4 20 25 29 30 35 33 40 39 44 59 65 73 71 77 87 89 100 98 19 72 74
Volta 17: 75 11 80 92 5 3 8 26 45 49 48 51 57 86 94 6 15 14 13 22 21 36 41 43 60 63 83 91 99 9 7 10 17 24 23 28 27 31 34 37 38 42 46 55 54 56 62 64 67 68 76 81 85 82 93 96 1 20 16 18 25 30 29 35 40 47 50 59 84 89 87 100 4 19 33 39 44 65 71 73 77 98 72
Volta 18: 11 75 80 26 45 51 92 5 6 13 22 43 41 48 60 57 83 86 94 91 99 10 7 15 14 17 23 21 24 27 28 34 31 36 42 46 54 56 63 76 81 82 85 96 1 18 16 29 30 38 37 47 50 55 59 62 64 84 89 93 100 4 20 33 35 39 40 44 71 77 87 19 72 98
Volta 19: 11 51 75 80 92 5 22 26 43 45 41 48 57 60 83 86 94 99 10 7 6 14 13 15 17 24 23 21 31 34 36 42 54 56 63 76 81 91 96 1 16 28 30 27 29 38 37 47 46 59 62 64 82 85 89 93 100 20 18 33 35 40 44 50 55 71 77 84 87 4 19 39 72
Volta 20: 11 75 80 5 22 26 45 48 51 60 83 92 94 99 6 7 15 13 17 21 24 34 43 42 41 56 57 63 76 81 86 91 96 10 14 23 28 30 29 27 31 37 36 38 47 46 54 82 85 89 93 100 1 18 20 16 33 40 44 50 55 59 62 64 84 19 35 39 72 71 77 87 4
Volta 21: 11 80 5 45 51 75 92 94 7 15 13 17 21 22 26 34 41 42 48 60 56 63 76 81 83 86 91 99 6 14 24 23 30 29 28 31 36 38 37 43 47 46 54 57 85 93 100 96 10 16 27 40 44 50 59 62 82 84 89 1 19 18 20 33 35 55 64 72 71 77 39 87
Volta 22: 80 11 45 75 5 7 13 15 22 26 41 42 48 51 56 60 76 83 81 86 92 91 94 99 6 14 17 24 21 28 34 38 43 46 57 63 85 93 96 100 10 16 23 29 27 30 31 40 37 36 47 54 62 84 82 89 1 20 33 44 50 55 59 64 71 77 19 18 35 72 39 87
Volta 23: 80 11 7 15 26 45 41 42 48 56 75 76 86 92 94 91 5 14 13 17 22 21 24 38 46 51 60 57 63 85 83 81 99 10 6 28 30 34 31 37 36 40 43 47 62 84 93 96 100 1 16 23 27 29 44 54 59 71 82 89 18 20 19 33 50 55 64 72 77 35 39
Volta 24: 80 11 26 45 42 56 75 92 91 5 7 14 15 17 22 21 24 38 41 46 48 51 57 60 63 76 83 85 86 94 99 10 6 13 31 40 37 36 43 62 84 93 96 1 16 29 30 27 28 34 47 54 71 82 89 19 20 23 44 50 55 59 64 72 18 35 33 77
Volta 25: 11 56 75 80 92 7 15 24 21 22 26 41 45 42 48 46 51 57 60 63 76 85 86 91 99 5 6 10 14 13 17 31 36 38 62 83 94 93 16 29 34 37 40 43 47 71 82 84 89 96 1 23 30 27 28 44 54 59 64 72 18 19 20 35 33 50 55
Volta 26: 11 80 15 22 42 41 45 46 51 56 57 63 75 85 91 92 5 6 7 14 17 21 24 26 38 36 48 60 62 76 86 93 94 99 10 13 29 31 34 37 40 43 47 71 84 83 89 96 1 16 30 44 54 64 72 82 18 19 20 23 28 27 33 35 50 55 59
Volta 27: 80 15 11 22 41 42 46 51 57 56 75 85 92 91 5 6 14 21 24 26 36 38 45 48 60 63 62 76 86 94 93 99 7 10 17 31 37 43 47 71 84 83 1 13 16 30 29 34 40 44 54 82 89 96 20 19 23 27 28 33 35 55 64 72 18 50
Volta 28: 11 15 46 51 75 80 92 6 14 22 24 21 26 38 42 41 45 56 60 57 63 76 85 91 93 5 7 17 37 36 47 48 62 71 84 86 94 99 1 10 13 16 29 30 31 43 54 83 89 96 20 19 34 40 44 64 72 82 18 23 28 27 33 35 50 55
Volta 29: 11 15 46 80 92 14 21 22 24 38 42 45 51 57 60 56 75 76 85 91 5 6 7 17 26 37 41 48 63 62 71 84 86 93 94 99 1 10 13 29 31 36 43 47 83 16 30 44 54 64 82 89 96 19 20 23 27 35 34 40 50 72 18 28 33
Volta 30: 11 15 14 22 24 21 42 45 46 51 56 57 75 80 76 85 91 5 7 17 26 38 41 60 62 63 71 84 86 93 99 6 37 43 47 48 1 10 13 16 29 30 31 36 54 83 20 19 34 40 44 64 72 82 89 96 18 23 33 50 28
Volta 31: 11 14 24 22 42 45 46 57 76 80 85 5 7 15 21 38 51 56 60 62 75 86 93 91 6 17 26 43 41 47 63 71 84 99 10 13 29 30 37 36 48 54 83 1 16 31 40 44 64 72 89 96 19 20 23 33 34 50 82 18
Volta 32: 11 24 45 42 57 85 5 14 15 22 21 38 46 56 60 75 80 76 86 91 93 7 17 26 41 47 51 62 63 71 84 6 29 37 43 48 54 83 99 1 10 13 16 30 31 40 36 44 64 89 20 19 23 33 34 50 72 82 96 18
Volta 33: 11 57 5 15 14 24 22 38 45 42 56 75 80 76 85 86 7 21 26 46 51 60 63 62 91 93 6 17 37 41 43 48 47 54 71 83 84 99 13 29 30 31 36 40 64 1 10 16 23 34 44 50 72 89 19 20 33 82 96
Volta 34: 11 5 14 24 22 38 45 42 57 75 80 76 15 26 56 60 62 63 85 86 93 91 6 7 17 21 41 46 48 47 54 51 71 13 30 29 31 36 37 43 64 84 83 99 1 23 34 40 44 89 10 20 19 16 50 72 82 96 33
Volta 35: 11 5 14 24 38 42 45 57 75 76 15 22 26 56 63 80 85 86 91 6 7 41 47 48 51 54 60 62 93 17 21 30 29 36 43 46 71 84 99 13 31 34 37 44 64 83 1 10 16 20 23 40 50 72 82 89 19 96
Volta 36: 11 5 14 38 42 57 24 26 45 56 63 75 80 76 85 86 6 15 22 41 47 48 51 60 91 93 7 17 21 36 46 54 62 13 30 29 31 43 64 71 83 84 99 1 10 16 23 34 40 37 44 82 20 72 96 19
Volta 37: 11 5 14 42 57 24 26 38 63 75 76 80 85 86 6 15 22 45 48 51 56 7 36 41 47 46 54 60 62 91 93 13 17 21 30 29 31 43 64 71 84 99 23 34 37 40 44 82 83 1 10 16 20 72 96
Volta 38: 5 11 14 42 57 24 26 38 85 86 45 48 51 56 63 75 80 76 6 7 15 22 36 46 54 62 93 13 21 30 31 41 47 60 64 71 91 17 23 29 43 84 83 99 10 16 34 37 40 44 72 82 1 20 96
Volta 39: 5 11 14 42 24 38 57 86 26 45 48 56 63 75 80 76 85 7 15 22 36 46 54 51 62 93 6 13 30 41 47 60 64 71 91 17 21 31 43 83 84 99 23 29 34 40 44 72 82 10 20 16 37 1
Volta 40: 14 11 42 5 38 57 24 26 45 63 76 80 85 86 7 15 36 48 54 56 62 75 93 13 22 30 46 47 51 64 71 91 6 17 21 31 41 60 84 23 29 34 43 44 82 83 99 10 20 40 37 72 1 16
Volta 41: 14 11 42 5 57 24 26 38 45 80 76 85 86 7 48 54 56 63 15 22 30 36 46 47 51 62 71 75 93 6 13 17 21 31 41 60 64 91 29 44 43 83 84 10 20 23 34 72 82 99 1 37 40
Volta 42: 11 5 24 26 38 57 80 85 86 45 56 63 76 7 15 30 36 47 46 48 54 51 62 93 6 13 17 22 41 60 64 75 71 91 21 31 43 44 20 23 29 84 82 83 99 1 34 40 37
Volta 43: 11 5 24 38 57 80 85 86 26 45 56 76 7 15 30 46 47 48 54 51 62 63 6 13 17 22 36 41 64 75 71 93 21 60 91 20 23 29 31 43 44 82 84 34 83 99 1 40
Volta 44: 11 38 57 85 5 24 26 45 80 76 86 7 47 51 56 62 63 6 15 22 30 36 41 48 46 54 64 71 13 17 21 60 75 91 93 20 23 29 31 44 43 84 82 83 99 1 34 40
Volta 45: 11 57 85 5 24 38 45 80 86 26 47 56 62 63 76 6 7 30 36 41 46 48 54 51 15 13 17 22 64 75 71 93 20 21 29 44 43 60 91 23 31 84 82 34 83 99 1
Volta 46: 11 57 5 38 80 85 86 24 26 45 47 56 76 7 6 46 51 54 62 63 13 15 17 22 30 36 41 48 64 75 93 20 29 44 43 60 71 91 21 23 31 84 34 82 99 1 83
Volta 47: 11 57 5 80 85 86 24 38 45 47 56 76 7 6 26 54 62 17 30 41 46 51 63 15 13 22 29 36 44 48 60 64 75 71 93 20 43 84 91 23 21 34 31 82 99 1
Volta 48: 11 57 80 86 5 24 47 56 85 6 26 38 45 54 62 76 7 30 41 15 13 17 44 46 51 60 63 64 71 75 93 20 22 29 36 43 48 91 23 84 82 21 31 99 1
Volta 49: 11 57 80 86 5 47 56 85 6 24 26 38 45 62 76 7 30 41 54 15 13 17 46 51 63 71 93 20 22 29 36 44 48 60 64 75 91 23 43 84 82 99 21 31
Volta 50: 11 57 80 86 5 47 6 24 26 38 56 76 85 7 45 54 62 15 13 30 41 51 63 71 17 20 36 44 46 48 60 64 93 91 22 23 29 43 75 82 84 99 21 31
Volta 51: 11 57 86 47 80 5 24 38 56 76 85 6 26 54 62 7 41 45 51 63 13 15 17 20 30 36 46 60 64 71 93 91 22 29 44 43 48 75 84 82 23 99 21
Volta 52: 11 86 57 80 5 24 38 47 56 85 6 26 54 62 76 45 41 51 63 7 15 17 20 30 36 46 71 93 13 29 43 44 48 60 64 75 91 22 23 82 84 99 21
Volta 53: 11 86 80 47 57 5 6 24 26 38 54 56 62 85 51 76 15 20 17 30 45 41 46 63 7 13 29 36 43 48 60 64 71 75 93 91 23 44 82 22 84 99
Volta 54: 11 86 80 57 5 6 24 26 47 54 56 85 38 51 76 45 46 63 7 13 15 20 30 36 41 48 64 71 75 29 43 44 60 82 93 91 23 22 84 99
Volta 55: 11 80 86 5 6 26 47 54 57 56 24 51 85 38 45 46 63 76 7 15 20 30 36 41 48 71 13 29 44 43 60 64 75 82 91 93 22 23 84
Volta 56: 11 86 80 5 26 47 54 6 24 56 57 85 38 51 63 7 30 45 46 76 13 15 20 36 44 41 48 60 71 75 82 93 91 23 29 43 64 84 22
Volta 57: 11 80 86 47 54 5 6 26 24 38 51 57 56 63 85 30 46 76 7 15 13 36 41 45 48 60 75 71 82 93 20 43 44 84 91 23 29 64
Volta 58: 11 86 47 80 5 6 26 54 24 38 51 57 30 56 63 85 15 36 45 41 46 48 76 82 93 7 13 20 43 44 60 75 71 84 91 23 29 64
Volta 59: 11 86 47 80 5 6 26 54 24 51 57 38 56 63 85 30 36 41 45 48 46 76 82 93 7 13 15 20 43 44 60 75 71 84 29 91 23
Volta 60: 86 11 47 6 54 80 5 26 24 38 56 57 63 85 30 36 41 45 48 82 93 7 15 75 71 13 20 44 43 91 29
Volta 61: 86 11 47 5 6 26 54 80 24 57 56 63 30 38 41 48 82 85 7 15 36 45 93 13 20 43 44 75 71 91
Volta 62: 11 86 47 5 6 80 24 26 54 63 38 41 57 56 85 82 7 15 30 36 48 93 13 20 44 45 75 71 43 91
Volta 63: 11 86 47 5 6 24 54 63 80 26 38 41 57 85 7 15 48 56 82 93 13 20 30 36 45 44 75 43 71
Volta 64: 11 86 47 5 6 24 54 63 26 41 57 80 7 15 38 56 82 85 93 36 44 45 48 13 20 30 43 71 75
Volta 65: 11 86 5 24 47 63 6 26 54 7 15 38 41 57 80 85 93 36 45 44 56 82 20 48 71 13 30 43
Volta 66: 11 86 5 24 47 6 54 63 7 26 38 41 57 80 85 15 36 45 56 93 20 44 48 71 13 30 43
Volta 67: 11 86 5 24 6 47 63 7 26 38 41 54 57 80 85 15 45 56 36 44 48 71 93 13 20 30
Volta 68: 11 86 5 6 24 47 63 26 54 80 85 7 38 41 45 57 15 36 44 48 56 71 93 13 20 30
Volta 69: 11 86 5 6 24 63 47 54 85 7 26 38 41 80 15 36 44 45 48 57 56 71 93 20 13
Volta 70: 11 86 5 6 24 63 47 85 7 26 38 41 54 80 15 44 45 48 57 56 71 93 20 36 13
Volta 71: 11 6 86 5 24 47 63 7 26 38 41 80 85 48 54 57 71 93 15 20 45 44 56 36
Volta 72: 11 86 5 47 63 7 26 85 38 41 54 57 80 93 15 44 45 48 56 71 20 36
Volta 73: 11 86 47 5 63 85 7 26 38 41 54 57 80 93 44 45 48 56 71 15 20
Volta 74: 11 86 5 47 63 85 26 38 54 80 7 41 48 56 57 71 93 20 45 44 15
Volta 75: 11 86 47 63 5 26 38 54 80 85 41 57 93 7 20 44 45 48 56 71
Volta 76: 11 86 47 26 38 54 63 80 85 5 41 93 7 20 44 48 56 57 71 45
Volta 77: 11 86 26 38 47 54 63 80 5 41 85 93 7 20 44 48 57 56 71
Volta 78: 11 86 26 38 47 54 80 5 41 63 85 93 20 71 7 44 48 57 56
Volta 79: 11 86 26 38 54 80 5 41 47 63 85 20 71 93 7 44 57 48
Volta 80: 11 86 26 38 80 5 41 47 54 85 63 71 93 7 20 57 44 48
Volta 81: 11 86 26 38 54 80 85 5 41 47 71 7 20 57 63 93 44
Volta 82: 11 86 26 54 85 5 38 41 47 80 7 71 93 20 57 63 44
Volta 83: 11 86 26 54 5 38 41 47 80 85 71 93 7 20 57 63
Volta 84: 11 26 86 54 5 47 80 85 38 41 20 63 71 93 7 57
Volta 85: 11 26 86 54 5 38 41 47 80 85 20 63 93 7 71
Volta 86: 11 26 54 86 47 85 5 38 41 63 80 93 7 20 71
Volta 87: 11 26 54 86 47 5 38 41 63 80 85 93 7 20
Volta 88: 11 26 86 54 47 38 41 85 5 63 80 93 7 20
Volta 89: 11 26 86 54 47 38 41 5 63 80 85 7 93
Volta 90: 86 11 54 47 38 41 63 80 85 5 7 93
Volta 91: 86 11 47 54 38 41 63 80 85 5 7
Volta 92: 86 11 38 41 47 54 80 85 63 5 7
Volta 93: 86 11 41 54 38 47 85 63 80 5
Volta 94: 86 11 41 54 38 47 63 80 85 5
Volta 95: 86 11 41 54 38 47 63 80 85
Volta 96: 86 11 41 54 38 47 63 85
Volta 97: 86 11 41 54 38 47 63
Volta 98: 86 11 41 54 38 47 63
Volta 99: 86 11 41 38 54 47
Volta 100: 11 86 41 38 54 47
Volta 101: 86 11 41 38 54
Volta 102: 11 86 38 54
Volta 103: 11 86 38
Volta 104: 11 86 38

Ranqueamento Final:
1: Ciclista 38 - 10050.90 segundos
2: Ciclista 86 - 9977.10 segundos
3: Ciclista 11 - 9900.30 segundos
4: Ciclista 54 - 9826.26 segundos
5: Ciclista 47 - 9751.14 segundos
6: Ciclista 63 - 9601.50 segundos
7: Ciclista 85 - 9376.98 segundos
8: Ciclista 5 - 9300.06 segundos
9: Ciclista 7 - 9075.18 segundos
10: Ciclista 93 - 8852.22 segundos
11: Ciclista 20 - 8700.42 segundos
12: Ciclista 71 - 8476.74 segundos
13: Ciclista 57 - 8326.38 segundos
14: Ciclista 44 - 8176.02 segundos
15: Ciclista 48 - 7951.14 segundos
16: Ciclista 56 - 7726.38 segundos
17: Ciclista 45 - 7576.02 segundos
18: Ciclista 15 - 7425.30 segundos
19: Ciclista 36 - 7200.90 segundos
20: Ciclista 13 - 7050.30 segundos
21: Ciclista 30 - 6900.66 segundos
22: Ciclista 43 - 6676.02 segundos
23: Ciclista 75 - 6451.74 segundos
24: Ciclista 91 - 6302.22 segundos
25: Ciclista 29 - 6150.66 segundos
26: Ciclista 64 - 5926.50 segundos
27: Ciclista 22 - 5775.54 segundos
28: Ciclista 99 - 5552.34 segundos
29: Ciclista 21 - 5475.54 segundos
30: Ciclista 31 - 5250.78 segundos
31: Ciclista 1 - 5100.06 segundos
32: Ciclista 83 - 4876.98 segundos
33: Ciclista 40 - 4650.90 segundos
34: Ciclista 37 - 4500.90 segundos
35: Ciclista 16 - 4275.42 segundos
36: Ciclista 96 - 4052.34 segundos
37: Ciclista 19 - 3900.42 segundos
38: Ciclista 33 - 3675.78 segundos
39: Ciclista 18 - 3525.42 segundos
40: Ciclista 28 - 3300.66 segundos
41: Ciclista 55 - 3001.26 segundos
42: Ciclista 59 - 2776.38 segundos
43: Ciclista 77 - 2626.86 segundos
44: Ciclista 87 - 2477.10 segundos
45: Ciclista 4 - 2250.06 segundos
46: Ciclista 98 - 2027.34 segundos
47: Ciclista 74 - 1876.74 segundos
48: Ciclista 90 - 1577.10 segundos
49: Ciclista 12 - 1425.30 segundos
50: Ciclista 78 - 1201.86 segundos
51: Ciclista 79 - 976.86 segundos
52: Ciclista 69 - 826.62 segundos
53: Ciclista 97 - 527.34 segundos
54: Ciclista 88 - 302.10 segundos

Ciclista 2 quebrou na volta 12 - 1200.00 segundos
Ciclista 3 quebrou na volta 18 - 1725.00 segundos
Ciclista 6 quebrou na volta 72 - 6900.12 segundos
Ciclista 8 quebrou na volta 18 - 1725.12 segundos
Ciclista 9 quebrou na volta 18 - 1875.12 segundos
Ciclista 10 quebrou na volta 42 - 4350.12 segundos
Ciclista 14 quebrou na volta 42 - 3900.24 segundos
Ciclista 17 quebrou na volta 54 - 5400.36 segundos
Ciclista 23 quebrou na volta 60 - 6150.48 segundos
Ciclista 24 quebrou na volta 72 - 6975.48 segundos
Ciclista 25 quebrou na volta 18 - 1875.48 segundos
Ciclista 26 quebrou na volta 90 - 8475.60 segundos
Ciclista 27 quebrou na volta 30 - 3225.60 segundos
Ciclista 32 quebrou na volta 6 - 750.72 segundos
Ciclista 34 quebrou na volta 48 - 5025.72 segundos
Ciclista 35 quebrou na volta 30 - 3150.72 segundos
Ciclista 39 quebrou na volta 24 - 2625.84 segundos
Ciclista 41 quebrou na volta 102 - 9750.96 segundos
Ciclista 42 quebrou na volta 42 - 3825.96 segundos
Ciclista 46 quebrou na volta 60 - 6001.08 segundos
Ciclista 49 quebrou na volta 18 - 1651.08 segundos
Ciclista 50 quebrou na volta 36 - 3751.08 segundos
Ciclista 51 quebrou na volta 60 - 5776.20 segundos
Ciclista 52 quebrou na volta 6 - 676.20 segundos
Ciclista 53 quebrou na volta 6 - 676.20 segundos
Ciclista 58 quebrou na volta 12 - 1351.32 segundos
Ciclista 60 quebrou na volta 60 - 6001.32 segundos
Ciclista 61 quebrou na volta 6 - 601.44 segundos
Ciclista 62 quebrou na volta 54 - 5176.44 segundos
Ciclista 65 quebrou na volta 18 - 1951.44 segundos
Ciclista 66 quebrou na volta 6 - 601.56 segundos
Ciclista 67 quebrou na volta 18 - 1801.56 segundos
Ciclista 68 quebrou na volta 18 - 1876.56 segundos
Ciclista 70 quebrou na volta 12 - 1201.56 segundos
Ciclista 72 quebrou na volta 42 - 4351.68 segundos
Ciclista 73 quebrou na volta 18 - 1951.68 segundos
Ciclista 76 quebrou na volta 60 - 5926.80 segundos
Ciclista 80 quebrou na volta 96 - 9301.80 segundos
Ciclista 81 quebrou na volta 24 - 2326.92 segundos
Ciclista 82 quebrou na volta 66 - 6526.92 segundos
Ciclista 84 quebrou na volta 60 - 6001.92 segundos
Ciclista 89 quebrou na volta 36 - 3752.04 segundos
Ciclista 92 quebrou na volta 30 - 2777.16 segundos
Ciclista 94 quebrou na volta 30 - 3002.16 segundos
Ciclista 95 quebrou na volta 12 - 1277.16 segundos
Ciclista 100 quebrou na volta 24 - 2402.28 segundos
