Volta 1: 2 4 5 3 1 8 6 7 10 9 12 15 14 11 13 20 18 16 17 19 23 21 24 25 22 28 29 26 27 30 31 33 34 35 32 40 39 37 38 36 43 45 44 42 41 50 46 49 48 47
Volta 2: 4 2 3 9 8 7 10 6 13 12 14 11 15 17 16 19 20 22 25 26 29 27 28 30 33 32 35 31 34 38 39 36 45 41 42 43 44 46 5 1 18 23 24 21 37 40 48 47 50 49
Volta 3: 3 2 4 10 8 7 9 15 14 13 11 16 20 17 19 22 25 29 30 35 31 33 34 39 36 44 45 42 1 5 6 12 21 24 26 28 27 32 37 38 41 43 50 47 46 18 23 40 48
Volta 4: 2 4 10 7 9 14 13 15 16 20 19 17 30 29 34 35 31 39 44 42 45 3 5 8 6 11 12 25 22 24 26 27 28 32 33 36 37 38 43 41 50 47 46 1 18 23 21 40 48
Volta 5: 4 10 7 13 16 19 20 29 35 45 42 44 2 3 5 6 8 9 14 11 15 17 22 28 30 27 32 33 31 34 38 39 37 36 41 43 46 47 12 18 21 25 24 26 40 50 1 23
Volta 6: 13 19 16 20 35 5 4 7 10 9 14 15 17 22 30 28 27 33 31 34 37 36 38 39 43 45 44 46 47 3 2 6 8 12 11 18 24 21 32 40 41 50 1 23 26
Volta 7: 13 19 20 35 4 7 16 27 28 34 33 37 38 46 47 5 2 3 9 6 10 15 14 12 17 18 24 22 30 32 31 36 39 40 43 41 44 45 1 8 11 23 21 50
Volta 8: 13 20 16 19 28 34 35 37 46 47 4 5 2 3 9 7 14 15 17 22 27 30 31 33 32 36 38 39 40 44 43 41 45 1 10 8 6 11 12 18 24 23 21 50
Volta 9: 13 20 19 28 34 37 47 46 4 5 7 16 22 27 35 33 39 38 36 41 43 45 3 2 8 9 6 10 14 15 12 11 17 18 21 30 32 31 40 44 1 24 23
Volta 10: 20 13 19 28 47 46 5 4 7 16 35 34 33 37 36 38 45 2 3 6 14 15 11 17 22 30 27 31 32 39 44 41 43 1 8 9 10 12 18 23 21 24 40
Volta 11: 13 20 19 46 4 16 28 35 34 33 38 36 45 47 2 5 7 14 11 15 22 27 30 32 31 39 37 43 41 44 3 9 6 8 12 17 18 21 24 1 10 23
Volta 12: 13 20 4 19 16 28 33 35 45 47 46 5 7 11 14 15 22 30 31 39 36 38 43 41 44 3 8 12 17 18 21 24 27 32 37 1 6 9 23 10
Volta 13: 13 16 19 20 46 47 4 7 14 22 28 35 31 33 36 38 39 45 44 41 43 5 8 11 15 17 21 30 32 37 3 6 9 12 18 24 27 1 23
Volta 14: 13 20 19 46 4 7 14 16 28 33 35 31 36 39 43 41 45 44 47 8 11 15 17 22 21 30 38 5 3 6 12 18 24 32 37 1 9 23 27
Volta 15: 13 4 7 20 19 16 28 31 33 36 41 44 46 47 14 15 11 17 30 35 39 38 43 45 8 12 21 22 24 32 37 5 3 9 6 18 1 23
Volta 16: 4 7 13 19 20 16 28 31 41 46 14 15 30 35 33 36 39 43 45 44 47 8 11 12 17 21 22 38 37 3 9 18 24 32 5 1 6 23
Volta 17: 4 7 13 19 16 20 28 31 41 46 15 14 30 33 35 39 36 44 47 8 11 12 17 22 38 37 43 45 3 9 18 21 24 5 1 32 6
Volta 18: 4 7 20 28 41 46 14 13 15 19 31 35 36 44 8 11 30 33 39 45 47 9 12 18 17 22 24 38 37 43 1 3 32 5 6
Volta 19: 4 20 28 46 7 15 14 19 35 31 44 41 8 13 11 30 33 36 39 47 18 17 38 45 1 9 12 22 24 32 37 43 3 5
Volta 20: 4 20 46 7 14 15 28 35 31 44 13 11 19 39 36 41 8 17 18 30 33 45 47 1 9 12 24 22 32 38 37 43 3 5
Volta 21: 20 46 4 44 7 15 11 14 19 28 31 35 36 41 8 13 18 30 33 39 45 47 1 9 12 17 24 38 37 22 32 43 3
Volta 22: 46 20 44 4 7 14 15 19 31 35 36 41 8 13 11 30 28 33 45 47 1 12 18 24 39 9 17 22 32 38 37 43 3
Volta 23: 46 4 15 20 44 41 8 7 14 11 19 28 35 31 36 45 47 1 13 12 24 30 33 9 17 18 32 37 39 22 38 43
Volta 24: 46 15 41 7 8 14 11 20 19 35 44 45 12 13 28 30 31 33 36 47 9 18 17 39 37 22 32 38 43
Volta 25: 41 46 15 14 19 20 35 45 44 7 8 11 13 12 30 47 17 18 28 33 31 37 36 9 32 39 38 22
Volta 26: 46 15 35 45 41 8 7 11 14 20 19 30 44 12 13 17 28 33 36 37 47 9 18 31 39 38 22 32
Volta 27: 46 15 45 19 20 35 41 44 8 7 14 12 13 11 17 30 36 37 47 9 18 28 31 33 38 39 22
Volta 28: 15 46 19 20 35 45 7 12 14 13 11 30 41 44 8 18 17 28 31 36 39 37 47 9 33 38 22
Volta 29: 15 46 35 45 7 11 14 20 19 30 44 8 12 13 17 36 37 41 47 9 18 28 31 39 38 33
Volta 30: 15 46 7 19 30 35 45 44 8 14 11 13 12 20 17 37 36 18 31 41 47 9 38 39 33
Volta 31: 46 15 7 35 44 45 8 14 11 13 19 17 20 30 12 18 31 36 37 41 9 38 47 39
Volta 32: 46 15 7 35 44 45 8 11 13 19 20 30 14 12 17 36 37 41 9 18 31 47 38 39
Volta 33: 46 15 35 45 44 8 7 11 13 20 19 30 12 14 17 36 41 18 31 37 47 9 38
Volta 34: 46 15 35 45 44 7 11 20 30 8 13 12 17 19 41 14 18 31 36 47 37 9 38
Volta 35: 46 35 44 15 11 20 45 7 8 13 12 19 30 41 14 17 31 36 18 37 47 9
Volta 36: 35 44 46 11 15 20 45 7 8 13 19 30 41 12 14 17 31 36 18 47 37 9
Volta 37: 46 35 44 45 7 15 11 19 20 30 41 8 13 12 17 36 14 31 18 37 47
Volta 38: 46 35 45 44 15 20 41 8 7 13 11 17 19 30 36 12 31 14 18 47 37
Volta 39: 35 45 46 15 20 41 44 7 8 11 19 30 36 12 13 17 31 14 47 18
Volta 40: 45 46 20 35 41 44 7 8 15 36 11 12 19 17 30 31 13 14 18 47
Volta 41: 45 35 41 44 46 8 7 15 20 11 17 19 30 31 36 12 14 13 18
Volta 42: 45 46 7 15 20 35 44 41 8 11 17 19 30 12 31 36 13 14 18
Volta 43: 45 46 15 20 35 44 7 19 41 8 11 17 30 31 36 13 12 14
Volta 44: 15 20 44 45 46 35 41 7 11 19 17 30 36 8 12 31 13 14
Volta 45: 15 46 20 35 45 44 41 7 19 36 8 12 11 17 30 31 13
Volta 46: 15 20 35 44 46 7 19 36 45 41 8 11 12 17 30 31 13
Volta 47: 15 20 44 7 19 35 36 45 41 46 8 11 30 12 17 31
Volta 48: 20 44 15 35 36 45 8 7 11 19 41 46 12 17 30 31
Volta 49: 44 20 35 8 15 11 19 36 41 45 46 7 12 17 30
Volta 50: 44 20 8 15 35 45 7 12 11 19 36 41 46 17 30
Volta 51: 20 44 15 35 45 7 8 19 41 46 11 12 17 36
Volta 52: 20 35 44 8 15 41 45 46 7 12 11 19 17 36
Volta 53: 20 35 44 8 15 45 7 12 41 46 11 17 19
Volta 54: 20 44 15 8 7 45 41 46 12 11 19 17
Volta 55: 20 44 15 8 45 7 41 46 11 12 19
Volta 56: 20 44 15 8 41 45 46 7 12 11 19
Volta 57: 44 20 15 8 45 41 46 7 11 12
Volta 58: 44 20 15 41 8 45 46 7 11 12
Volta 59: 44 20 41 8 15 45 46 7 11
Volta 60: 44 20 41 8 15 7 11 45 46
Volta 61: 44 20 8 15 41 45 7 11
Volta 62: 44 8 20 41 15 45 7 11
Volta 63: 44 8 20 41 15 45 7
Volta 64: 44 8 20 41 45 15 7
Volta 65: 8 44 20 45 41 15
Volta 66: 44 8 20 45 41 15
Volta 67: 8 20 44 45 41
Volta 68: 8 20 45 44 41
Volta 69: 8 20 44 45
Volta 70: 8 20 45 44
Volta 71: 8 20 45
Volta 72: 8 20 45
Volta 73: 20 8
Volta 74: 20 8

Ranqueamento Final:
1: Ciclista 8 - 14400.18 segundos
2: Ciclista 20 - 14250.42 segundos
3: Ciclista 45 - 13951.02 segundos
4: Ciclista 44 - 13651.02 segundos
5: Ciclista 41 - 13351.02 segundos
6: Ciclista 15 - 13200.30 segundos
7: Ciclista 7 - 12900.18 segundos
8: Ciclista 11 - 12450.30 segundos
9: Ciclista 46 - 12001.14 segundos
10: Ciclista 12 - 11700.30 segundos
11: Ciclista 19 - 11250.42 segundos
12: Ciclista 17 - 10800.42 segundos
13: Ciclista 36 - 10350.90 segundos
14: Ciclista 30 - 10200.66 segundos
15: Ciclista 31 - 9600.78 segundos
16: Ciclista 13 - 9300.30 segundos
17: Ciclista 14 - 9150.30 segundos
18: Ciclista 18 - 8700.42 segundos
19: Ciclista 47 - 8251.14 segundos
20: Ciclista 37 - 7950.90 segundos
21: Ciclista 9 - 7650.18 segundos
22: Ciclista 38 - 7200.90 segundos
23: Ciclista 39 - 6900.90 segundos
24: Ciclista 33 - 6450.78 segundos
25: Ciclista 22 - 6000.54 segundos
26: Ciclista 32 - 5550.78 segundos
27: Ciclista 43 - 5101.02 segundos
28: Ciclista 3 - 4950.06 segundos
29: Ciclista 5 - 4500.06 segundos
30: Ciclista 6 - 4050.18 segundos
31: Ciclista 23 - 3600.54 segundos
32: Ciclista 27 - 3150.66 segundos
33: Ciclista 10 - 2850.18 segundos
34: Ciclista 40 - 2250.90 segundos
35: Ciclista 50 - 1951.14 segundos
36: Ciclista 26 - 1500.66 segundos
37: Ciclista 48 - 1201.14 segundos
38: Ciclista 49 - 601.14 segundos

Ciclista 1 quebrou na volta 24 - 4800.00 segundos
Ciclista 2 quebrou na volta 12 - 2400.00 segundos
Ciclista 4 quebrou na volta 24 - 4500.00 segundos
Ciclista 16 quebrou na volta 18 - 3300.36 segundos
Ciclista 21 quebrou na volta 18 - 3750.48 segundos
Ciclista 24 quebrou na volta 24 - 4800.48 segundos
Ciclista 25 quebrou na volta 6 - 1500.48 segundos
Ciclista 28 quebrou na volta 30 - 6150.60 segundos
Ciclista 29 quebrou na volta 6 - 1050.60 segundos
Ciclista 34 quebrou na volta 12 - 2250.72 segundos
Ciclista 35 quebrou na volta 54 - 10350.72 segundos
Ciclista 42 quebrou na volta 6 - 1200.96 segundos
