Volta 1: 2 4 5 3 1 8 6 7 10 9 12 15 14 11 13 20 18 16 17 19 23 21 24 25 22 28 29 26 27 30 31 33 34 35 32 40 39 37 38 36 43 45 44 42 41 50 46 49 48 47
Volta 2: 4 2 1 9 8 7 10 6 13 12 14 11 15 16 19 18 20 25 23 26 29 27 28 30 33 32 35 31 34 40 37 39 45 41 42 43 44 46 3 5 17 24 22 21 36 38 48 47 50 49
Volta 3: 2 4 1 10 6 8 9 12 14 13 11 16 20 19 18 23 25 29 28 35 31 33 32 37 39 41 45 42 3 5 7 15 21 24 22 30 27 26 34 38 40 44 43 47 46 50 17 36 48
Volta 4: 2 4 10 9 6 11 14 13 16 20 19 18 23 25 28 29 32 35 31 37 39 45 42 41 1 7 8 12 21 24 22 26 30 27 33 34 40 38 43 44 46 47 50 5 3 15 17 36 48
Volta 5: 4 2 6 10 19 18 20 28 29 35 39 37 42 41 1 9 8 12 13 14 11 16 23 22 24 25 30 26 32 34 31 33 40 38 45 43 46 47 3 5 7 15 17 21 27 44 50 36
Volta 6: 2 4 6 10 18 28 29 35 37 42 1 8 11 13 14 16 20 19 25 24 30 26 33 32 34 31 38 39 43 41 45 47 5 7 12 15 17 22 21 23 27 40 46 50 3 36
Volta 7: 10 18 28 35 1 4 2 6 14 11 13 20 25 24 30 29 34 33 32 39 38 37 42 41 47 5 8 7 15 19 16 21 23 26 31 45 43 46 50 12 17 22 27 40 3
Volta 8: 18 28 35 1 4 2 10 13 24 25 29 32 34 39 42 41 47 5 8 7 6 11 14 16 19 20 21 30 33 31 38 37 45 43 15 12 17 23 22 26 27 46 50 3 40
Volta 9: 18 28 1 2 10 25 29 34 35 41 47 5 4 8 6 14 11 13 20 19 16 24 21 30 32 33 38 39 37 43 42 7 15 12 17 23 26 31 45 50 46 22 27 3
Volta 10: 18 28 2 10 25 29 34 35 41 47 5 1 4 6 14 13 16 20 21 24 32 37 39 42 7 8 11 12 15 17 19 23 26 30 31 33 38 43 45 46 50 3 22 27
Volta 11: 18 2 28 35 41 47 5 10 6 14 13 24 21 25 29 34 39 37 42 4 1 8 15 12 11 20 17 16 19 23 30 31 32 43 46 7 26 33 38 45 50 22 3
Volta 12: 18 28 35 41 47 2 10 13 14 24 21 29 34 39 5 8 6 16 25 30 31 32 37 42 43 46 4 7 12 11 15 20 19 17 23 33 38 45 50 26 3 22
Volta 13: 18 28 47 2 21 35 34 39 41 5 6 10 14 13 16 25 24 29 32 37 42 43 4 8 15 11 12 17 19 30 31 33 45 50 46 7 20 23 38 26 3
Volta 14: 18 28 47 21 34 35 41 5 2 6 14 13 16 24 25 29 39 37 42 4 10 11 15 12 30 32 31 45 43 46 50 8 7 19 17 20 23 33 26 38 3
Volta 15: 28 47 18 21 41 2 14 13 16 29 35 34 39 37 4 5 10 6 15 24 25 30 31 43 45 42 7 8 11 12 20 17 19 33 32 46 50 23 26 38
Volta 16: 47 18 21 28 14 13 16 29 35 39 41 5 2 4 10 6 25 24 30 34 37 45 7 8 15 11 19 32 33 31 42 43 50 46 12 20 17 23 26 38
Volta 17: 18 21 28 47 13 16 39 41 5 2 4 6 10 14 25 30 29 34 35 37 8 7 15 19 24 32 42 43 45 50 12 11 17 23 26 31 33 46 20
Volta 18: 18 28 47 16 21 41 2 6 10 14 13 25 29 30 35 34 39 37 5 4 7 19 24 45 8 15 11 17 23 26 32 31 33 43 42 46 50 12 20
Volta 19: 28 47 18 16 21 41 10 6 13 25 29 34 39 4 2 5 14 19 30 35 37 45 8 7 15 11 17 23 24 26 31 33 42 50 46 12 32 43
Volta 20: 18 16 21 28 47 10 6 13 25 39 41 4 2 14 19 30 29 35 34 37 5 7 8 15 11 17 23 31 33 45 50 46 24 26 32 42 43 12
Volta 21: 16 28 47 6 18 21 2 10 14 13 19 25 29 34 39 41 5 4 8 7 15 23 30 31 35 37 45 50 11 17 24 33 32 42 46 26 43
Volta 22: 28 16 21 47 2 10 6 14 13 18 25 29 34 39 41 4 7 15 19 23 31 35 45 50 5 8 30 33 37 42 46 11 17 24 32 43 26
Volta 23: 28 16 21 2 10 6 14 18 25 34 39 47 13 19 23 29 35 41 4 5 7 8 15 30 31 33 37 42 45 50 46 11 24 32 43 17
Volta 24: 16 28 2 10 14 25 21 39 6 13 18 23 29 34 35 41 47 4 5 7 8 19 30 31 33 45 46 50 11 15 24 32 37 43 42 17
Volta 25: 2 10 14 16 21 28 39 6 13 18 23 25 29 34 47 19 30 35 31 45 41 50 46 4 5 8 7 11 15 33 32 42 24 37 43
Volta 26: 2 14 21 28 39 10 16 25 29 6 13 18 19 23 31 34 45 41 50 47 46 5 4 8 11 30 32 35 42 7 15 24 33 37 43
Volta 27: 2 21 39 10 14 16 25 28 29 6 13 19 18 23 34 31 41 45 46 47 8 11 30 32 42 50 4 5 7 15 35 33 37 24
Volta 28: 2 21 39 10 14 16 25 29 13 19 28 31 45 41 47 8 6 11 18 23 32 34 42 46 4 5 7 30 35 50 15 24 33 37
Volta 29: 2 39 10 21 25 29 14 13 19 16 28 41 45 47 6 11 18 23 34 31 42 7 8 30 32 46 50 5 4 15 24 33 35
Volta 30: 39 10 21 25 14 19 29 41 45 47 11 16 18 28 31 34 42 8 6 23 32 50 46 4 5 7 30 35 33 15 24
Volta 31: 21 39 10 19 25 29 45 41 47 11 14 16 34 31 6 18 23 28 42 4 5 7 8 30 35 32 33 50 46 15
Volta 32: 39 10 19 21 25 41 45 47 11 14 29 31 34 18 16 23 8 7 6 28 30 33 35 32 42 4 5 15 50 46
Volta 33: 19 21 39 41 47 10 14 25 45 11 16 29 31 34 6 7 18 23 30 33 32 35 42 4 5 8 15 28 50
Volta 34: 19 21 39 41 47 14 25 45 10 11 29 31 7 16 23 30 33 34 35 42 5 4 6 8 18 28 32 50 15
Volta 35: 19 21 39 47 41 11 14 25 31 45 10 16 30 29 35 34 33 42 7 6 23 28 50 5 4 8 18 32
Volta 36: 47 19 21 39 41 11 25 45 10 14 16 29 31 33 34 6 23 28 30 35 42 5 4 7 18 50 8 32
Volta 37: 47 21 39 41 11 19 45 10 16 25 34 31 6 14 23 30 28 29 33 35 4 7 18 42 50 5 8
Volta 38: 47 21 39 11 19 41 10 16 25 34 31 45 6 28 29 30 33 35 7 14 23 50 5 4 18 42 8
Volta 39: 47 21 39 41 10 11 16 19 25 34 31 45 30 28 29 6 7 14 23 33 35 50 5 18 42 4
Volta 40: 47 39 41 10 11 19 16 21 25 34 31 45 30 29 6 7 28 33 35 50 5 14 18 23 42 4
Volta 41: 47 41 10 21 34 39 45 11 19 16 25 30 29 31 50 5 7 6 14 18 23 28 35 33 42
Volta 42: 41 47 10 21 34 11 16 19 25 30 29 45 31 50 6 7 14 23 35 33 42 5 18 28
Volta 43: 47 21 34 41 10 11 19 16 25 30 45 29 50 6 14 23 31 35 33 42 5 7 18
Volta 44: 47 21 34 41 11 19 30 10 16 25 29 45 50 6 23 31 33 35 42 5 7 14 18
Volta 45: 47 11 19 21 30 34 41 10 16 25 45 50 6 23 29 35 31 33 42 5 7 14
Volta 46: 47 19 21 30 41 11 16 34 45 50 10 25 29 31 35 42 5 6 23 33 7 14
Volta 47: 19 30 41 47 11 16 21 34 50 10 25 29 31 45 5 6 23 35 33 42 7
Volta 48: 19 30 41 11 21 34 47 16 25 45 50 10 23 29 35 42 5 6 33 7
Volta 49: 41 11 19 30 47 21 25 34 45 50 10 16 23 29 42 5 6 35 33
Volta 50: 11 30 41 47 19 25 34 45 50 16 21 23 42 6 10 29 35 33 5
Volta 51: 11 30 41 47 19 25 50 21 34 45 10 6 16 23 29 35 42 33
Volta 52: 30 41 47 11 19 25 50 34 45 6 10 21 23 35 42 16 29 33
Volta 53: 30 47 11 25 41 19 45 50 6 21 34 42 10 16 23 29 35
Volta 54: 30 25 41 47 11 45 50 6 19 21 42 10 23 29 35 34 16
Volta 55: 30 25 41 47 11 45 50 19 10 6 21 34 42 23 29 35
Volta 56: 30 41 47 25 45 11 19 50 6 21 10 29 34 35 42 23
Volta 57: 30 41 25 45 47 50 11 19 21 6 10 34 42 29 35
Volta 58: 30 41 45 47 25 50 11 19 21 6 34 42 10 29 35
Volta 59: 30 41 47 25 45 50 11 19 21 42 10 6 29 34
Volta 60: 30 41 47 19 25 50 11 21 10 6 34
Volta 61: 30 41 47 25 50 11 19 21 10 6
Volta 62: 30 41 47 25 50 11 19 21 10 6
Volta 63: 30 41 47 25 50 11 19 21 10
Volta 64: 30 41 47 25 50 11 19 21 10
Volta 65: 30 41 47 25 50 19 11 21
Volta 66: 30 41 47 25 19 50 11 21
Volta 67: 30 41 47 25 19 11 50
Volta 68: 30 41 47 25 19 11 50
Volta 69: 41 30 47 25 11 19
Volta 70: 41 30 47 25 11 19
Volta 71: 41 30 47 25 11
Volta 72: 41 30 47 25 11
Volta 73: 41 30 47 25
Volta 74: 41 30 47 25
Volta 75: 41 30 47
Volta 76: 41 30 47
Volta 77: 41 30
Volta 78: 41 30

Ranqueamento Final:
1: Ciclista 30 - 14850.66 segundos
2: Ciclista 41 - 14551.02 segundos
3: Ciclista 47 - 14401.14 segundos
4: Ciclista 25 - 14100.54 segundos
5: Ciclista 11 - 13950.30 segundos
6: Ciclista 19 - 13650.42 segundos
7: Ciclista 50 - 13351.14 segundos
8: Ciclista 21 - 13050.54 segundos
9: Ciclista 10 - 12900.18 segundos
10: Ciclista 6 - 12300.18 segundos
11: Ciclista 34 - 11851.02 segundos
12: Ciclista 35 - 11550.78 segundos
13: Ciclista 23 - 11250.54 segundos
14: Ciclista 16 - 10800.42 segundos
15: Ciclista 33 - 10500.78 segundos
16: Ciclista 5 - 10050.06 segundos
17: Ciclista 7 - 9750.18 segundos
18: Ciclista 14 - 9300.30 segundos
19: Ciclista 18 - 9000.42 segundos
20: Ciclista 28 - 8550.66 segundos
21: Ciclista 4 - 8250.06 segundos
22: Ciclista 8 - 7950.18 segundos
23: Ciclista 32 - 7500.78 segundos
24: Ciclista 15 - 7050.30 segundos
25: Ciclista 46 - 6601.14 segundos
26: Ciclista 24 - 6300.54 segundos
27: Ciclista 37 - 5850.90 segundos
28: Ciclista 43 - 5401.02 segundos
29: Ciclista 17 - 5100.42 segundos
30: Ciclista 26 - 4800.66 segundos
31: Ciclista 12 - 4350.30 segundos
32: Ciclista 20 - 3900.42 segundos
33: Ciclista 38 - 3450.90 segundos
34: Ciclista 3 - 3450.06 segundos
35: Ciclista 22 - 2850.54 segundos
36: Ciclista 27 - 2400.66 segundos
37: Ciclista 40 - 1950.90 segundos
38: Ciclista 36 - 1500.90 segundos
39: Ciclista 48 - 1201.14 segundos
40: Ciclista 49 - 601.14 segundos

Ciclista 1 quebrou na volta 12 - 2400.00 segundos
Ciclista 2 quebrou na volta 30 - 5400.00 segundos
Ciclista 9 quebrou na volta 6 - 1200.12 segundos
Ciclista 13 quebrou na volta 30 - 5850.24 segundos
Ciclista 29 quebrou na volta 60 - 11850.60 segundos
Ciclista 31 quebrou na volta 48 - 9300.72 segundos
Ciclista 39 quebrou na volta 42 - 7950.84 segundos
Ciclista 42 quebrou na volta 60 - 11850.96 segundos
Ciclista 44 quebrou na volta 6 - 1350.96 segundos
Ciclista 45 quebrou na volta 60 - 11400.96 segundos
