Volta 1: 2 5 3 1 4 6 9 10 7 8 11 13 14 12 15 18 17 19 20 16 22 24 21 23 25 30 29 28 27 26 33 32 35 34 31 39 40 36 37 38 42 44 41 45 43 48 46 49 47 50 54 55 53 51 52 59 58 56 60 57 63 64 61 65 62 67 68 70 69 66 71 73 72 75 74 79 76 78 80 77 83 84 85 82 81 87 89 86 88 90 95 91 92 93 94 100 98 99 96 97
Volta 2: 2 5 8 6 7 10 15 14 17 20 16 23 24 25 22 27 26 28 30 29 32 35 33 37 40 39 38 43 41 45 44 49 46 50 48 53 54 52 51 55 59 60 57 56 65 63 64 61 62 68 66 69 67 73 72 71 74 75 76 78 77 80 79 83 81 84 82 87 90 88 89 86 91 93 95 97 100 98 99 96 1 4 3 9 11 12 13 18 19 21 31 34 36 42 47 58 70 85 94 92
Volta 3: 2 6 7 10 14 17 23 22 24 25 26 27 33 32 37 39 38 40 45 41 48 50 55 51 56 59 60 65 61 64 63 68 69 73 72 71 75 74 76 78 80 77 84 82 87 90 86 88 91 95 93 100 1 5 3 8 9 13 15 11 12 19 20 16 21 28 30 29 31 35 36 44 43 42 49 46 52 53 54 57 58 62 70 66 67 79 81 85 83 89 94 97 96 98 99 4 18 34 47
Volta 4: 2 7 10 14 17 24 25 22 27 26 33 32 39 40 37 41 45 48 51 55 59 56 60 65 63 61 64 68 71 74 75 77 80 76 78 84 87 86 88 93 91 95 1 5 6 8 9 11 13 12 16 19 20 23 21 29 30 28 35 38 36 44 42 49 46 50 54 52 58 62 66 69 73 72 79 82 83 89 90 94 98 100 96 99 4 3 15 18 34 31 43 47 53 57 70 67 85 81 97
Volta 5: 7 14 25 26 39 45 41 55 60 59 56 63 65 68 74 77 87 95 93 2 1 5 8 6 10 9 13 11 20 17 16 19 21 22 23 24 30 27 29 33 32 37 36 40 42 44 49 48 50 52 51 61 64 62 69 66 71 75 72 79 76 80 78 84 82 83 89 86 90 88 91 96 99 100 98 12 18 28 31 35 38 43 46 54 57 58 67 73 85 94 4 3 15 34 47 53 70 81
Volta 6: 7 14 25 39 41 45 60 56 59 65 63 74 87 2 1 10 9 6 13 19 16 17 21 22 24 27 30 33 37 36 40 55 52 51 64 61 66 68 71 75 79 77 80 78 84 83 90 88 86 95 100 8 12 11 23 29 31 35 38 42 44 43 49 50 48 54 57 58 62 67 72 76 85 82 89 91 96 99 98 3 4 18 28 34 47 70 73 81 15
Volta 7: 7 25 45 41 56 59 63 87 2 10 6 14 16 19 22 24 21 33 40 39 51 52 55 60 64 65 61 68 66 71 75 74 80 79 83 84 88 95 100 1 9 8 12 11 13 17 23 29 30 27 38 36 37 43 44 50 48 57 58 62 67 72 76 77 78 82 85 86 90 89 91 99 4 18 28 31 35 34 42 49 47 54 73 96 98 3 70 81
Volta 8: 7 25 41 59 6 10 14 21 22 39 40 45 52 51 60 56 63 61 65 64 75 74 80 84 88 87 95 100 1 2 13 12 11 16 17 19 24 23 29 30 27 33 36 37 38 43 48 55 57 68 66 71 76 77 79 83 86 90 89 99 4 8 9 18 28 35 42 44 49 50 58 62 67 72 78 85 82 91 98 96 3 31 34 47 54 70 73 81
Volta 9: 7 25 41 6 10 14 21 22 39 45 51 52 59 60 64 63 61 75 80 87 100 1 2 13 12 11 16 23 24 30 33 37 38 40 55 56 65 66 74 71 76 84 83 89 88 95 4 9 8 17 19 27 29 28 35 36 43 42 44 48 57 58 62 68 67 72 78 77 79 85 82 90 86 99 3 18 31 34 50 47 49 70 73 91 98 96 54
Volta 10: 7 25 41 6 14 21 22 39 52 59 60 64 80 100 10 11 13 16 23 24 33 40 45 51 56 63 61 71 74 75 76 84 83 88 87 95 2 1 8 12 19 17 27 28 29 30 38 37 43 48 55 57 58 65 66 67 72 78 77 85 90 86 89 99 4 3 9 18 34 35 36 42 44 47 50 62 68 70 79 82 91 98 96 31 49 54 73
Volta 11: 7 25 6 39 41 52 60 80 100 10 13 14 11 16 21 24 22 33 40 45 51 59 64 63 76 84 83 95 2 1 12 17 23 30 27 37 38 43 48 55 56 61 66 75 74 72 71 85 88 86 87 90 89 4 9 8 19 18 29 28 35 34 36 44 50 47 58 57 65 62 68 67 70 77 78 79 82 91 96 99 3 31 42 49 54 98
Volta 12: 7 25 41 52 80 100 6 13 14 16 21 22 33 40 39 51 60 59 63 76 10 11 24 23 38 45 56 61 64 71 75 74 85 84 83 89 86 87 90 88 95 2 1 4 9 8 12 19 17 27 28 35 36 37 43 47 50 48 55 58 57 65 62 67 66 79 77 78 82 91 99 3 18 29 34 42 54 68 70 98 96 31 49
Volta 13: 7 25 41 80 100 14 22 21 33 39 40 52 63 76 6 10 11 13 16 24 38 51 56 59 60 61 64 71 75 85 84 83 86 88 95 2 1 4 8 9 12 19 17 23 28 27 37 36 45 43 50 55 58 57 62 67 66 74 78 87 89 90 91 99 3 18 34 35 42 48 47 65 68 79 77 82 96 29 31 54 70 98
Volta 14: 7 21 22 25 40 41 52 80 76 100 13 14 16 33 38 39 51 59 63 64 75 71 85 84 83 88 86 95 2 9 10 6 8 11 12 19 17 24 23 28 36 37 45 50 55 56 57 60 61 67 66 74 89 87 91 99 1 3 4 27 34 35 42 43 47 48 58 62 65 68 77 78 79 82 90 96 18 29 54 70 98 31
Volta 15: 7 25 22 40 41 52 80 14 16 21 33 39 38 63 64 71 75 76 85 86 88 100 2 10 6 8 12 11 13 23 24 28 45 50 55 51 59 60 57 61 67 66 83 84 87 95 1 4 9 19 17 35 36 37 43 42 48 58 56 62 68 74 78 89 91 99 3 27 29 34 47 54 65 70 77 79 82 90 96 98 18
Volta 16: 7 25 40 52 80 14 22 39 41 71 75 76 85 88 86 100 2 8 6 13 16 23 24 21 28 33 38 45 50 51 57 59 64 61 63 67 66 84 83 87 95 1 9 10 11 12 17 19 35 37 42 43 48 55 60 68 74 78 89 91 4 3 27 29 34 36 47 58 56 62 65 70 79 77 82 90 98 99 96 18 54
Volta 17: 52 80 7 25 22 40 39 41 71 85 86 14 16 21 24 28 38 50 51 59 63 64 61 66 67 75 76 84 87 88 95 100 2 1 8 9 6 12 13 11 19 17 23 35 33 45 43 48 55 57 60 74 78 83 4 3 10 27 34 37 36 42 47 58 56 65 62 68 70 79 77 90 89 91 98 18 29 82 99 96
Volta 18: 80 7 22 25 40 39 52 85 86 14 16 21 38 41 50 59 66 67 71 75 76 84 88 95 100 2 6 8 19 23 24 28 35 45 48 51 57 64 63 61 78 83 3 4 9 10 11 13 12 17 27 33 36 42 55 60 68 70 74 77 91 98 29 34 37 47 65 62 79 82 89 90 96 99 18
Volta 19: 25 22 39 52 80 85 7 14 16 21 40 66 71 76 88 86 100 8 19 23 24 28 38 45 41 50 48 51 57 59 64 63 61 67 75 84 95 4 2 10 9 6 12 13 17 33 35 42 55 68 70 74 78 83 91 3 11 29 27 34 37 36 47 60 65 62 77 79 82 90 89 98 99 96
Volta 20: 25 80 85 7 14 22 21 39 40 52 66 71 86 88 100 16 23 28 41 48 50 51 59 57 64 63 61 67 76 84 95 2 9 8 19 17 24 35 33 38 45 55 70 68 75 74 83 91 3 4 6 10 12 13 11 27 29 36 37 42 47 62 65 79 78 89 98 34 60 77 82 90 99 96
Volta 21: 80 14 25 21 39 52 66 85 86 100 7 16 22 40 41 48 59 64 71 76 84 88 95 9 8 19 17 24 23 28 50 51 55 57 61 63 67 68 70 75 91 2 4 10 6 12 27 35 33 38 37 42 45 47 65 62 74 83 89 98 3 13 11 29 34 36 77 79 78 90 99 60 82
Volta 22: 80 39 66 100 7 14 22 21 25 40 48 52 59 64 71 76 84 85 88 86 95 9 17 19 16 23 28 41 51 55 57 63 67 68 91 2 8 6 12 24 27 35 33 38 37 45 42 47 50 61 62 70 75 83 98 4 3 10 13 11 29 34 65 74 79 78 77 89 99 36 60 82 90
Volta 23: 80 66 7 14 25 22 21 39 48 52 59 64 71 76 85 86 88 95 100 16 19 17 40 41 55 57 68 67 84 2 8 9 6 12 23 27 28 35 38 37 45 42 47 50 51 63 62 70 75 91 4 10 13 11 24 34 33 65 61 74 77 78 83 89 98 99 3 29 36 60 79 82
Volta 24: 80 66 7 14 22 39 48 52 59 71 76 100 17 16 19 21 40 55 57 64 67 85 84 86 88 95 2 6 28 35 38 45 41 42 47 50 51 62 63 70 75 4 8 11 12 13 23 27 34 33 37 61 74 77 78 83 89 91 98 10 24 36 65 79 99 3 29 60 82
Volta 25: 80 66 7 14 48 52 71 100 16 17 22 21 39 40 55 59 57 67 76 84 85 88 86 2 6 19 28 35 45 47 50 51 64 62 70 75 95 4 13 12 27 33 34 38 41 42 63 77 83 89 91 98 8 10 11 23 24 36 37 65 61 74 78 3 29 60 79 99
Volta 26: 66 80 71 7 14 17 22 39 40 48 55 52 59 76 84 86 100 19 16 21 28 35 51 57 62 64 67 70 75 85 88 95 2 4 6 13 27 34 38 41 42 45 50 47 63 10 8 11 12 23 33 37 61 65 74 77 83 89 91 98 24 29 36 60 79 78 99 3
Volta 27: 80 66 71 7 14 17 22 39 48 55 86 16 21 35 40 52 59 57 64 67 75 76 84 85 88 95 100 4 2 6 13 19 28 42 47 50 51 62 70 8 10 12 27 33 34 37 38 41 45 63 65 61 74 77 83 89 91 98 11 23 24 29 36 60 99 79 78
Volta 28: 80 71 7 14 17 22 39 48 55 66 86 16 21 40 52 59 57 64 67 75 76 85 88 100 2 4 13 19 28 35 42 50 47 51 62 70 84 95 10 6 12 27 34 38 37 41 63 65 77 89 91 98 8 11 23 24 29 33 36 45 60 61 74 83 99 79 78
Volta 29: 80 7 17 22 39 48 71 86 14 16 21 40 55 52 66 75 85 88 100 2 13 19 42 50 59 57 64 62 70 67 76 84 95 4 6 10 12 28 27 35 37 47 51 77 89 8 11 29 33 34 36 38 45 41 60 63 61 65 74 83 91 98 99 24 23 79
Volta 30: 80 39 48 71 14 17 16 22 21 55 52 66 85 88 2 13 19 40 42 57 59 75 84 95 100 6 27 35 47 50 62 64 67 89 8 10 11 12 28 33 37 38 41 51 65 63 74 91 99 98 24 29 34 36 45 60 61 83 23 79
Volta 31: 80 39 48 14 16 52 66 71 85 88 13 19 17 21 22 40 55 59 75 95 100 2 6 35 42 57 62 64 67 84 8 10 12 27 33 37 47 50 74 89 91 99 98 11 28 29 34 38 36 45 41 51 60 61 65 63 83 24 23
Volta 32: 80 39 48 71 88 13 14 19 16 17 21 22 40 52 55 59 66 85 95 100 2 6 35 42 57 75 84 10 12 62 64 67 74 98 8 11 29 27 28 33 37 38 41 45 47 50 51 60 63 61 65 89 91 99 24 34 36 83 23
Volta 33: 80 39 48 71 88 14 17 19 22 21 55 59 85 95 2 13 16 35 40 42 52 66 84 100 6 10 57 62 67 75 8 12 29 28 27 33 38 41 45 47 50 60 64 61 74 89 91 98 11 34 36 37 51 65 63 83 99 24
Volta 34: 80 39 48 14 17 19 21 55 71 85 88 95 13 16 22 40 59 66 100 2 10 6 35 42 52 62 75 84 8 27 28 33 38 50 57 64 61 67 74 91 12 11 29 34 37 45 41 47 51 60 63 65 83 89 99 98 24 36
Volta 35: 80 39 48 14 17 21 85 88 95 19 16 22 55 59 66 71 2 6 10 13 35 40 52 75 84 100 8 33 38 42 50 57 61 64 62 91 12 28 27 34 37 45 41 47 51 60 63 65 67 74 89 98 11 29 83 99 24
Volta 36: 80 48 14 17 39 19 21 71 85 88 95 10 6 13 16 22 40 52 55 59 66 75 84 100 2 33 35 38 42 50 57 62 61 64 12 28 34 41 45 65 74 89 11 29 37 47 51 60 63 67 83 98 99 24
Volta 37: 80 48 14 17 21 39 71 85 88 95 13 19 16 22 40 55 59 66 75 84 100 2 6 10 35 42 50 52 57 61 62 64 12 33 38 45 41 65 89 28 29 34 37 47 60 63 67 74 83 98 99 11 51
Volta 38: 80 48 17 21 39 71 85 88 95 13 14 16 19 75 100 2 6 10 22 40 42 50 52 55 57 59 62 61 66 84 12 35 33 38 41 64 65 89 29 28 34 37 45 47 74 83 11 60 63 67 98 99 51
Volta 39: 48 80 21 39 71 85 14 13 16 17 75 88 95 100 2 10 19 22 40 42 50 55 52 59 57 62 66 84 6 12 38 41 64 61 89 28 34 33 35 37 45 47 65 83 29 60 63 67 74 98 99 11
Volta 40: 48 80 21 85 17 39 75 71 88 95 100 2 13 14 16 19 22 40 42 57 59 6 10 38 41 50 52 55 61 62 64 66 84 12 28 35 33 37 89 29 34 45 47 60 65 67 74 83 98 11 63 99
Volta 41: 48 80 17 21 75 71 85 95 100 2 13 14 16 40 39 42 59 88 6 10 19 22 41 50 52 57 64 66 84 35 38 55 61 62 89 12 29 28 33 37 45 47 60 74 83 11 34 65 63 67 98
Volta 42: 48 80 75 85 100 2 13 14 17 21 42 71 88 95 6 19 16 40 41 50 59 57 10 22 35 52 61 64 66 84 89 12 28 33 37 47 55 62 74 11 34 45 60 65 67 83 63 98
Volta 43: 48 80 85 100 2 14 13 17 21 71 75 88 95 19 16 42 57 10 6 22 40 41 50 52 59 66 84 12 28 35 33 47 55 61 64 62 74 89 11 34 37 45 60 65 67 83 63
Volta 44: 48 80 85 2 13 14 21 75 71 88 95 100 16 17 42 10 19 22 41 50 52 57 66 6 28 35 33 40 47 59 64 62 61 84 89 12 34 37 45 55 67 74 83 11 60 65 63
Volta 45: 48 80 85 13 14 21 75 88 100 2 16 17 42 71 95 19 41 50 10 6 22 28 33 35 47 52 59 57 62 64 66 84 12 40 45 55 61 67 74 83 89 11 34 37 60 65
Volta 46: 48 80 85 21 75 2 14 13 17 42 88 95 100 16 41 50 71 6 10 19 22 28 35 33 47 52 57 64 62 66 12 55 59 61 67 74 84 89 34 37 40 45 60 83 11 65
Volta 47: 48 80 21 85 14 13 75 88 95 100 2 17 42 50 6 19 16 22 41 47 52 57 71 10 12 28 35 33 55 59 64 62 61 66 67 74 84 45 60 83 89 11 34 37 40
Volta 48: 48 80 21 14 75 85 88 95 2 17 50 100 6 19 16 22 42 47 10 12 28 41 52 55 57 64 62 67 66 71 84 35 33 45 59 60 61 74 83 40 89 11
Volta 49: 48 80 21 75 85 2 14 17 88 95 100 6 50 16 19 22 28 42 41 47 55 52 57 66 71 84 10 12 33 35 45 59 64 62 67 74 40 60 61 83 89
Volta 50: 48 80 21 75 85 14 17 88 95 100 2 6 19 16 22 42 41 50 66 10 12 28 33 35 45 47 55 52 57 64 67 71 84 40 59 60 62 61 74 83 89
Volta 51: 48 80 21 75 14 17 85 88 95 2 100 6 22 41 50 66 10 12 16 19 28 35 33 42 47 52 64 67 71 84 40 45 55 57 59 62 74 83 60 61
Volta 52: 48 75 80 14 21 85 95 2 17 88 6 22 41 50 100 12 16 35 47 52 64 66 67 10 19 28 33 42 45 57 59 62 74 71 83 84 40 55 60 61
Volta 53: 48 75 14 21 80 95 2 17 85 88 6 22 41 100 12 16 35 50 47 66 67 19 28 33 45 42 52 57 62 64 71 10 40 59 74 83 84 55 60
Volta 54: 48 14 21 75 80 95 2 6 17 22 85 88 100 16 35 50 67 66 12 28 45 42 57 64 62 71 10 19 33 59 74 83 40 55 60 84
Volta 55: 48 21 80 14 75 95 2 6 17 22 85 88 100 12 16 35 42 50 57 64 62 66 67 71 19 28 33 45 59 74 83 10 40 60 55
Volta 56: 48 21 14 75 80 2 17 22 85 88 95 6 100 12 16 35 50 64 67 19 45 42 57 62 66 71 74 83 28 33 40 59 60 10 55
Volta 57: 48 21 80 2 14 75 85 88 95 6 17 22 100 67 12 16 19 35 50 57 64 62 74 71 83 28 33 40 45 42 66 60 59 10
Volta 58: 48 14 21 80 85 2 6 17 22 75 88 95 100 12 16 19 35 50 62 64 67 83 28 40 42 57 71 74 33 45 59 60 66 10
Volta 59: 48 14 21 2 75 80 85 88 95 6 17 22 100 12 16 35 64 62 67 83 19 28 42 50 57 74 33 40 45 60 66 71 59
Volta 60: 48 21 2 14 80 88 95 6 17 22 75 100 12 35 62 67 83 16 28 50 57 74 19 40 42 71 45 60 59 66
Volta 61: 48 2 14 21 95 6 75 80 88 17 22 35 62 100 12 28 50 57 67 74 83 16 40 42 19 45 59 60 71
Volta 62: 48 2 21 14 88 95 6 22 35 62 75 80 100 12 17 28 50 57 67 74 83 16 40 42 19 45 60 59 71
Volta 63: 48 2 14 21 88 95 6 22 35 62 75 80 100 12 50 57 67 74 17 28 40 42 83 16 45 60 19 59
Volta 64: 48 2 88 95 14 22 21 35 62 75 80 100 6 67 12 17 28 40 42 50 57 74 16 83 19 45 60 59
Volta 65: 48 2 95 22 62 80 88 100 6 14 21 35 75 50 57 67 74 12 17 28 40 42 83 16 45 19 60
Volta 66: 2 95 22 62 88 21 35 80 100 6 14 57 67 75 74 17 28 40 42 50 12 16 83 45 60 19
Volta 67: 2 95 88 21 22 35 62 80 100 6 14 57 67 74 17 40 50 75 12 16 28 42 83 60 45
Volta 68: 95 2 21 35 62 88 100 14 22 57 74 80 6 40 67 75 17 16 28 42 50 83 12 60 45
Volta 69: 95 2 21 88 100 22 35 57 62 74 80 6 14 40 67 16 17 50 75 12 28 42 60 83
Volta 70: 95 2 21 100 35 57 62 74 88 22 40 80 6 14 16 50 67 12 17 28 42 75 83 60
Volta 71: 95 2 21 35 57 62 74 100 22 40 80 88 6 14 16 50 17 67 75 83 12 28 42
Volta 72: 95 2 21 35 74 14 22 40 80 88 6 17 16 50 75 12 28 42 67 83
Volta 73: 95 21 35 74 2 14 22 80 88 6 17 40 50 75 16 28 42 67 12
Volta 74: 95 21 2 35 74 22 6 14 40 75 80 88 16 17 42 50 67 28 12
Volta 75: 95 2 21 74 35 6 14 22 40 75 80 88 16 17 50 67 28 42
Volta 76: 95 21 2 35 74 22 80 88 6 14 17 40 50 67 75 16 28 42
Volta 77: 95 2 21 35 74 14 22 40 50 67 75 80 88 6 17 28 16
Volta 78: 95 2 21 35 74 22 40 50 67 6 14 17 75 80 88 16 28
Volta 79: 95 2 21 22 35 50 67 74 6 14 17 40 75 80 88 16
Volta 80: 95 2 21 35 50 74 14 22 40 67 88 6 17 75 80 16
Volta 81: 95 2 21 74 14 22 35 40 50 67 6 17 75 80 88
Volta 82: 95 2 21 14 22 35 50 67 74 6 17 40 75 80 88
Volta 83: 95 2 21 22 35 50 74 6 14 17 40 67 80 75
Volta 84: 95 2 21 22 74 6 14 17 50 67 75 80
Volta 85: 95 2 21 74 14 22 50 67 6 17 75
Volta 86: 95 2 74 14 21 22 67 6 17 50 75
Volta 87: 95 2 74 14 21 22 67 6 17 50
Volta 88: 2 74 95 14 21 67 6 17 22 50
Volta 89: 2 74 95 21 67 14 17 22 6
Volta 90: 74 2 67 95 14 21 22 6 17
Volta 91: 2 67 74 95 14 21 22 6
Volta 92: 74 2 22 67 95 14 21 6
Volta 93: 74 2 22 95 14 21 67
Volta 94: 74 2 95 21 22 67 14
Volta 95: 74 2 22 95 21 67
Volta 96: 74 2 22 21 67 95
Volta 97: 74 2 22 21 67
Volta 98: 74 2 22 21 67
Volta 99: 74 2 21 22
Volta 100: 74 2 22 21
Volta 101: 74 2 22
Volta 102: 74 22 2
Volta 103: 74 22
Volta 104: 74 22

Ranqueamento Final:
1: Ciclista 22 - 2025.54 segundos
2: Ciclista 74 - 1996.74 segundos
3: Ciclista 2 - 1995.06 segundos
4: Ciclista 21 - 1950.54 segundos
5: Ciclista 67 - 1936.62 segundos
6: Ciclista 95 - 1892.22 segundos
7: Ciclista 14 - 1860.30 segundos
8: Ciclista 6 - 1830.18 segundos
9: Ciclista 17 - 1785.42 segundos
10: Ciclista 50 - 1756.14 segundos
11: Ciclista 75 - 1711.74 segundos
12: Ciclista 80 - 1681.86 segundos
13: Ciclista 88 - 1652.10 segundos
14: Ciclista 16 - 1620.42 segundos
15: Ciclista 28 - 1575.66 segundos
16: Ciclista 42 - 1546.02 segundos
17: Ciclista 12 - 1515.30 segundos
18: Ciclista 83 - 1456.98 segundos
19: Ciclista 60 - 1426.38 segundos
20: Ciclista 45 - 1396.02 segundos
21: Ciclista 19 - 1365.42 segundos
22: Ciclista 59 - 1306.38 segundos
23: Ciclista 71 - 1276.74 segundos
24: Ciclista 66 - 1231.62 segundos
25: Ciclista 10 - 1200.18 segundos
26: Ciclista 55 - 1156.26 segundos
27: Ciclista 84 - 1111.98 segundos
28: Ciclista 61 - 1066.50 segundos
29: Ciclista 89 - 1052.10 segundos
30: Ciclista 11 - 1005.78 segundos
31: Ciclista 65 - 961.50 segundos
32: Ciclista 63 - 931.50 segundos
33: Ciclista 98 - 887.34 segundos
34: Ciclista 99 - 842.34 segundos
35: Ciclista 51 - 811.26 segundos
36: Ciclista 24 - 765.54 segundos
37: Ciclista 36 - 720.90 segundos
38: Ciclista 23 - 690.54 segundos
39: Ciclista 79 - 661.86 segundos
40: Ciclista 78 - 616.86 segundos
41: Ciclista 3 - 570.06 segundos
42: Ciclista 82 - 526.98 segundos
43: Ciclista 90 - 482.10 segundos
44: Ciclista 96 - 437.34 segundos
45: Ciclista 18 - 405.42 segundos
46: Ciclista 54 - 361.26 segundos
47: Ciclista 31 - 330.78 segundos
48: Ciclista 49 - 286.14 segundos
49: Ciclista 73 - 241.74 segundos
50: Ciclista 81 - 196.98 segundos
51: Ciclista 15 - 165.30 segundos
52: Ciclista 97 - 107.34 segundos
53: Ciclista 92 - 62.22 segundos

Ciclista 1 quebrou na volta 18 - 375.00 segundos
Ciclista 4 quebrou na volta 30 - 600.00 segundos
Ciclista 5 quebrou na volta 6 - 120.00 segundos
Ciclista 7 quebrou na volta 30 - 570.12 segundos
Ciclista 8 quebrou na volta 36 - 720.12 segundos
Ciclista 9 quebrou na volta 24 - 480.12 segundos
Ciclista 13 quebrou na volta 48 - 930.24 segundos
Ciclista 20 quebrou na volta 6 - 120.36 segundos
Ciclista 25 quebrou na volta 24 - 450.48 segundos
Ciclista 26 quebrou na volta 6 - 120.60 segundos
Ciclista 27 quebrou na volta 36 - 735.60 segundos
Ciclista 29 quebrou na volta 42 - 870.60 segundos
Ciclista 30 quebrou na volta 12 - 255.60 segundos
Ciclista 32 quebrou na volta 6 - 120.72 segundos
Ciclista 33 quebrou na volta 60 - 1215.72 segundos
Ciclista 34 quebrou na volta 48 - 1005.72 segundos
Ciclista 35 quebrou na volta 84 - 1650.72 segundos
Ciclista 37 quebrou na volta 48 - 990.84 segundos
Ciclista 38 quebrou na volta 42 - 840.84 segundos
Ciclista 39 quebrou na volta 42 - 810.84 segundos
Ciclista 40 quebrou na volta 84 - 1680.84 segundos
Ciclista 41 quebrou na volta 54 - 1065.96 segundos
Ciclista 43 quebrou na volta 18 - 360.96 segundos
Ciclista 44 quebrou na volta 12 - 255.96 segundos
Ciclista 46 quebrou na volta 6 - 136.08 segundos
Ciclista 47 quebrou na volta 54 - 1066.08 segundos
Ciclista 48 quebrou na volta 66 - 1246.08 segundos
Ciclista 52 quebrou na volta 54 - 1081.20 segundos
Ciclista 53 quebrou na volta 6 - 151.20 segundos
Ciclista 56 quebrou na volta 18 - 391.32 segundos
Ciclista 57 quebrou na volta 72 - 1411.32 segundos
Ciclista 58 quebrou na volta 18 - 376.32 segundos
Ciclista 62 quebrou na volta 72 - 1396.44 segundos
Ciclista 64 quebrou na volta 60 - 1186.44 segundos
Ciclista 68 quebrou na volta 24 - 466.56 segundos
Ciclista 69 quebrou na volta 6 - 121.56 segundos
Ciclista 70 quebrou na volta 30 - 601.56 segundos
Ciclista 72 quebrou na volta 12 - 241.68 segundos
Ciclista 76 quebrou na volta 30 - 586.80 segundos
Ciclista 77 quebrou na volta 30 - 616.80 segundos
Ciclista 85 quebrou na volta 60 - 1156.92 segundos
Ciclista 86 quebrou na volta 30 - 557.04 segundos
Ciclista 87 quebrou na volta 18 - 347.04 segundos
Ciclista 91 quebrou na volta 36 - 722.16 segundos
Ciclista 93 quebrou na volta 6 - 107.16 segundos
Ciclista 94 quebrou na volta 6 - 137.16 segundos
Ciclista 100 quebrou na volta 72 - 1397.28 segundos
