Volta 1: 5 4 3 2 1 8 7 10 6 9 14 11 12 15 13 20 18 16 17 19 25 22 24 23 21 26 30 29 27 28 32 35 34 31 33 40 39 38 37 36 43 41 42 44 45 46 50 49 47 48
Volta 2: 5 3 2 9 10 7 6 8 14 15 11 12 19 18 20 24 21 22 25 23 26 30 35 34 32 33 39 38 41 42 45 43 48 50 46 49 47 4 1 13 17 16 29 28 27 31 37 36 40 44
Volta 3: 2 3 10 8 11 15 14 20 26 30 35 43 41 47 1 5 7 9 6 12 13 19 18 17 16 21 22 23 24 25 27 28 29 32 31 34 33 39 36 38 37 42 45 48 46 50 49 4 40
Volta 4: 2 3 10 8 14 15 20 35 41 43 5 1 6 7 11 12 13 19 16 17 21 23 24 25 27 26 30 29 28 33 34 31 38 37 36 39 45 50 47 46 49 48 4 9 18 22 32 40 42
Volta 5: 2 14 20 43 3 1 8 10 6 15 13 11 19 25 27 30 26 28 35 31 38 39 36 37 41 45 47 5 4 7 9 12 16 17 18 21 23 24 29 34 32 33 46 48 49 50 22 40
Volta 6: 2 20 43 8 10 6 11 15 19 25 28 31 36 37 38 41 4 1 9 13 16 17 21 24 26 27 30 34 35 32 39 45 48 49 47 50 5 7 18 23 29 33 40 46 22
Volta 7: 2 20 43 10 8 6 15 25 31 38 37 41 1 4 9 11 13 19 17 16 21 24 30 27 28 26 35 32 34 39 36 45 47 49 48 7 18 33 46 50 5 23 29 40
Volta 8: 20 2 8 10 6 15 25 31 37 43 4 9 11 13 19 26 28 35 32 38 39 36 45 41 49 48 47 1 7 16 17 21 24 30 27 34 33 50 18 23 29 40 46 5
Volta 9: 20 2 10 15 25 31 43 9 6 8 13 11 26 28 35 36 37 38 39 45 41 4 7 19 17 21 24 27 30 33 32 48 47 50 49 1 16 18 34 40 46 23 29
Volta 10: 20 10 15 25 2 6 9 11 28 31 36 43 41 4 8 13 17 19 27 30 26 35 39 38 37 45 48 1 7 16 18 21 24 32 34 33 40 46 47 50 49 23 29
Volta 11: 20 10 15 25 9 6 31 36 41 43 2 8 11 13 19 26 28 30 35 37 39 38 48 4 1 7 16 17 24 21 27 32 33 45 46 47 50 18 34 40 49 23
Volta 12: 20 25 10 9 6 15 31 36 41 2 8 11 13 19 30 28 35 39 38 4 7 17 16 24 26 27 33 37 45 46 1 18 21 32 34 50 47 49 23 40
Volta 13: 20 10 6 25 36 41 2 9 8 11 15 30 31 35 38 39 4 13 17 16 19 24 28 26 27 33 37 46 1 7 21 32 34 45 47 50 49 18 23
Volta 14: 20 10 6 25 36 41 9 11 15 30 31 35 38 4 2 8 13 17 19 16 24 33 39 46 7 28 26 27 34 37 45 47 50 1 21 23 32 49 18
Volta 15: 20 10 6 36 9 15 25 30 35 31 38 41 2 8 11 13 17 19 24 33 39 46 4 16 28 26 27 34 37 50 1 7 21 32 45 47 49 23
Volta 16: 20 36 6 10 15 25 35 31 41 8 9 11 24 30 33 38 46 4 2 13 19 17 26 27 34 37 39 50 1 7 16 21 28 32 45 47 49 23
Volta 17: 20 6 10 31 36 41 8 9 11 15 25 24 35 33 46 2 4 13 17 19 26 30 39 38 1 16 27 34 32 37 45 47 50 7 21 28 49
Volta 18: 20 6 31 36 10 9 8 11 25 35 33 41 2 4 15 17 24 30 26 38 46 1 13 19 27 34 37 39 50 47 7 16 21 28 32 45 49
Volta 19: 20 6 31 36 10 8 9 11 33 41 4 15 25 24 30 35 46 2 13 17 19 26 38 37 47 50 1 16 27 34 32 39 45 7 21 28
Volta 20: 20 6 31 9 11 36 4 10 8 15 25 24 33 35 41 2 13 17 30 26 37 38 46 50 16 19 27 34 32 39 47 1 7 28 45 21
Volta 21: 20 6 31 9 36 4 8 10 11 35 33 41 2 13 15 17 24 25 30 50 46 16 19 27 26 38 39 37 47 1 7 34 32 45 28
Volta 22: 20 31 6 36 4 8 9 10 11 41 15 17 25 30 33 35 46 2 13 24 26 38 39 50 47 1 16 19 27 32 34 37 45 7 28
Volta 23: 20 31 6 36 8 9 11 4 10 25 35 33 41 46 2 15 13 17 24 30 38 50 1 19 16 27 26 34 32 39 37 45 47 7
Volta 24: 20 31 6 36 9 11 4 8 10 25 33 46 2 13 15 17 35 38 41 1 19 24 30 34 32 37 39 45 47 50 26 7
Volta 25: 20 31 36 6 9 4 10 11 25 33 46 8 17 35 38 41 2 13 15 24 34 37 39 45 47 1 19 30 26 32 50
Volta 26: 20 31 36 4 6 9 11 25 33 46 10 17 38 41 2 8 15 13 24 35 37 39 47 1 19 30 26 32 34 45 50
Volta 27: 20 31 36 4 9 6 25 33 46 10 11 17 38 2 13 24 35 37 39 41 47 1 8 15 19 30 32 26 34 45
Volta 28: 20 31 33 36 4 6 9 10 17 25 46 11 13 35 39 38 41 2 8 19 24 30 32 37 47 1 15 26 34 45
Volta 29: 20 31 36 4 9 10 6 25 33 46 13 11 17 35 39 38 41 2 8 24 30 37 1 15 19 32 34 47 26
Volta 30: 20 31 36 4 6 10 9 25 33 13 11 17 38 41 46 2 8 24 35 37 39 1 15 19 30 34 32 47 26
Volta 31: 20 4 10 6 9 25 33 31 36 13 11 41 46 2 17 24 35 37 39 38 8 15 19 30 32 34 47 1
Volta 32: 20 4 10 9 33 6 13 25 31 36 41 46 11 17 24 39 37 38 2 8 15 35 32 34 47 19 30 1
Volta 33: 20 4 10 6 9 33 31 41 11 13 24 25 38 36 46 2 8 17 32 39 37 47 15 19 35 34 30
Volta 34: 20 4 9 10 31 33 41 6 11 13 25 24 46 8 17 32 39 37 36 38 47 2 19 15 34 35 30
Volta 35: 20 4 10 31 41 6 9 13 24 33 46 11 17 25 32 37 38 36 47 2 8 39 15 19 35 34
Volta 36: 20 4 31 9 6 10 13 24 33 41 46 17 25 32 47 2 11 36 37 39 8 15 19 34 35
Volta 37: 20 4 31 6 10 13 41 46 9 17 25 24 32 33 47 2 11 36 39 37 8 15 19 34
Volta 38: 20 4 31 10 6 13 41 46 9 24 33 32 2 11 17 25 37 39 36 47 8 15 34 19
Volta 39: 20 31 4 10 41 46 9 6 13 24 33 32 2 11 17 25 37 39 36 47 8 34 15
Volta 40: 20 31 10 46 4 6 9 33 32 41 2 11 13 24 37 36 17 25 39 47 8 34 15
Volta 41: 20 31 10 46 4 9 6 32 41 13 24 33 36 2 11 17 39 37 47 8 25 34
Volta 42: 20 31 46 4 10 41 9 24 13 17 36 37 47 2 8 39 25 34
Volta 43: 20 31 41 46 4 10 9 24 13 36 37 47 2 8 17 39 25
Volta 44: 20 31 41 46 10 9 24 4 47 8 13 36 37 2 17 25 39
Volta 45: 20 31 9 24 41 46 4 10 47 13 2 8 17 25 37 36
Volta 46: 20 31 24 41 46 9 10 47 4 13 2 8 25 37 17 36
Volta 47: 20 24 31 41 46 10 9 13 47 2 4 8 25 37 17
Volta 48: 20 24 10 9 31 41 46 13 47 4 25 37 2 8 17
Volta 49: 20 10 24 31 41 46 9 4 13 25 37 47 2 8
Volta 50: 20 24 31 41 10 46 4 9 13 2 8 25 37 47
Volta 51: 20 24 31 41 10 9 13 46 4 8 25 37 2
Volta 52: 20 31 10 24 41 9 13 46 8 25 37 2 4
Volta 53: 20 31 10 41 9 24 46 8 13 25 37 2
Volta 54: 20 31 10 41 9 8 13 24 46 25 37
Volta 55: 20 31 9 10 41 8 13 46 25 24
Volta 56: 20 31 9 10 41 46 8 13 25 24
Volta 57: 20 31 9 10 41 46 8 13 25
Volta 58: 20 10 9 31 41 46 8 13 25
Volta 59: 20 9 10 31 41 46 8 13
Volta 60: 20 31 10 9 46 8 13
Volta 61: 20 10 9 31 46 8
Volta 62: 20 31 9 10 46 8
Volta 63: 20 31 9 10 46
Volta 64: 20 31 9 10 46
Volta 65: 20 9 31 10
Volta 66: 20 9 31 10
Volta 67: 20 31 9
Volta 68: 20 31 9
Volta 69: 20 31
Volta 70: 20 31

Ranqueamento Final:
1: Ciclista 31 - 1320.78 segundos
2: Ciclista 9 - 1305.18 segundos
3: Ciclista 20 - 1275.42 segundos
4: Ciclista 10 - 1260.18 segundos
5: Ciclista 46 - 1231.14 segundos
6: Ciclista 8 - 1230.18 segundos
7: Ciclista 13 - 1185.30 segundos
8: Ciclista 25 - 1140.54 segundos
9: Ciclista 24 - 1110.54 segundos
10: Ciclista 37 - 1095.06 segundos
11: Ciclista 4 - 1035.06 segundos
12: Ciclista 47 - 991.14 segundos
13: Ciclista 17 - 960.42 segundos
14: Ciclista 36 - 930.90 segundos
15: Ciclista 39 - 885.90 segundos
16: Ciclista 34 - 870.78 segundos
17: Ciclista 15 - 840.30 segundos
18: Ciclista 19 - 795.42 segundos
19: Ciclista 35 - 750.78 segundos
20: Ciclista 30 - 720.66 segundos
21: Ciclista 1 - 675.06 segundos
22: Ciclista 26 - 630.66 segundos
23: Ciclista 45 - 586.02 segundos
24: Ciclista 50 - 541.14 segundos
25: Ciclista 7 - 525.18 segundos
26: Ciclista 28 - 480.66 segundos
27: Ciclista 21 - 450.54 segundos
28: Ciclista 49 - 391.14 segundos
29: Ciclista 23 - 375.54 segundos
30: Ciclista 18 - 330.42 segundos
31: Ciclista 40 - 285.90 segundos
32: Ciclista 29 - 255.66 segundos
33: Ciclista 5 - 210.06 segundos
34: Ciclista 22 - 165.54 segundos
35: Ciclista 42 - 106.02 segundos
36: Ciclista 44 - 61.02 segundos

Ciclista 2 quebrou na volta 54 - 1095.00 segundos
Ciclista 3 quebrou na volta 6 - 120.00 segundos
Ciclista 6 quebrou na volta 42 - 810.12 segundos
Ciclista 11 quebrou na volta 42 - 825.24 segundos
Ciclista 12 quebrou na volta 6 - 135.24 segundos
Ciclista 14 quebrou na volta 6 - 105.24 segundos
Ciclista 16 quebrou na volta 24 - 510.36 segundos
Ciclista 27 quebrou na volta 24 - 495.60 segundos
Ciclista 32 quebrou na volta 42 - 795.72 segundos
Ciclista 33 quebrou na volta 42 - 810.72 segundos
Ciclista 38 quebrou na volta 36 - 705.84 segundos
Ciclista 41 quebrou na volta 60 - 1140.96 segundos
Ciclista 43 quebrou na volta 12 - 240.96 segundos
Ciclista 48 quebrou na volta 12 - 241.08 segundos
