Volta 1: 5 4 3 2 1 8 7 10 6 9 14 11 12 15 13 20 18 16 17 19 25 22 24 23 21 26 30 29 27 28 32 35 34 31 33 40 39 38 37 36 43 41 42 44 45 46 50 49 47 48
Volta 2: 4 3 2 9 10 7 6 8 14 13 11 12 17 19 16 24 21 22 25 23 29 27 35 34 32 33 39 37 41 42 43 44 48 50 46 49 47 1 5 15 18 20 26 28 30 31 36 38 40 45
Volta 3: 4 2 6 7 12 11 13 19 29 27 33 43 41 48 1 3 10 9 8 14 15 18 17 16 20 21 22 23 24 25 28 30 26 34 32 35 31 36 40 37 39 44 42 47 46 50 49 5 38
Volta 4: 4 2 7 6 12 13 19 41 43 1 8 9 14 11 15 16 18 23 22 21 25 28 30 26 27 29 31 33 32 34 39 40 36 37 44 42 46 48 49 50 47 3 10 20 17 24 35 38 5
Volta 5: 4 13 19 41 43 2 8 7 9 6 11 14 15 12 16 21 22 25 23 30 28 29 32 33 31 36 39 40 44 48 1 3 17 18 26 27 34 37 42 49 50 47 46 10 20 24 35 38
Volta 6: 41 4 2 7 9 6 15 12 13 11 16 19 21 22 28 32 33 31 39 40 44 43 1 18 25 23 30 29 34 37 36 42 46 50 49 47 48 3 20 17 24 26 27 38 10 35
Volta 7: 2 4 6 9 7 13 12 15 16 21 22 28 33 31 32 40 39 43 44 41 11 19 25 23 29 34 36 42 46 47 48 3 1 17 18 24 30 27 26 37 49 50 20 38 10
Volta 8: 2 7 6 9 12 15 13 22 21 28 31 33 39 40 43 41 4 11 16 19 25 32 34 44 42 48 46 3 1 18 23 24 30 29 26 36 37 47 49 50 17 20 27 10 38
Volta 9: 6 13 12 22 21 31 39 41 2 4 7 9 11 15 16 19 25 28 33 34 32 40 43 44 3 18 23 30 29 37 36 42 48 47 49 46 50 1 17 24 27 26 10 20
Volta 10: 6 13 12 22 31 39 15 19 21 28 34 32 33 40 43 41 44 2 4 3 7 9 11 16 18 23 25 48 49 47 46 50 1 24 29 30 26 37 36 42 10 20 17 27
Volta 11: 6 13 12 22 31 15 28 32 39 44 43 41 4 3 2 7 11 19 16 23 25 21 33 34 40 46 9 18 24 30 29 36 37 42 47 48 49 50 1 10 20 17 26
Volta 12: 6 13 22 12 15 28 32 44 4 7 11 23 34 33 39 40 41 46 2 3 9 19 25 21 30 29 50 48 47 49 1 20 18 24 26 37 36 42 17
Volta 13: 22 6 12 13 28 44 4 7 15 23 32 34 39 40 46 3 2 9 11 19 25 29 33 41 47 48 49 24 21 30 37 36 50 1 18 20 26 42
Volta 14: 22 6 13 12 28 44 4 23 32 34 39 46 7 11 15 25 33 40 41 47 49 2 3 9 19 24 21 29 30 37 50 48 1 20 18 26 36 42
Volta 15: 22 12 4 6 13 23 28 34 32 39 44 7 11 25 40 47 46 49 3 9 15 24 29 33 41 48 2 1 19 20 18 21 30 37 50 26 36
Volta 16: 22 12 6 13 23 28 32 34 39 44 4 25 40 49 46 47 3 7 11 15 24 29 33 41 48 1 2 9 18 19 20 21 30 37 50 26 36
Volta 17: 22 12 23 34 32 44 4 6 13 28 39 49 47 3 7 11 25 29 33 40 46 48 2 9 15 19 21 24 37 41 1 20 18 30 26 50
Volta 18: 22 12 23 34 4 6 13 28 32 44 47 7 11 33 40 48 3 2 15 24 25 29 46 1 9 18 20 19 21 30 26 37 50
Volta 19: 22 12 23 4 6 13 28 34 32 44 47 7 11 33 3 29 40 48 46 1 2 9 15 18 19 20 24 25 21 30 37 26
Volta 20: 22 12 4 6 23 34 44 13 28 32 33 47 7 11 29 48 3 1 15 19 18 21 24 25 37 40 46 2 9 20 30 26
Volta 21: 22 6 12 23 34 4 13 28 32 44 47 7 33 48 3 1 15 11 18 25 24 29 40 46 2 9 20 19 21 30 37
Volta 22: 22 6 12 23 34 4 13 28 32 44 7 33 48 47 15 11 18 24 29 1 3 2 20 19 25 21 30 40 37 46 9
Volta 23: 22 34 6 12 23 32 44 4 13 28 33 48 47 7 11 15 24 3 18 19 25 30 29 40 46 1 2 20 21 37
Volta 24: 22 34 6 23 44 4 13 33 32 48 11 15 24 28 47 7 18 19 29 40 46 1 3 20 21 25 30 37 2
Volta 25: 22 34 6 44 13 23 32 33 4 11 24 28 48 15 18 47 3 1 7 19 25 29 30 40 46 20 21 37
Volta 26: 22 34 6 44 13 23 32 33 4 11 24 28 48 47 1 3 15 19 18 25 29 30 40 7 20 21 37 46
Volta 27: 22 34 6 13 44 4 11 23 33 32 48 24 28 3 19 18 47 1 15 21 25 29 30 37 40 7 20
Volta 28: 22 34 44 4 6 13 11 23 33 28 32 48 18 19 24 47 3 15 25 29 30 40 1 7 21 37 20
Volta 29: 22 34 6 11 23 44 4 13 33 32 48 24 28 47 3 18 19 25 29 40 1 15 21 30 37 7
Volta 30: 22 34 6 11 23 44 4 32 33 48 13 47 3 19 18 24 29 40 1 15 25 30 37 7 21
Volta 31: 22 34 6 11 23 4 33 44 48 32 3 13 24 29 40 47 15 18 19 25 1 30 37 7
Volta 32: 22 34 23 4 6 11 33 32 44 48 3 13 24 47 15 19 18 29 40 1 25 30 37 7
Volta 33: 22 34 23 4 6 11 32 33 48 44 47 3 13 19 24 29 40 15 18 25 1 37 30
Volta 34: 22 34 23 4 6 11 32 33 48 44 47 3 13 19 24 29 40 15 18 1 25 30 37
Volta 35: 23 22 34 4 6 11 32 48 33 44 13 47 3 19 24 29 40 15 18 25 1 30
Volta 36: 23 34 4 22 6 11 48 32 44 13 47 3 19 24 29 40 15 18 25 1
Volta 37: 34 23 22 4 6 11 48 32 44 47 3 13 19 24 29 40 15 18 25
Volta 38: 23 34 4 6 22 48 11 32 44 47 19 29 40 3 13 24 15 18 25
Volta 39: 34 4 6 23 22 48 11 32 47 29 40 44 19 24 3 13 15 18
Volta 40: 34 4 6 23 22 48 11 32 29 40 44 47 19 24 13 3 15 18
Volta 41: 34 4 6 22 23 48 11 29 32 40 47 24 44 19 3 13 15
Volta 42: 4 6 22 48 11 23 32 47 24 29 40 44 19 3 13 15
Volta 43: 4 6 22 23 48 11 32 24 40 44 47 29 3 19 13
Volta 44: 4 6 23 22 11 48 32 40 44 47 24 29 3 19 13
Volta 45: 4 6 23 22 11 48 24 32 40 44 47 29 3 19
Volta 46: 4 6 23 22 11 24 32 40 44 48 47 29 3 19
Volta 47: 4 6 23 22 11 24 40 47 32 44 48 3 29
Volta 48: 4 6 23 11 22 24 40 44 47 48 29 32 3
Volta 49: 6 4 23 22 24 40 11 48 29 32 44 47
Volta 50: 6 4 23 22 24 40 11 29 32 44 48 47
Volta 51: 6 4 23 24 22 40 11 44 29 32 48
Volta 52: 6 4 23 24 22 40 11 29 32 44 48
Volta 53: 6 4 23 22 24 11 40 29 32 44
Volta 54: 6 4 23 24 11 40 29 32 44
Volta 55: 6 23 4 24 11 29 40 32
Volta 56: 6 23 4 24 11 40 29 32
Volta 57: 6 23 4 11 24 40 29
Volta 58: 6 23 4 11 24 40 29
Volta 59: 6 23 4 11 24 40
Volta 60: 6 23 4 11 24 40
Volta 61: 23 6 4 11 24
Volta 62: 6 23 4 11 24
Volta 63: 6 23 4 11
Volta 64: 6 23 4 11
Volta 65: 6 23 4
Volta 66: 6 23 4
Volta 67: 6 23
Volta 68: 6 23

Ranqueamento Final:
1: Ciclista 23 - 1275.54 segundos
2: Ciclista 4 - 1275.06 segundos
3: Ciclista 11 - 1260.30 segundos
4: Ciclista 6 - 1260.18 segundos
5: Ciclista 24 - 1230.54 segundos
6: Ciclista 40 - 1200.90 segundos
7: Ciclista 29 - 1170.66 segundos
8: Ciclista 32 - 1140.78 segundos
9: Ciclista 44 - 1096.02 segundos
10: Ciclista 48 - 1051.14 segundos
11: Ciclista 47 - 1021.14 segundos
12: Ciclista 3 - 990.06 segundos
13: Ciclista 19 - 945.42 segundos
14: Ciclista 13 - 915.30 segundos
15: Ciclista 15 - 870.30 segundos
16: Ciclista 18 - 840.42 segundos
17: Ciclista 25 - 825.54 segundos
18: Ciclista 1 - 780.66 segundos
19: Ciclista 37 - 735.90 segundos
20: Ciclista 7 - 705.18 segundos
21: Ciclista 21 - 645.54 segundos
22: Ciclista 20 - 615.42 segundos
23: Ciclista 46 - 556.14 segundos
24: Ciclista 2 - 525.06 segundos
25: Ciclista 9 - 480.18 segundos
26: Ciclista 26 - 435.66 segundos
27: Ciclista 50 - 391.14 segundos
28: Ciclista 36 - 375.90 segundos
29: Ciclista 42 - 331.02 segundos
30: Ciclista 17 - 285.42 segundos
31: Ciclista 27 - 240.66 segundos
32: Ciclista 38 - 210.90 segundos
33: Ciclista 35 - 165.78 segundos
34: Ciclista 5 - 120.06 segundos
35: Ciclista 45 - 61.02 segundos

Ciclista 8 quebrou na volta 6 - 135.12 segundos
Ciclista 10 quebrou na volta 12 - 270.12 segundos
Ciclista 12 quebrou na volta 24 - 465.24 segundos
Ciclista 14 quebrou na volta 6 - 135.24 segundos
Ciclista 16 quebrou na volta 12 - 255.36 segundos
Ciclista 22 quebrou na volta 54 - 1065.48 segundos
Ciclista 28 quebrou na volta 30 - 600.60 segundos
Ciclista 30 quebrou na volta 36 - 780.60 segundos
Ciclista 31 quebrou na volta 12 - 225.72 segundos
Ciclista 33 quebrou na volta 36 - 705.72 segundos
Ciclista 34 quebrou na volta 42 - 780.72 segundos
Ciclista 39 quebrou na volta 18 - 345.84 segundos
Ciclista 41 quebrou na volta 18 - 375.96 segundos
Ciclista 43 quebrou na volta 12 - 240.96 segundos
Ciclista 49 quebrou na volta 18 - 346.08 segundos
