Volta 1: 3 4 1 2 5 9 10 6 8 7 14 13 15 12 11 19 16 20 18 17 24 23 21 22 25 26 30 29 27 28 32 34 31 33 35 37 38 39 40 36 43 42 45 44 41 50 47 48 49 46
Volta 2: 2 1 5 4 10 9 6 7 14 12 13 15 18 19 17 16 25 24 21 23 22 30 29 28 27 33 34 32 31 35 37 40 43 44 48 46 47 50 3 8 11 20 26 38 36 39 45 42 41 49
Volta 3: 2 5 10 7 9 15 16 17 18 24 25 22 28 27 30 35 33 40 43 47 48 50 4 3 1 8 6 14 12 11 13 20 19 23 21 29 26 32 34 31 39 36 37 38 45 41 42 44 46
Volta 4: 2 5 10 9 15 18 17 25 22 27 33 40 43 47 50 48 1 3 4 7 6 13 12 16 19 21 24 26 29 30 28 35 32 34 31 38 37 41 44 42 45 8 11 14 20 23 36 39 46
Volta 5: 5 2 9 10 25 22 33 40 43 47 48 4 3 1 7 15 12 16 18 17 24 21 26 28 30 29 27 31 35 34 37 38 41 44 50 8 6 11 14 13 20 19 23 32 36 39 42 45
Volta 6: 2 5 9 22 33 43 48 3 10 15 18 17 16 25 21 30 28 26 31 34 37 44 41 50 47 4 1 6 7 12 11 19 23 24 29 27 35 42 45 8 14 13 20 32 36 39
Volta 7: 33 48 3 5 2 9 10 15 16 18 17 25 21 22 34 37 44 41 43 50 47 1 7 11 23 28 30 27 26 29 35 31 45 42 4 6 8 13 14 12 19 24 36 20 32
Volta 8: 2 3 5 9 10 15 16 18 17 25 22 33 34 37 44 47 48 7 11 21 28 27 30 26 31 41 43 50 1 4 6 12 13 19 23 29 35 36 45 42 8 14 24 32 20
Volta 9: 5 2 3 10 9 15 25 34 33 37 44 48 7 18 16 17 22 27 30 31 41 43 50 47 1 4 6 13 11 12 19 21 26 29 28 36 45 42 14 24 23 35 8 32
Volta 10: 3 2 5 15 33 48 7 10 9 18 16 17 25 27 30 34 31 37 44 41 43 50 47 4 1 6 11 19 22 29 28 26 36 45 14 13 12 23 24 21 35 42 8 32
Volta 11: 2 5 15 33 3 7 9 10 25 27 30 31 34 37 44 41 43 50 47 48 4 6 16 18 17 22 28 26 36 45 1 11 13 12 19 21 24 29 14 23 35 42 8
Volta 12: 5 2 15 33 3 10 25 30 34 37 44 41 48 50 4 6 9 7 18 26 28 31 36 43 45 47 1 11 19 16 17 21 22 24 29 13 14 12 35 42 8 23
Volta 13: 33 5 3 2 15 34 44 41 50 48 4 9 6 7 10 18 25 30 26 31 37 43 47 11 16 17 22 28 36 45 1 12 19 24 21 29 35 42 8 13 14
Volta 14: 5 15 34 33 41 44 50 4 3 2 10 25 26 31 37 47 48 9 7 6 11 18 17 28 30 43 45 1 12 19 16 24 22 21 29 36 42 14 13 35 8
Volta 15: 15 33 50 2 5 10 25 26 31 34 37 41 44 47 3 4 7 9 6 11 18 17 28 30 43 48 1 12 16 19 22 24 21 29 36 45 42 14 13 35
Volta 16: 15 33 50 5 2 25 34 37 44 47 3 7 6 10 11 18 17 26 28 31 41 48 1 4 9 12 19 16 21 22 30 29 36 45 43 14 24 35 42 13
Volta 17: 15 33 5 34 47 50 3 2 10 6 18 25 26 31 37 44 41 48 4 1 9 7 12 11 17 16 19 21 28 29 30 45 43 24 22 36 42 14 35
Volta 18: 15 33 5 47 50 3 2 18 26 31 34 37 44 41 48 9 7 10 6 12 16 17 25 43 45 1 4 11 22 21 29 28 30 42 14 35 36
Volta 19: 15 33 5 3 2 18 26 34 31 41 44 50 47 7 10 6 12 17 16 25 37 43 45 48 4 1 9 11 22 28 14 21 30 29 42 35
Volta 20: 15 2 3 18 34 33 31 44 41 47 5 10 6 12 16 17 26 43 48 50 9 7 11 22 25 28 37 45 4 1 21 30 29 42 14 35
Volta 21: 15 2 31 33 41 5 3 12 18 17 26 34 44 43 47 9 10 6 16 25 28 48 50 4 1 7 11 22 21 29 37 45 14 30 42
Volta 22: 15 33 41 3 5 2 18 26 31 43 44 47 9 6 10 12 16 17 34 50 1 22 25 29 28 37 45 48 4 7 11 21 30 42 14
Volta 23: 15 2 5 3 26 33 44 41 47 9 10 12 18 31 43 1 6 16 17 25 22 29 28 34 37 48 50 4 7 30 45 42 11 21
Volta 24: 15 3 26 33 41 2 5 10 9 12 18 31 44 43 6 16 17 25 28 48 50 1 22 30 29 34 37 45 42 4 7 11 21
Volta 25: 15 33 2 5 3 10 9 12 26 44 43 41 6 16 18 17 31 48 50 1 25 22 30 28 29 34 37 45 42 7 4 11
Volta 26: 15 33 2 9 10 26 44 5 3 6 12 16 31 43 41 48 50 1 17 18 25 42 7 22 30 29 28 34 37 45 4 11
Volta 27: 15 33 2 3 9 6 10 12 26 31 43 41 44 50 48 1 5 16 17 18 25 42 22 28 29 30 7 34 37 45 4
Volta 28: 15 33 2 10 9 12 26 44 41 1 5 3 6 18 16 25 31 42 43 48 50 17 28 30 29 7 22 34 37 45 4
Volta 29: 15 33 2 12 41 1 5 3 9 10 6 16 25 26 31 43 44 48 17 18 28 42 50 22 30 29 34 37 7 45
Volta 30: 2 33 41 1 3 9 10 6 12 16 25 26 31 44 43 48 5 18 42 50 17 28 29 30 34 7 22 37 45
Volta 31: 2 33 6 9 10 26 31 41 43 48 5 1 3 12 18 16 25 44 42 17 29 28 34 50 22 30 37 7
Volta 32: 2 33 9 10 26 31 43 41 1 5 3 6 16 25 48 12 18 17 34 44 42 50 22 29 28 37 7 30
Volta 33: 2 33 9 26 31 3 6 10 16 25 41 43 5 1 17 44 42 48 50 12 18 22 29 34 37 7 28
Volta 34: 2 33 9 31 3 10 16 25 26 41 1 5 6 17 43 42 44 48 50 12 18 22 29 34 37 7 28
Volta 35: 2 33 9 31 3 26 41 5 10 16 17 25 43 1 6 18 22 34 37 44 42 50 48 12 29 7
Volta 36: 33 2 31 3 9 41 5 10 17 16 26 1 6 18 25 42 43 50 12 22 34 37 44 29 7
Volta 37: 33 2 3 9 31 41 5 16 17 26 1 10 25 43 50 6 12 18 22 34 44 42 29 37
Volta 38: 2 33 3 9 31 41 5 1 10 16 17 26 43 6 12 18 22 25 50 34 37 42 44 29
Volta 39: 2 33 3 9 31 41 5 10 17 16 43 1 6 12 18 25 26 50 22 34 37 42 44
Volta 40: 33 3 2 9 31 41 5 10 17 6 12 18 16 25 26 43 1 22 37 42 50 34 44
Volta 41: 33 2 3 9 31 10 17 41 5 12 18 43 1 6 16 25 22 26 37 42 50 34
Volta 42: 33 3 2 9 10 17 31 41 1 6 12 16 18 25 43 50 22 26 34 42
Volta 43: 33 2 3 9 10 17 31 41 1 12 16 18 43 6 25 34 50 22 26
Volta 44: 33 2 3 9 17 10 31 41 1 12 18 43 6 16 25 34 22 50 26
Volta 45: 2 33 3 9 17 10 31 41 1 18 43 6 12 16 25 34 22 50
Volta 46: 2 33 3 9 17 10 31 41 18 43 1 6 16 25 34 12 50 22
Volta 47: 2 33 9 3 10 17 31 43 41 6 16 18 25 34 1 12 50
Volta 48: 2 33 3 9 17 31 43 41 34 25 1 12 50
Volta 49: 2 33 9 3 17 31 43 34 41 25 1 12
Volta 50: 2 9 33 31 43 3 17 34 41 1 25 12
Volta 51: 2 33 9 43 3 17 31 34 41 25 1
Volta 52: 33 2 9 17 31 43 3 34 41 1 25
Volta 53: 2 33 9 17 31 43 3 34 41 1
Volta 54: 2 31 33 3 9 17 43 34 41 1
Volta 55: 2 3 9 33 31 43 17 34 41
Volta 56: 2 31 43 3 9 17 33 34 41
Volta 57: 2 31 43 3 9 17 34 33
Volta 58: 31 43 3 2 17 9 34 33
Volta 59: 3 31 43 2 9 17 34
Volta 60: 3 31 2 17 9 34
Volta 61: 31 3 17 2 9
Volta 62: 31 3 17 2 9
Volta 63: 17 31 3 2
Volta 64: 17 3 31 2
Volta 65: 3 17 31
Volta 66: 17 31 3
Volta 67: 17 31
Volta 68: 17 31

Ranqueamento Final:
1: Ciclista 31 - 6600.78 segundos
2: Ciclista 17 - 6525.42 segundos
3: Ciclista 3 - 6450.06 segundos
4: Ciclista 2 - 6300.06 segundos
5: Ciclista 9 - 6150.18 segundos
6: Ciclista 34 - 5925.78 segundos
7: Ciclista 33 - 5700.78 segundos
8: Ciclista 41 - 5551.02 segundos
9: Ciclista 1 - 5550.06 segundos
10: Ciclista 25 - 5250.54 segundos
11: Ciclista 12 - 5100.30 segundos
12: Ciclista 50 - 4951.14 segundos
13: Ciclista 22 - 4725.54 segundos
14: Ciclista 26 - 4575.66 segundos
15: Ciclista 42 - 4276.02 segundos
16: Ciclista 44 - 4201.02 segundos
17: Ciclista 29 - 3975.66 segundos
18: Ciclista 7 - 3825.18 segundos
19: Ciclista 28 - 3525.66 segundos
20: Ciclista 30 - 3375.66 segundos
21: Ciclista 45 - 3226.02 segundos
22: Ciclista 4 - 3075.06 segundos
23: Ciclista 11 - 2850.30 segundos
24: Ciclista 21 - 2550.54 segundos
25: Ciclista 14 - 2400.30 segundos
26: Ciclista 35 - 2175.78 segundos
27: Ciclista 36 - 1950.90 segundos
28: Ciclista 13 - 1800.30 segundos
29: Ciclista 8 - 1650.18 segundos
30: Ciclista 23 - 1425.54 segundos
31: Ciclista 32 - 1275.78 segundos
32: Ciclista 20 - 1050.42 segundos
33: Ciclista 39 - 750.90 segundos
34: Ciclista 46 - 526.14 segundos
35: Ciclista 49 - 301.14 segundos

Ciclista 5 quebrou na volta 42 - 4125.00 segundos
Ciclista 6 quebrou na volta 48 - 4725.12 segundos
Ciclista 10 quebrou na volta 48 - 4575.12 segundos
Ciclista 15 quebrou na volta 30 - 2700.24 segundos
Ciclista 16 quebrou na volta 48 - 4725.36 segundos
Ciclista 18 quebrou na volta 48 - 4725.36 segundos
Ciclista 19 quebrou na volta 18 - 1800.36 segundos
Ciclista 24 quebrou na volta 18 - 1950.48 segundos
Ciclista 27 quebrou na volta 12 - 1200.60 segundos
Ciclista 37 quebrou na volta 42 - 4200.84 segundos
Ciclista 38 quebrou na volta 6 - 675.84 segundos
Ciclista 40 quebrou na volta 6 - 525.84 segundos
Ciclista 43 quebrou na volta 60 - 5850.96 segundos
Ciclista 47 quebrou na volta 24 - 2251.08 segundos
Ciclista 48 quebrou na volta 36 - 3601.08 segundos
