Volta 1: 2 5 3 1 4 6 9 10 7 8 11 13 14 12 15 18 17 19 20 16 22 24 21 23 25 30 29 28 27 26 33 32 35 34 31 39 40 36 37 38 42 44 41 45 43 48 46 49 47 50 54 55 53 51 52 59 58 56 60 57 63 64 61 65 62 67 68 70 69 66 71 73 72 75 74 79 76 78 80 77 83 84 85 82 81 87 89 86 88 90 95 91 92 93 94 100 98 99 96 97
Volta 2: 5 4 6 7 10 9 14 12 20 18 16 23 21 25 22 27 26 28 30 29 31 32 34 37 40 36 38 43 41 45 44 49 46 47 50 53 54 52 51 55 59 60 58 56 65 63 64 61 62 68 66 69 70 73 72 71 74 75 76 78 77 80 79 83 85 84 82 87 90 88 89 86 94 92 95 97 100 98 99 96 2 1 3 8 11 15 13 19 17 24 33 35 39 42 48 57 67 81 91 93
Volta 3: 4 7 9 10 12 18 23 22 21 25 26 27 31 32 37 38 36 40 44 41 49 50 53 54 56 60 58 65 61 64 63 68 66 73 72 71 75 74 76 79 78 80 83 84 87 86 88 89 95 94 92 97 3 5 6 8 11 13 14 15 20 16 19 24 28 30 29 33 34 39 43 45 42 46 47 55 51 52 57 59 62 69 67 70 77 85 82 81 90 91 99 96 100 98 2 1 17 35 48
Volta 4: 7 10 12 18 23 21 22 25 27 26 32 31 36 38 37 41 49 54 53 58 60 56 63 64 61 65 66 74 72 75 80 79 78 76 88 86 87 94 95 92 3 5 4 9 15 13 14 16 20 24 30 28 34 33 40 39 44 45 42 46 47 50 55 51 52 57 59 62 68 70 67 73 71 77 83 82 84 90 89 91 99 96 97 100 2 6 8 11 19 17 29 43 69 85 81 98 1 35 48
Volta 5: 7 12 25 26 37 41 53 54 56 58 63 64 61 66 74 79 95 94 92 4 10 9 15 14 16 18 24 22 21 23 27 28 30 32 31 39 36 38 45 44 50 49 47 51 52 60 59 57 65 62 68 71 75 72 80 76 78 84 82 83 87 86 88 91 97 96 99 5 3 8 6 11 13 17 19 20 34 33 40 43 42 46 55 67 69 70 73 77 81 85 89 90 100 98 2 1 29 35
Volta 6: 12 25 26 37 54 53 61 66 74 79 92 4 10 15 18 24 23 21 27 31 32 36 38 45 44 47 49 51 60 58 56 62 63 64 72 75 71 76 80 78 82 83 84 86 87 88 95 94 3 5 9 8 13 14 17 20 16 30 28 39 40 42 50 46 59 57 65 67 68 70 73 77 85 90 89 91 97 96 99 100 2 1 6 11 19 29 35 34 43 55 69 81 98
Volta 7: 25 26 61 66 92 10 12 32 38 37 36 49 47 51 54 53 58 56 64 63 62 71 75 74 76 79 78 80 84 83 88 86 94 95 4 9 8 15 14 13 20 16 18 23 21 24 27 28 30 31 39 40 42 45 44 50 46 59 60 65 68 73 72 77 82 89 87 90 91 99 96 100 5 1 3 6 11 17 29 34 35 43 57 69 70 67 85 81 97 2 19 55
Volta 8: 26 66 12 25 37 36 47 49 53 54 58 64 61 63 75 74 76 80 79 78 83 84 88 86 94 95 92 10 9 13 16 18 23 24 21 28 27 31 32 38 44 45 50 51 56 59 65 62 71 72 82 89 90 87 99 96 5 3 4 8 11 15 14 20 17 29 30 35 40 39 42 46 57 60 68 69 67 70 73 77 81 85 91 100 97 1 2 6 19 34 43 55
Volta 9: 26 25 36 37 49 47 53 63 66 74 80 79 76 78 83 86 95 92 10 13 12 16 18 23 24 28 32 38 45 51 54 59 56 58 65 64 62 61 71 72 75 82 84 88 89 94 99 4 9 8 20 21 30 27 31 35 40 44 42 50 46 57 60 70 68 67 69 73 77 85 87 90 97 96 100 5 3 1 11 15 14 17 29 34 39 43 81 91 2 6 19
Volta 10: 26 25 36 37 47 63 66 74 79 76 78 83 92 12 13 18 24 28 32 38 49 54 53 56 58 64 61 62 75 80 84 89 86 88 94 95 4 10 9 16 20 21 23 30 31 40 44 45 50 46 51 60 59 57 65 67 72 73 71 77 85 82 87 90 99 96 100 97 3 1 8 11 15 17 29 27 35 34 42 68 69 70 91 2 5 6 14 19 39 43 81
Volta 11: 26 37 47 63 66 78 76 79 83 92 13 18 25 28 32 36 38 49 53 56 62 64 61 74 75 80 88 95 4 10 12 16 21 24 31 40 45 50 51 54 60 58 59 65 67 71 73 77 84 82 89 86 87 90 94 99 96 1 3 8 9 11 20 23 27 30 34 35 44 46 57 69 70 72 85 91 100 97 2 5 6 15 14 17 29 39 42 43 68 19
Volta 12: 26 37 63 79 76 78 83 92 18 25 32 38 49 47 61 66 74 75 95 4 10 13 12 16 21 24 28 36 45 50 51 53 58 56 59 62 64 80 90 86 94 99 3 8 9 11 20 23 27 35 34 40 44 46 54 60 65 70 72 71 73 77 84 85 82 89 87 96 97 100 6 15 17 29 39 42 57 68 69 91 2 5 14 19 43
Volta 13: 26 37 63 76 78 83 25 38 49 47 66 74 75 79 92 4 12 18 16 24 28 32 36 45 53 51 59 56 58 62 61 64 80 90 86 94 95 99 3 10 13 11 20 21 23 35 40 50 54 60 65 70 73 77 84 85 82 100 97 96 9 8 15 29 27 34 39 42 44 46 69 72 71 89 87 91 5 2 6 14 19 17 57 68
Volta 14: 37 76 78 83 26 38 49 63 66 74 92 4 12 16 24 25 28 32 47 53 51 56 59 64 62 61 75 79 86 95 94 3 10 13 11 20 18 21 23 35 40 36 45 50 54 58 73 80 82 84 90 99 100 96 8 9 15 27 29 39 42 44 46 60 65 70 71 72 77 85 89 87 91 97 2 14 17 34 57 69 68 5 6 19
Volta 15: 37 78 83 38 49 63 76 92 16 25 28 26 32 47 53 51 56 64 66 74 75 79 94 3 4 10 11 12 13 20 23 24 35 36 40 45 54 59 62 61 73 84 82 90 86 95 100 99 96 8 15 18 21 27 44 50 58 60 65 70 71 77 80 89 87 91 97 2 9 29 34 39 42 46 69 68 72 85 5 14 17 57 6
Volta 16: 37 78 63 76 83 92 16 25 28 26 38 47 49 51 53 56 64 66 74 79 94 4 10 11 12 20 24 32 40 54 59 61 62 75 82 90 86 95 96 99 100 3 8 13 15 18 23 35 36 45 44 50 60 70 71 73 77 80 84 89 91 97 9 21 29 27 34 42 46 58 65 68 69 72 85 87 2 5 14 39 57 6 17
Volta 17: 37 76 78 92 16 28 38 49 47 53 56 63 79 83 94 4 10 20 25 26 32 40 54 51 59 64 62 61 66 75 74 82 86 99 96 100 3 8 12 11 15 13 24 23 35 36 45 60 70 73 71 84 90 95 91 97 9 18 21 29 27 34 44 46 50 58 65 72 80 77 85 89 87 2 14 39 42 68 69 5 57 6
Volta 18: 37 76 78 16 53 56 79 83 94 92 10 25 26 28 32 47 49 51 54 62 61 63 64 66 74 82 96 4 8 11 12 20 23 35 40 36 45 59 60 71 75 73 84 90 86 95 100 3 9 13 15 18 24 21 34 44 46 65 70 77 80 85 89 91 97 14 29 27 39 42 50 58 68 69 2 57 5 6
Volta 19: 76 16 37 78 79 10 25 28 47 49 51 54 53 56 64 62 83 82 94 92 96 4 11 12 20 23 26 35 32 40 36 59 61 63 66 73 75 74 71 86 100 8 15 13 24 45 44 46 60 65 70 77 84 90 89 95 91 97 3 9 18 21 29 27 34 39 50 58 68 80 85 2 14 42 57 69 5
Volta 20: 37 76 78 79 10 16 47 54 53 56 62 64 94 96 4 12 11 25 28 26 32 36 40 49 51 59 61 63 74 83 82 92 8 15 20 24 23 35 44 45 60 66 71 73 75 77 84 90 86 95 97 100 9 13 18 21 27 46 50 65 70 68 80 89 91 3 14 29 34 39 58 57 69 85 2 42 5
Volta 21: 37 76 10 16 47 53 56 62 78 79 94 96 12 25 26 32 40 36 49 51 54 64 63 74 82 83 4 11 20 23 28 35 60 59 61 66 73 75 71 77 84 86 90 92 95 97 100 8 15 13 18 24 27 45 44 50 46 70 80 91 3 9 14 21 29 34 39 57 65 68 89 2 58 69 85 42
Volta 22: 37 10 16 47 53 78 76 79 12 25 26 32 36 51 54 56 62 83 94 96 4 11 20 23 28 40 49 60 59 64 63 66 74 77 84 82 90 97 100 15 18 24 35 45 44 50 61 73 75 71 86 95 92 3 9 8 13 14 21 27 29 46 70 68 80 89 91 34 39 57 58 65 69 85 2 42
Volta 23: 37 47 53 79 76 10 16 25 54 51 56 78 83 94 96 12 11 26 32 36 49 59 62 74 77 90 100 4 20 24 23 28 35 40 44 60 63 64 66 71 73 75 82 84 86 92 95 97 3 8 14 15 13 18 45 50 46 61 70 80 91 9 21 27 29 34 39 58 65 69 68 85 89 57 2
Volta 24: 37 53 79 25 47 51 56 76 78 94 96 10 12 16 26 32 36 49 54 62 74 83 90 100 11 20 23 24 40 59 63 64 66 73 71 75 82 84 92 97 4 3 13 15 18 28 35 45 44 50 86 95 91 8 9 14 21 29 27 34 46 65 61 68 69 80 85 89 39 58 57 2
Volta 25: 37 79 47 51 53 56 76 78 94 10 12 16 25 26 32 36 54 62 96 100 11 24 23 49 59 64 63 66 75 74 71 84 82 83 90 92 4 3 15 13 18 20 28 35 40 44 45 50 73 86 95 97 8 9 14 27 29 46 61 68 80 85 89 91 21 34 39 58 65 69 57
Volta 26: 37 79 47 53 56 78 94 12 16 25 26 36 51 54 62 76 96 10 11 24 32 49 64 71 74 84 82 83 90 92 100 4 3 15 20 23 28 40 44 45 50 59 63 66 73 75 14 13 18 27 29 35 46 61 86 91 95 97 9 8 21 34 58 65 69 68 80 85 89 39 57
Volta 27: 37 79 47 56 78 94 16 26 36 53 54 51 76 12 11 24 25 49 64 62 71 83 90 92 100 96 4 10 15 20 23 32 40 44 45 50 63 66 75 74 84 82 3 13 14 18 28 35 59 73 95 97 8 29 27 34 46 58 65 61 69 80 85 86 89 91 9 21 39 68
Volta 28: 37 79 47 78 26 36 53 56 94 11 12 16 24 25 49 54 51 62 64 71 76 83 90 92 96 100 4 10 23 32 40 44 45 50 66 75 74 84 82 3 13 15 20 18 28 59 63 73 95 8 14 27 29 34 35 46 58 69 80 85 86 91 97 39 61 65 89 9 21 68
Volta 29: 37 79 47 36 56 78 94 11 12 16 25 26 49 54 51 53 62 64 71 76 100 10 23 24 45 44 50 66 74 75 84 83 82 90 92 96 4 15 13 18 20 32 40 63 73 95 3 14 28 27 35 34 46 59 58 69 80 85 86 97 8 29 39 65 61 89 91 9 21
Volta 30: 37 47 79 36 78 94 11 12 16 26 53 54 56 62 100 10 24 23 45 44 49 51 64 66 74 75 71 76 82 83 84 90 92 96 4 15 20 18 32 40 95 3 13 14 28 34 35 59 58 63 73 80 85 86 97 8 27 29 39 46 61 69 91 21 65 89
Volta 31: 37 47 79 36 78 12 11 26 53 54 56 62 94 10 16 49 51 64 66 71 76 84 92 100 4 20 18 24 23 32 40 45 44 75 74 83 82 90 95 96 3 13 15 14 34 59 63 85 97 8 27 29 28 35 46 58 61 69 73 80 86 91 21 39 65
Volta 32: 37 79 47 78 11 12 36 54 53 62 10 26 49 51 56 64 66 84 94 16 20 18 23 24 32 44 75 74 71 76 82 83 95 92 100 3 4 13 15 40 45 63 85 90 96 8 14 27 28 34 46 58 59 61 69 73 80 86 91 97 21 29 35 39 65
Volta 33: 37 79 47 78 11 36 53 54 12 26 49 51 56 62 84 94 10 16 23 32 64 66 71 75 74 76 83 92 100 4 13 15 20 18 24 40 44 45 82 90 95 96 3 14 27 34 46 58 63 69 73 85 97 8 21 29 28 35 39 59 61 80 86 91
Volta 34: 79 37 78 11 36 47 53 54 12 26 49 56 62 10 16 23 32 51 66 84 94 92 100 4 18 20 40 45 64 75 74 71 76 82 83 90 95 3 13 14 15 24 27 44 58 63 69 97 96 8 28 29 34 39 46 73 80 85 86 21 35 59 61 91
Volta 35: 79 37 36 47 53 78 11 26 49 54 56 62 10 12 66 84 94 100 4 16 18 23 32 40 51 76 83 82 92 3 20 24 27 44 45 63 64 74 75 71 90 95 96 97 13 15 14 28 34 46 58 69 73 80 8 21 29 35 39 59 61 85 86
Volta 36: 79 37 36 47 78 11 26 54 53 62 10 56 66 94 100 16 23 40 51 76 82 83 92 4 3 18 20 24 27 32 45 44 74 71 75 90 95 96 97 14 15 28 34 46 58 63 64 69 8 13 73 80 85 21 29 35 39 59 61 86
Volta 37: 79 36 37 47 78 11 26 53 62 10 54 56 66 100 51 76 82 83 94 4 16 18 23 40 44 45 92 95 96 3 14 20 24 28 27 32 46 58 64 63 69 75 71 74 90 97 15 34 73 80 8 13 21 29 35 39 59 85 61
Volta 38: 79 37 36 78 11 26 47 10 54 53 62 66 56 76 83 82 94 100 16 23 40 45 44 51 92 96 3 4 20 18 24 28 27 32 46 64 63 74 75 95 97 15 14 34 58 69 71 73 90 8 13 21 29 59 80 85 35 39 61
Volta 39: 79 37 78 26 36 47 11 54 53 62 10 56 66 76 83 94 100 40 45 44 82 96 4 20 18 16 23 28 32 51 64 63 75 95 92 3 14 24 27 46 58 69 71 74 90 97 8 15 13 21 29 34 59 73 80 35 39 85
Volta 40: 79 37 26 36 47 78 11 54 53 62 83 100 10 40 44 45 56 66 76 82 94 96 4 20 18 16 23 28 32 63 95 92 3 14 24 27 51 58 64 75 90 97 8 15 13 34 46 69 71 74 73 80 21 29 59 85 35 39
Volta 41: 37 79 47 78 26 36 53 11 54 62 83 100 10 40 44 56 66 76 94 96 18 16 28 32 45 63 82 92 4 3 14 20 23 51 58 75 90 95 97 8 24 27 64 69 74 73 71 80 15 13 29 34 46 59 85 21 35
Volta 42: 37 47 79 78 26 36 11 53 54 100 44 56 62 66 83 94 96 10 18 28 45 76 82 92 4 23 32 51 63 75 90 95 97 3 8 14 20 27 58 64 69 73 80 15 13 24 29 34 46 59 74 71 85 21 35
Volta 43: 37 79 26 36 47 78 54 100 11 44 53 56 62 66 83 94 10 45 76 92 96 4 18 28 32 63 75 82 90 95 3 14 20 23 51 58 64 97 8 15 24 29 27 34 69 74 73 71 80 13 21 46 59 85
Volta 44: 37 79 47 78 26 36 54 11 53 62 66 94 100 10 45 44 56 83 92 96 4 28 75 76 82 90 20 18 23 32 51 58 64 63 95 97 3 8 14 24 27 29 73 74 80 13 15 21 34 46 59 69 71 85
Volta 45: 37 78 79 36 47 54 11 26 62 94 100 10 44 53 56 66 83 45 75 82 92 96 4 18 20 28 51 58 64 63 76 90 97 3 8 14 23 27 29 32 74 73 95 15 24 34 46 69 71 80 13 21 59
Volta 46: 37 79 78 47 54 11 26 36 62 100 44 53 66 83 94 10 45 56 82 96 4 20 58 63 75 76 90 92 97 3 14 18 23 28 29 51 64 95 8 15 24 27 32 34 46 69 73 74 71 80 13 21 59
Volta 47: 37 78 47 54 79 11 100 26 36 44 62 83 94 10 45 53 56 66 82 96 20 63 75 90 92 3 4 14 18 23 29 51 58 76 97 24 28 27 32 64 69 74 73 80 95 8 13 15 21 34 46 71
Volta 48: 37 47 54 79 78 11 100 44 62 94 26 36 45 56 83 96 10 53 63 66 82 92 3 4 14 18 20 29 51 58 75 76 90 24 23 27 28 73 80 95 97 8 13 15 32 34 46 64 69 74 71 21
Volta 49: 37 47 78 54 79 11 44 94 100 45 62 96 10 26 36 53 56 63 66 83 82 92 3 4 14 18 29 75 90 20 24 51 58 73 76 97 13 15 23 27 28 32 46 64 69 71 74 80 95 8 34
Volta 50: 37 47 54 79 78 44 94 100 11 62 36 45 53 56 66 82 83 96 4 10 14 18 26 63 90 92 3 24 29 51 58 75 73 76 15 13 20 23 27 28 32 46 69 74 80 95 97 34 64 71 8
Volta 51: 37 47 54 79 78 94 100 44 62 11 36 45 66 82 83 96 4 10 14 18 26 53 56 90 92 3 24 29 58 63 73 75 15 20 23 28 51 80 76 95 97 13 27 34 32 46 64 69 74 71
Volta 52: 37 54 79 47 78 94 100 44 11 36 45 62 82 96 4 10 14 53 56 66 83 92 3 18 24 29 26 63 90 20 23 28 51 58 73 75 76 97 15 13 27 32 46 69 71 80 95 34 64 74
Volta 53: 37 54 79 47 78 94 100 44 62 82 96 10 14 11 36 45 53 56 66 83 3 4 24 29 26 90 92 18 51 58 63 73 75 76 97 15 13 20 23 28 27 32 46 69 80 95 34 64 71
Volta 54: 37 54 79 78 94 47 44 62 96 10 11 36 45 53 56 66 82 83 14 24 26 29 90 4 51 63 73 97 13 15 20 18 23 27 32 46 58 69 75 76 28 34 64 71 80 95
Volta 55: 37 54 79 78 94 47 44 62 11 36 53 56 66 83 82 96 10 14 26 29 45 90 4 24 63 97 13 18 20 32 46 51 58 69 73 75 76 15 23 27 64 71 80 28 34
Volta 56: 37 79 78 94 47 54 44 62 96 10 11 36 53 56 66 82 83 90 4 14 26 29 45 63 97 20 24 32 51 73 15 13 18 23 27 46 58 64 69 71 75 76 80 28 34
Volta 57: 37 78 94 47 54 79 44 62 53 56 66 83 82 90 96 10 14 11 29 36 45 97 4 24 26 63 73 15 20 23 27 32 51 58 75 76 13 18 46 64 69 71 80 28
Volta 58: 37 78 94 47 54 79 62 44 53 56 66 90 96 11 14 36 45 82 83 97 10 24 29 26 63 4 15 20 27 32 51 58 73 13 18 23 46 64 69 75 71 76 80 28
Volta 59: 78 94 37 47 54 79 62 44 53 66 11 45 56 83 82 90 97 96 10 14 24 29 36 4 27 26 32 51 58 63 73 13 15 18 20 23 64 69 75 71 80 76 46
Volta 60: 78 94 37 47 54 62 79 44 45 53 56 66 82 83 90 10 11 14 24 29 36 97 96 4 32 51 63 15 18 20 27 58 64 75 73 13 23 46 69 71 76 80
Volta 61: 78 94 37 47 54 62 79 45 44 66 82 83 90 14 24 29 36 53 56 96 97 10 11 51 63 4 15 27 32 64 13 18 20 23 46 58 69 71 73 75 76
Volta 62: 78 37 54 94 47 62 79 66 82 83 14 45 44 56 90 96 97 10 11 24 29 36 53 63 15 27 32 51 64 4 18 46 69 73 75 13 20 23 58 71 76
Volta 63: 78 54 94 37 47 62 79 83 14 44 56 66 82 96 11 24 29 36 45 90 97 10 15 32 53 63 4 27 46 51 64 73 13 20 18 23 69 75 71 58
Volta 64: 78 54 94 37 47 62 79 14 56 66 83 82 11 24 45 44 90 97 96 10 15 29 32 36 53 63 27 46 51 64 73 4 13 18 20 23 69 71 75 58
Volta 65: 78 54 94 37 47 62 79 56 83 14 24 44 66 82 97 96 11 29 32 45 53 63 90 10 15 27 36 46 64 4 20 18 23 51 69 73 13 71 75
Volta 66: 78 54 94 37 47 62 79 83 14 56 82 11 24 29 32 44 45 63 66 90 97 96 15 4 18 23 27 36 46 51 64 69 13 20 75 73 71
Volta 67: 78 54 94 37 47 62 79 56 83 14 29 45 44 63 66 82 90 96 97 11 15 24 32 18 46 64 69 4 13 20 23 27 36 51 73 75
Volta 68: 78 37 54 94 47 62 56 79 83 14 44 63 66 82 90 96 11 15 29 32 45 97 24 46 64 4 13 18 23 27 36 51 69 73 20 75
Volta 69: 78 94 37 47 54 62 56 79 14 44 63 83 82 90 29 45 66 96 97 11 15 24 32 46 64 4 13 18 27 36 51 69 20 23 73
Volta 70: 78 94 47 54 37 56 62 79 14 63 83 82 29 44 45 66 90 96 97 11 15 32 46 64 4 13 24 27 69 20 18 23 36 51 73
Volta 71: 78 94 47 54 37 56 62 79 82 14 29 63 66 83 90 96 97 11 15 44 45 13 32 46 64 4 20 18 23 24 27 36 69 51
Volta 72: 78 47 94 54 37 62 79 56 82 14 63 66 83 90 15 29 45 97 96 11 13 44 46 64 4 20 23 24 27 36 69 18 51
Volta 73: 78 94 47 54 37 56 62 79 14 66 83 82 45 63 90 11 15 29 44 64 96 97 13 20 23 24 27 36 46 69 4 18
Volta 74: 78 94 47 54 56 62 79 14 37 66 82 63 83 90 15 29 45 96 11 13 24 44 46 64 69 97 4 18 20 23 27 36
Volta 75: 78 94 47 54 79 56 62 82 14 37 63 66 90 15 29 83 96 13 11 24 45 44 46 64 69 97 4 20 23 27 18
Volta 76: 78 94 47 54 79 56 62 14 37 66 82 90 15 29 63 83 11 24 44 45 46 64 69 96 13 23 97 4 20 27 18
Volta 77: 78 94 47 54 79 56 62 66 82 14 29 37 63 90 11 15 24 44 46 83 96 13 23 45 64 69 97 20 27 4
Volta 78: 78 94 47 54 79 56 62 66 14 29 63 82 90 11 15 24 37 44 46 83 45 64 97 96 20 23 69 27 4
Volta 79: 78 94 47 54 79 56 62 66 14 63 82 11 15 24 29 37 44 90 45 46 83 96 97 20 23 64 69 27
Volta 80: 78 94 47 54 79 56 62 66 82 14 29 63 90 15 11 24 37 44 46 83 45 64 69 97 96 20 23 27
Volta 81: 78 94 54 79 47 62 56 66 63 82 90 14 11 24 29 37 44 15 45 46 64 69 83 96 97 20 23
Volta 82: 78 94 54 47 62 79 66 56 90 11 24 44 63 82 14 15 29 37 45 46 69 83 97 20 64 96 23
Volta 83: 78 94 54 47 62 79 56 66 90 11 24 63 82 15 37 44 83 97 14 20 29 45 46 69 96 64
Volta 84: 78 94 54 62 47 79 56 66 90 11 63 82 15 24 44 97 14 29 37 45 69 83 96 46 64
Volta 85: 78 94 54 62 47 79 66 56 82 90 15 11 24 63 97 37 44 45 83 96 14 29 46 69
Volta 86: 78 94 54 62 47 79 66 82 90 11 15 56 63 24 45 83 97 14 29 37 44 46 69 96
Volta 87: 78 94 62 54 47 79 66 82 90 11 15 24 56 63 83 97 14 29 37 44 45 46 69
Volta 88: 78 94 54 62 47 79 66 82 90 15 11 56 63 83 97 14 24 37 44 45 29 46 69
Volta 89: 78 94 54 62 47 66 79 82 90 11 15 56 63 83 97 24 14 29 37 44 45 46
Volta 90: 78 94 54 62 47 79 66 90 15 11 56 24 63 83 14 44 46 29 37 45
Volta 91: 78 94 54 47 62 66 79 90 11 15 24 56 83 44 63 14 29 37 46
Volta 92: 78 94 47 54 62 66 79 90 11 15 24 56 44 63 83 14 29 37 46
Volta 93: 78 94 47 54 62 66 90 79 11 15 24 44 56 63 83 14 29 37
Volta 94: 78 94 47 54 62 66 90 79 11 24 15 44 56 63 83 14 29 37
Volta 95: 78 94 47 62 66 54 90 11 79 24 44 83 15 14 56 63 29
Volta 96: 78 94 47 62 54 66 11 90 14 24 44 56 83 15 29 63
Volta 97: 78 94 47 54 62 66 11 90 14 24 44 83 15 29 56
Volta 98: 78 94 47 54 62 66 11 90 14 44 83 15 24 29 56
Volta 99: 78 94 47 62 66 11 54 90 14 24 44 83 15 29
Volta 100: 78 94 47 66 11 54 62 90 14 44 83 15 24 29
Volta 101: 78 94 47 66 11 62 54 90 14 44 24 83 15
Volta 102: 78 47 66 62 11 54 90 14 24 83 15
Volta 103: 78 47 62 66 11 54 90 14 24 83
Volta 104: 78 47 62 66 11 54 90 14 24 83
Volta 105: 78 47 62 11 66 54 90 24 14
Volta 106: 78 47 62 66 11 90 54 14 24
Volta 107: 78 62 47 66 11 54 90 14
Volta 108: 78 62 11 54 90 14
Volta 109: 78 62 11 54 90
Volta 110: 78 62 11 54 90
Volta 111: 78 62 11 54
Volta 112: 78 62 11 54
Volta 113: 78 62 11
Volta 114: 78 62 11
Volta 115: 78 62
Volta 116: 78 62

Ranqueamento Final:
1: Ciclista 62 - 2236.50 segundos
2: Ciclista 11 - 2235.30 segundos
3: Ciclista 78 - 2191.86 segundos
4: Ciclista 54 - 2191.26 segundos
5: Ciclista 90 - 2177.10 segundos
6: Ciclista 14 - 2160.30 segundos
7: Ciclista 24 - 2100.54 segundos
8: Ciclista 83 - 2071.98 segundos
9: Ciclista 15 - 2040.30 segundos
10: Ciclista 29 - 1995.66 segundos
11: Ciclista 56 - 1951.38 segundos
12: Ciclista 63 - 1921.50 segundos
13: Ciclista 37 - 1905.90 segundos
14: Ciclista 46 - 1846.14 segundos
15: Ciclista 45 - 1816.02 segundos
16: Ciclista 69 - 1771.62 segundos
17: Ciclista 96 - 1727.34 segundos
18: Ciclista 64 - 1696.50 segundos
19: Ciclista 23 - 1665.54 segundos
20: Ciclista 27 - 1620.66 segundos
21: Ciclista 4 - 1605.06 segundos
22: Ciclista 18 - 1560.42 segundos
23: Ciclista 36 - 1500.90 segundos
24: Ciclista 51 - 1471.26 segundos
25: Ciclista 73 - 1426.74 segundos
26: Ciclista 75 - 1396.74 segundos
27: Ciclista 71 - 1351.74 segundos
28: Ciclista 58 - 1336.38 segundos
29: Ciclista 76 - 1276.86 segundos
30: Ciclista 80 - 1231.86 segundos
31: Ciclista 28 - 1200.66 segundos
32: Ciclista 34 - 1155.78 segundos
33: Ciclista 95 - 1112.22 segundos
34: Ciclista 74 - 1081.74 segundos
35: Ciclista 8 - 1050.18 segundos
36: Ciclista 21 - 1005.54 segundos
37: Ciclista 59 - 961.38 segundos
38: Ciclista 85 - 916.98 segundos
39: Ciclista 35 - 900.78 segundos
40: Ciclista 39 - 855.90 segundos
41: Ciclista 61 - 811.50 segundos
42: Ciclista 86 - 767.10 segundos
43: Ciclista 91 - 722.22 segundos
44: Ciclista 65 - 676.50 segundos
45: Ciclista 89 - 660.18 segundos
46: Ciclista 68 - 616.62 segundos
47: Ciclista 57 - 571.38 segundos
48: Ciclista 2 - 540.06 segundos
49: Ciclista 42 - 496.02 segundos
50: Ciclista 5 - 465.06 segundos
51: Ciclista 6 - 420.18 segundos
52: Ciclista 17 - 375.42 segundos
53: Ciclista 19 - 330.42 segundos
54: Ciclista 43 - 286.02 segundos
55: Ciclista 81 - 241.98 segundos
56: Ciclista 55 - 196.26 segundos
57: Ciclista 98 - 152.34 segundos
58: Ciclista 48 - 121.14 segundos
59: Ciclista 93 - 62.22 segundos

Ciclista 1 quebrou na volta 12 - 255.00 segundos
Ciclista 3 quebrou na volta 54 - 1080.00 segundos
Ciclista 7 quebrou na volta 6 - 120.12 segundos
Ciclista 9 quebrou na volta 30 - 660.12 segundos
Ciclista 10 quebrou na volta 66 - 1320.12 segundos
Ciclista 12 quebrou na volta 36 - 705.24 segundos
Ciclista 13 quebrou na volta 78 - 1560.24 segundos
Ciclista 16 quebrou na volta 42 - 825.36 segundos
Ciclista 20 quebrou na volta 84 - 1695.36 segundos
Ciclista 22 quebrou na volta 6 - 135.48 segundos
Ciclista 25 quebrou na volta 30 - 570.48 segundos
Ciclista 26 quebrou na volta 60 - 1215.60 segundos
Ciclista 30 quebrou na volta 12 - 255.60 segundos
Ciclista 31 quebrou na volta 12 - 240.72 segundos
Ciclista 32 quebrou na volta 72 - 1440.72 segundos
Ciclista 33 quebrou na volta 6 - 135.72 segundos
Ciclista 38 quebrou na volta 18 - 345.84 segundos
Ciclista 40 quebrou na volta 42 - 825.84 segundos
Ciclista 41 quebrou na volta 6 - 105.96 segundos
Ciclista 44 quebrou na volta 102 - 2010.96 segundos
Ciclista 47 quebrou na volta 108 - 2086.08 segundos
Ciclista 49 quebrou na volta 36 - 676.08 segundos
Ciclista 50 quebrou na volta 30 - 601.08 segundos
Ciclista 52 quebrou na volta 6 - 121.20 segundos
Ciclista 53 quebrou na volta 66 - 1306.20 segundos
Ciclista 60 quebrou na volta 24 - 481.32 segundos
Ciclista 66 quebrou na volta 108 - 2086.56 segundos
Ciclista 67 quebrou na volta 12 - 241.56 segundos
Ciclista 70 quebrou na volta 24 - 511.56 segundos
Ciclista 72 quebrou na volta 18 - 391.68 segundos
Ciclista 77 quebrou na volta 24 - 481.80 segundos
Ciclista 79 quebrou na volta 96 - 1876.80 segundos
Ciclista 82 quebrou na volta 90 - 1741.92 segundos
Ciclista 84 quebrou na volta 36 - 706.92 segundos
Ciclista 87 quebrou na volta 18 - 392.04 segundos
Ciclista 88 quebrou na volta 12 - 227.04 segundos
Ciclista 92 quebrou na volta 54 - 1067.16 segundos
Ciclista 94 quebrou na volta 102 - 1922.16 segundos
Ciclista 97 quebrou na volta 90 - 1772.28 segundos
Ciclista 99 quebrou na volta 18 - 347.28 segundos
Ciclista 100 quebrou na volta 54 - 1022.28 segundos
