Volta 1: 2 5 3 1 4 6 9 10 7 8 11 13 14 12 15 18 17 19 20 16 22 24 21 23 25 30 29 28 27 26 33 32 35 34 31 39 40 36 37 38 42 44 41 45 43 48 46 49 47 50 54 55 53 51 52 59 58 56 60 57 63 64 61 65 62 67 68 70 69 66 71 73 72 75 74 79 76 78 80 77 83 84 85 82 81 87 89 86 88 90 95 91 92 93 94 100 98 99 96 97
Volta 2: 5 3 8 6 7 9 13 14 19 20 18 23 24 25 22 27 26 28 30 29 31 32 34 37 40 36 38 42 41 45 44 49 47 50 48 53 54 52 51 55 60 58 57 56 65 63 64 61 62 68 69 70 67 73 72 71 74 75 76 78 77 80 79 83 81 84 82 87 90 88 89 86 94 92 95 97 100 98 99 96 2 1 4 10 11 12 15 16 17 21 33 35 39 43 46 59 66 85 91 93
Volta 3: 3 6 7 8 14 18 23 22 24 25 29 26 31 34 37 38 36 40 42 45 50 47 55 54 60 57 58 62 65 64 63 68 67 73 72 71 75 74 76 78 80 77 84 82 87 90 86 88 95 94 92 100 1 5 4 10 9 13 15 11 12 19 20 17 21 28 30 27 33 32 39 44 43 41 46 48 49 51 52 53 56 61 69 70 66 79 81 85 83 89 91 99 97 96 98 2 16 35 59
Volta 4: 3 8 6 14 18 25 23 22 24 29 26 34 31 36 38 40 45 42 47 54 55 60 57 58 65 63 62 64 68 72 71 74 77 76 80 78 84 90 86 88 92 94 95 4 1 5 7 10 15 12 13 11 20 17 19 21 30 27 28 32 39 37 43 44 41 46 50 48 49 53 51 52 56 61 67 69 75 73 79 82 85 81 83 87 89 99 96 100 98 2 9 16 33 35 59 70 66 91 97
Volta 5: 6 14 24 23 36 38 42 45 54 55 60 57 63 68 71 74 78 80 90 94 92 1 3 5 10 7 8 15 13 12 17 18 22 25 30 29 27 26 34 31 37 40 44 43 47 50 48 51 58 56 61 65 64 62 69 67 75 72 73 79 77 76 81 82 84 89 87 88 86 95 96 100 98 2 4 11 20 19 21 28 32 33 39 41 49 46 53 52 70 66 83 85 91 99 9 16 35 59
Volta 6: 14 23 36 38 42 45 55 57 60 63 68 74 90 5 3 10 6 8 12 18 25 24 22 29 27 34 31 40 43 47 48 51 54 56 58 64 65 61 62 67 69 72 73 71 77 78 80 79 81 84 82 87 92 95 94 100 1 7 11 15 20 19 21 30 26 33 37 39 44 41 49 50 53 52 70 76 85 86 88 91 99 96 98 2 4 9 16 28 35 32 46 59 66 83
Volta 7: 55 60 57 68 5 3 10 12 14 18 22 25 24 23 29 31 36 40 38 43 42 45 47 51 54 58 56 62 65 61 64 63 72 74 73 71 79 80 77 81 82 90 92 94 1 6 8 11 15 19 20 27 26 30 34 39 41 44 48 50 49 52 53 67 69 70 76 78 85 84 87 88 86 91 95 98 96 100 2 4 7 21 28 33 32 35 37 59 66 99 9 16 46
Volta 8: 55 57 3 5 10 12 18 23 29 36 38 45 43 42 51 54 56 60 61 65 63 68 72 74 77 80 79 81 92 94 1 6 8 14 11 19 22 24 25 26 27 34 31 39 40 44 41 48 49 47 53 52 58 62 64 67 71 73 78 85 82 90 87 88 91 95 100 98 96 7 15 20 21 30 28 35 33 50 59 70 69 66 76 84 86 99 2 4 9 16 32 37 46
Volta 9: 55 57 3 12 38 42 43 45 51 54 60 61 68 79 81 92 5 1 6 8 10 11 14 19 18 24 23 22 25 29 26 31 34 36 39 40 41 49 47 52 53 56 63 65 64 62 72 74 71 80 78 77 82 85 90 88 91 94 95 98 100 96 15 20 21 30 27 33 44 48 58 70 67 69 73 76 84 87 86 2 9 7 28 32 35 37 50 59 66 99 4 16
Volta 10: 57 3 51 55 54 81 1 5 6 8 12 11 14 18 23 29 26 31 38 36 45 42 43 47 49 52 60 56 65 64 61 68 71 74 78 79 77 85 82 90 88 95 94 92 91 100 10 15 19 25 21 22 24 27 34 39 40 44 41 53 58 62 63 70 69 72 73 80 76 87 86 98 96 2 7 9 20 28 30 35 33 37 48 50 59 67 84 99 4 16 32 66
Volta 11: 55 54 57 81 3 5 8 6 12 11 18 23 29 26 31 38 43 45 47 49 51 52 56 60 61 64 68 71 78 79 85 90 92 91 1 10 14 19 21 24 25 22 27 34 39 36 44 42 53 65 62 63 69 70 74 72 77 80 82 87 88 86 95 94 96 98 100 2 9 15 20 35 40 37 41 48 58 73 76 84 7 16 30 28 33 32 50 59 67 99 4
Volta 12: 55 57 81 3 12 11 23 31 45 49 54 51 52 61 71 78 85 90 92 5 1 10 8 6 14 19 18 22 24 21 29 26 36 38 43 44 42 47 60 56 64 63 62 65 69 68 74 72 77 79 82 86 88 91 95 94 100 98 15 25 27 34 37 39 41 53 58 70 73 84 2 7 9 20 30 28 35 33 32 40 50 59 76 4 16 99
Volta 13: 55 57 81 3 12 23 31 45 49 51 54 52 78 85 90 92 5 1 8 10 11 14 18 24 29 36 38 44 47 60 64 61 63 68 69 71 72 74 79 88 86 91 95 98 6 19 25 22 21 26 27 34 39 37 42 41 43 53 56 65 62 70 73 77 82 94 100 7 15 20 30 28 35 33 40 50 59 58 76 84 4 2 9 16 32
Volta 14: 55 57 3 12 23 45 49 52 54 81 92 1 10 8 11 24 29 31 36 38 51 60 64 61 71 78 85 86 90 5 6 14 18 25 26 27 37 39 44 42 47 56 63 68 70 69 72 74 73 79 88 94 91 95 100 98 7 15 19 20 21 22 28 30 35 33 34 40 41 43 50 53 58 59 62 65 76 77 84 82 2 4 9 32 16
Volta 15: 57 3 23 45 49 55 54 81 11 12 24 29 38 36 51 52 60 78 86 90 92 1 10 6 8 14 18 25 27 26 31 39 44 42 47 56 61 63 64 69 68 72 74 71 79 85 88 95 91 94 98 100 5 7 15 19 20 21 22 28 34 37 40 50 58 65 70 73 77 76 84 82 2 30 33 32 35 43 41 53 59 62 4 9
Volta 16: 3 23 55 57 12 11 24 29 36 45 49 54 60 78 81 86 92 1 10 8 14 26 31 38 39 52 51 56 64 61 71 72 79 85 90 88 100 5 6 15 20 18 22 25 28 27 34 37 40 44 42 50 47 58 63 69 70 68 73 74 76 84 94 95 91 98 2 7 19 21 30 33 41 53 59 62 65 77 82 4 9 32 35 43
Volta 17: 3 23 57 12 11 29 36 45 54 55 78 81 1 10 8 24 38 49 52 60 64 61 71 85 86 88 90 92 100 14 25 28 26 31 34 37 40 39 42 51 56 63 68 69 70 74 72 79 84 95 94 98 5 7 6 15 19 18 20 22 21 27 33 44 47 50 53 58 59 65 62 73 76 77 91 4 2 9 30 32 41 82 35
Volta 18: 23 3 11 45 54 57 78 81 1 12 24 29 38 49 55 52 60 61 71 88 86 90 8 10 26 28 31 39 42 56 63 64 68 74 72 79 84 85 94 95 100 5 7 18 20 25 27 34 33 40 37 47 51 53 58 59 65 69 70 73 76 98 2 6 15 19 22 30 41 44 50 62 77 82 4 9 35
Volta 19: 23 3 11 54 57 78 81 12 24 29 45 52 55 60 86 90 88 1 10 8 31 39 38 42 49 61 64 74 71 72 84 85 100 5 18 20 25 26 28 27 34 37 47 53 56 59 58 63 69 68 70 73 79 76 94 95 98 2 7 15 33 40 44 50 51 65 62 77 4 6 9 19 22 30 41 82
Volta 20: 11 23 78 81 3 12 45 54 55 57 86 90 1 24 29 38 39 49 52 60 61 74 84 88 5 10 8 18 25 26 28 31 34 42 47 53 59 58 63 64 69 68 72 71 85 95 100 98 2 7 15 20 27 33 40 37 50 51 56 62 65 70 73 76 79 94 4 9 19 22 30 44 77 82 6 41
Volta 21: 11 23 78 81 3 45 54 55 57 1 12 24 39 38 52 60 84 86 88 90 5 8 18 25 26 29 28 31 42 49 47 53 58 59 63 61 64 69 72 74 71 85 95 100 98 2 10 15 20 27 34 33 37 50 56 62 68 70 76 79 94 4 9 7 30 40 44 51 65 73 77 19 22 82 6
Volta 22: 11 78 81 3 23 45 54 55 1 12 38 57 60 84 86 90 5 24 29 26 28 31 39 42 53 52 58 61 69 72 71 74 88 95 100 2 8 18 20 25 34 37 50 49 47 56 59 64 63 62 70 68 76 85 98 10 7 15 27 33 40 51 65 73 77 79 94 4 9 19 22 30 44 82 6
Volta 23: 11 78 81 3 23 45 54 55 1 12 38 57 90 24 26 29 28 31 39 53 52 60 69 72 74 84 86 5 2 8 18 25 34 42 47 58 56 61 63 68 71 76 85 88 95 98 100 10 7 15 20 27 33 37 40 50 49 59 64 65 62 70 73 77 94 4 9 22 30 44 51 79 82 19
Volta 24: 78 81 11 45 55 3 1 23 38 54 90 12 24 29 28 52 60 57 69 72 74 86 2 8 26 31 39 42 53 58 56 61 85 84 88 98 100 15 18 20 25 34 47 49 63 62 64 70 68 73 71 76 77 94 95 4 7 9 10 22 27 30 33 40 37 44 51 65 79 82 19
Volta 25: 81 11 55 78 3 45 54 1 12 23 28 38 57 72 90 86 2 24 29 31 39 42 52 60 69 74 84 88 8 15 18 20 25 26 34 47 49 53 56 58 61 68 71 76 85 95 98 100 7 10 22 30 33 40 37 44 65 63 62 64 70 73 77 94 4 9 27 51 79 82
Volta 26: 11 55 78 81 45 54 3 1 12 23 28 38 72 86 2 24 29 31 39 42 52 60 57 69 74 84 88 90 8 15 20 18 47 53 56 58 68 85 95 98 100 10 25 22 26 34 40 49 61 63 64 70 73 71 76 94 7 9 27 30 33 37 44 51 62 65 77 79 82 4
Volta 27: 11 55 78 45 54 81 3 1 12 38 86 2 23 28 29 52 57 69 72 74 84 90 8 24 31 39 42 47 58 60 85 88 95 98 15 18 20 25 26 34 49 53 56 61 64 68 70 71 100 10 7 9 22 30 33 37 40 51 65 63 73 77 79 76 94 27 44 62 82
Volta 28: 11 78 45 55 54 12 38 81 3 1 23 29 52 69 72 84 90 86 2 8 24 28 31 39 42 47 60 57 74 88 95 98 15 20 26 49 53 56 58 64 61 71 85 10 9 18 25 30 34 37 51 65 63 70 68 73 76 79 94 100 7 22 27 33 40 44 62 77 82
Volta 29: 11 45 55 54 78 12 81 3 1 23 29 38 52 72 84 86 90 2 8 24 31 39 47 69 74 95 15 20 28 26 42 53 57 60 58 71 85 88 98 9 18 25 34 37 49 51 56 61 64 70 68 79 94 100 10 7 22 27 30 33 40 62 63 65 73 77 76 44
Volta 30: 11 78 12 45 55 54 81 29 52 72 1 3 2 23 24 39 38 47 69 84 90 86 8 15 20 26 28 31 42 53 60 57 71 85 88 98 18 25 49 56 58 64 61 70 79 10 9 30 27 33 40 37 51 65 62 63 68 73 76 94 100 7 22 44 77
Volta 31: 11 78 45 55 54 12 29 52 81 2 3 23 39 38 47 72 84 90 86 1 24 28 26 31 60 69 71 85 88 98 8 15 18 20 25 42 49 53 58 57 9 27 30 37 51 56 63 61 65 64 62 70 73 76 79 94 100 7 10 22 33 40 44 68
Volta 32: 78 11 55 12 29 45 52 54 81 2 23 38 39 47 72 84 86 1 3 28 31 85 88 90 8 20 24 26 42 49 57 60 69 71 98 9 15 18 25 27 30 53 56 58 64 70 73 76 79 7 10 33 40 37 51 63 65 61 62 68 94 100 22 44
Volta 33: 55 78 12 11 29 45 54 81 2 23 38 47 52 72 86 3 28 39 84 90 1 24 26 31 42 49 57 85 88 98 8 9 15 20 30 27 53 60 58 64 69 70 71 76 7 18 25 33 40 56 65 62 61 63 68 73 79 94 10 22 37 51 100
Volta 34: 55 78 12 11 29 45 54 81 23 38 47 86 2 3 39 52 72 84 90 1 24 26 28 31 42 49 57 88 98 9 8 15 20 53 60 64 71 76 85 18 25 30 27 40 58 56 65 61 70 68 69 79 7 10 33 37 51 63 62 73 94 100 22
Volta 35: 55 78 12 29 54 11 23 38 45 81 86 3 2 39 47 52 72 90 1 28 31 42 49 84 88 20 24 26 53 60 57 64 71 76 85 98 8 9 15 25 27 30 40 58 65 70 69 68 7 18 33 51 56 62 61 63 79 10 37 73 94 100
Volta 36: 78 55 12 23 29 45 81 86 3 11 38 39 47 52 90 2 28 31 42 72 84 88 24 53 57 71 76 98 9 8 15 20 26 40 60 64 70 69 68 85 18 25 27 30 58 56 61 63 62 79 10 33 51 73 94 100 37
Volta 37: 78 55 12 29 45 81 3 11 23 39 38 47 86 28 31 42 52 72 88 90 2 24 57 84 98 9 15 20 26 40 53 60 64 70 71 76 85 8 18 25 30 27 56 58 61 63 62 68 69 79 33 94 100 10 51 73
Volta 38: 55 78 12 29 81 23 38 39 45 86 3 11 28 31 47 52 72 90 88 2 42 84 20 24 26 40 53 57 60 70 71 76 85 98 8 9 15 25 30 58 56 64 69 68 79 18 27 33 63 61 62 94 100 51 73 10
Volta 39: 55 78 12 29 81 38 45 3 11 23 28 39 47 72 86 90 2 31 42 52 88 40 85 84 98 9 8 15 20 24 26 30 53 58 60 57 68 70 71 76 25 27 33 56 62 63 61 64 69 79 94 18 51 100 73
Volta 40: 55 78 12 81 29 38 45 3 11 23 39 47 72 86 90 2 28 31 42 52 88 40 85 8 9 30 26 53 60 57 70 68 71 76 84 98 15 20 25 24 27 33 56 58 62 61 69 79 94 18 51 64 63 73 100
Volta 41: 55 78 12 29 45 81 3 11 23 38 39 72 86 2 42 47 52 88 90 28 31 85 9 8 26 30 40 57 68 70 84 98 15 20 25 24 27 53 58 60 69 71 79 76 94 33 56 62 64 61 63 18 51 73
Volta 42: 55 78 12 29 3 11 38 39 45 81 2 23 42 47 52 72 86 90 28 31 88 9 30 40 68 70 85 84 20 25 24 27 26 53 60 69 98 15 33 58 56 64 62 63 71 76 79 94 18 51 73
Volta 43: 55 78 11 12 29 38 39 45 3 23 47 52 72 81 90 86 2 28 31 42 88 9 30 40 68 70 85 20 25 24 26 53 60 69 84 98 27 56 62 64 71 79 94 15 33 58 63 76 18 51
Volta 44: 55 78 12 11 45 3 23 29 38 39 47 81 86 2 28 42 52 72 88 90 9 30 31 70 68 85 24 26 40 60 69 84 98 20 25 27 53 56 71 79 15 33 64 62 63 76 94 18 51 58
Volta 45: 55 78 11 12 45 29 38 39 47 3 2 23 72 81 86 9 30 28 31 42 52 70 85 90 88 24 26 40 60 68 84 27 53 56 69 79 98 15 20 25 63 62 71 18 33 64 76 94 51
Volta 46: 55 78 12 45 11 29 38 39 3 2 23 47 81 9 28 30 31 42 70 72 90 86 24 40 52 60 84 85 88 26 68 20 25 27 53 56 63 69 71 79 98 15 18 33 64 62 76 94 51
Volta 47: 55 78 12 45 11 29 38 39 2 23 81 3 30 28 47 70 72 86 9 31 40 42 52 60 85 90 88 24 26 68 84 25 27 56 63 69 98 15 20 33 53 62 64 71 79 76 18 94
Volta 48: 78 12 55 29 39 38 45 11 23 81 3 47 70 9 28 30 31 40 52 60 72 85 90 26 42 68 84 88 24 27 63 69 98 20 25 33 53 56 62 64 71 76 15 18 79 94
Volta 49: 78 12 55 45 11 29 38 39 23 47 70 81 3 30 28 31 40 60 85 90 9 42 52 68 72 88 24 26 69 84 98 20 27 56 63 71 76 15 18 25 33 53 64 62 79
Volta 50: 55 78 12 45 29 39 38 11 23 47 70 81 28 31 40 90 3 9 30 42 52 60 68 72 85 26 69 84 88 98 24 27 15 20 18 25 33 53 56 63 64 71 76 79 62
Volta 51: 55 78 12 45 29 38 11 23 39 47 70 81 28 31 40 9 52 60 72 90 3 26 30 42 68 69 85 88 98 24 84 20 25 27 33 53 56 64 71 76 15 18 63 79
Volta 52: 55 12 45 78 38 29 39 47 81 11 23 28 40 70 9 31 52 90 3 42 60 68 72 85 88 24 30 26 69 84 98 20 27 33 53 64 71 76 15 25 56 63 79 18
Volta 53: 55 12 78 38 45 29 11 23 28 39 47 70 81 9 31 40 3 42 52 68 72 90 88 26 60 69 85 84 98 24 27 30 33 53 64 71 76 15 20 63 79 25 56
Volta 54: 55 78 12 45 29 38 11 39 47 81 9 23 70 3 31 40 52 68 72 88 42 60 84 98 30 26 33 53 64 69 71 85 20 24 76 79 15 25 56 63
Volta 55: 55 78 12 29 38 45 11 39 81 9 47 70 3 23 31 40 68 72 42 52 60 88 98 53 64 69 71 85 84 20 24 26 30 33 79 76 25 15 56
Volta 56: 55 78 12 29 11 38 39 45 81 9 47 70 3 23 68 72 31 40 42 52 88 98 60 64 71 84 85 20 24 26 33 53 69 79 25 30 76 15 56
Volta 57: 55 78 12 29 11 38 39 45 9 47 70 81 68 3 23 40 72 88 98 31 42 52 71 84 85 20 24 53 60 64 69 79 25 26 30 33 76 15
Volta 58: 55 78 12 29 39 38 45 9 11 47 70 81 3 23 68 31 40 42 72 84 88 98 20 24 52 60 64 69 71 79 85 25 26 33 53 15 30 76
Volta 59: 55 12 78 29 39 38 45 9 11 70 47 81 68 3 23 40 42 84 88 20 31 64 69 72 71 85 98 24 25 26 33 52 60 79 15 30 53
Volta 60: 55 78 12 38 45 11 29 39 70 9 47 3 40 68 84 88 20 23 31 42 85 98 24 26 33 52 60 64 69 71 72 79 15 25 30
Volta 61: 55 78 12 38 29 45 70 9 11 39 47 3 68 20 23 31 40 42 85 84 88 98 24 26 52 64 69 72 79 15 25 33 60 71
Volta 62: 55 78 12 29 38 45 70 11 47 9 39 3 68 20 23 40 42 84 85 88 98 24 26 31 52 64 72 79 25 33 69 71 15 60
Volta 63: 55 78 38 12 29 45 70 9 11 39 47 3 68 23 40 42 98 20 24 31 72 79 84 85 88 25 26 33 52 64 69 71 15
Volta 64: 55 78 38 12 29 45 70 9 11 39 47 68 3 23 40 42 20 24 31 79 84 85 88 98 25 52 64 69 71 72 15 26 33
Volta 65: 55 78 12 29 38 45 70 9 11 39 47 68 3 23 40 42 20 24 31 79 84 85 98 64 72 71 88 15 25 52 69 26
Volta 66: 78 12 38 45 9 29 70 11 39 47 40 42 3 24 23 85 84 98 31 71 72 79 25 52 64 88 15 26 69
Volta 67: 78 12 9 29 38 45 70 47 11 39 42 3 23 40 85 84 24 72 79 98 25 31 52 71 88 64 15 26
Volta 68: 78 12 45 9 29 38 47 70 11 39 42 23 84 3 24 40 79 85 98 31 52 72 71 25 64 88 15 26
Volta 69: 78 12 45 29 47 9 39 38 70 11 23 42 84 3 40 79 85 98 24 25 31 52 71 72 88 15 64
Volta 70: 78 12 45 47 9 29 39 38 70 84 3 11 23 40 42 79 98 85 25 24 31 52 71 72 88 64 15
Volta 71: 78 12 45 47 9 29 38 39 70 84 3 11 23 40 42 79 98 85 25 24 31 52 71 88 64 72
Volta 72: 78 12 45 47 9 29 39 38 70 3 23 40 84 98 11 42 79 25 31 71 85 88 24 72 64
Volta 73: 78 12 47 9 39 45 70 23 29 40 38 84 3 11 79 98 31 42 71 85 25 24 88 72
Volta 74: 78 12 45 47 9 29 40 39 38 70 84 3 11 23 79 98 31 71 25 42 85 24 72 88
Volta 75: 78 12 47 9 38 40 45 70 84 3 23 29 39 79 98 11 31 71 25 42 85 24 72
Volta 76: 78 12 9 38 40 45 47 70 84 3 23 29 39 79 98 11 25 31 71 42 85 24 72
Volta 77: 78 12 9 40 38 45 47 70 84 23 29 39 3 79 98 11 25 31 71 42 24 85
Volta 78: 78 12 38 40 45 47 70 84 9 23 29 39 79 98 3 11 31 71 25 42 85 24
Volta 79: 78 40 38 45 47 70 9 12 84 23 29 39 79 98 3 11 31 71 25 42 85
Volta 80: 78 40 45 12 38 47 70 84 9 23 29 79 3 11 39 98 31 71 25 42 85
Volta 81: 78 38 40 45 47 70 9 12 29 84 3 11 23 39 79 98 31 42 71 25
Volta 82: 78 40 45 47 12 29 38 70 84 9 23 39 79 3 11 31 98 42 71 25
Volta 83: 78 45 47 29 40 38 70 9 12 23 39 84 3 11 31 79 98 42 71
Volta 84: 47 29 40 45 70 12 23 39 38 84 9 11 31 3 79 98 71 42
Volta 85: 47 29 45 70 12 23 38 40 39 9 11 84 3 31 98 71 79
Volta 86: 47 29 70 39 45 9 11 12 23 38 40 3 31 84 98 79 71
Volta 87: 47 70 29 39 45 9 12 11 23 38 40 31 84 98 3 79
Volta 88: 47 29 39 45 70 9 12 40 11 23 31 38 84 3 79 98
Volta 89: 47 29 70 9 39 40 45 12 11 31 3 23 38 84 79
Volta 90: 29 70 9 40 39 12 11 3 23 31 38 84 79
Volta 91: 29 70 9 39 40 11 12 31 38 3 23 84
Volta 92: 70 29 40 9 11 39 12 31 3 38 84 23
Volta 93: 29 70 9 40 11 39 3 12 31 38 84
Volta 94: 70 29 9 11 40 39 3 12 31 38 84
Volta 95: 29 70 9 11 39 40 3 12 31 38
Volta 96: 9 11 29 39 40 70 3 12 31 38
Volta 97: 9 29 39 40 70 11 3 12 31
Volta 98: 39 40 70 9 11 29 12 31 3
Volta 99: 9 29 40 39 70 11 12 31
Volta 100: 9 29 39 11 40 70 12 31
Volta 101: 9 29 39 40 70 12 11
Volta 102: 39 9 29 11 70 12
Volta 103: 9 29 39 11 70
Volta 104: 9 39 11 29 70
Volta 105: 9 29 39 11
Volta 106: 9 39 11 29
Volta 107: 9 11 39
Volta 108: 9 11 39
Volta 109: 9 11
Volta 110: 9 11

Ranqueamento Final:
1: Ciclista 11 - 2145.30 segundos
2: Ciclista 39 - 2115.90 segundos
3: Ciclista 9 - 2115.18 segundos
4: Ciclista 29 - 2070.66 segundos
5: Ciclista 70 - 2041.62 segundos
6: Ciclista 12 - 2010.30 segundos
7: Ciclista 31 - 1965.78 segundos
8: Ciclista 3 - 1935.06 segundos
9: Ciclista 38 - 1890.90 segundos
10: Ciclista 84 - 1861.98 segundos
11: Ciclista 23 - 1830.54 segundos
12: Ciclista 79 - 1786.86 segundos
13: Ciclista 98 - 1742.34 segundos
14: Ciclista 71 - 1726.74 segundos
15: Ciclista 42 - 1696.02 segundos
16: Ciclista 25 - 1665.54 segundos
17: Ciclista 85 - 1606.98 segundos
18: Ciclista 24 - 1590.54 segundos
19: Ciclista 72 - 1546.74 segundos
20: Ciclista 88 - 1502.10 segundos
21: Ciclista 64 - 1471.50 segundos
22: Ciclista 15 - 1440.30 segundos
23: Ciclista 26 - 1395.66 segundos
24: Ciclista 69 - 1351.62 segundos
25: Ciclista 33 - 1305.78 segundos
26: Ciclista 60 - 1276.38 segundos
27: Ciclista 30 - 1231.26 segundos
28: Ciclista 76 - 1201.86 segundos
29: Ciclista 56 - 1186.38 segundos
30: Ciclista 63 - 1126.50 segundos
31: Ciclista 18 - 1095.42 segundos
32: Ciclista 62 - 1051.50 segundos
33: Ciclista 94 - 1007.22 segundos
34: Ciclista 51 - 976.26 segundos
35: Ciclista 58 - 931.38 segundos
36: Ciclista 73 - 886.74 segundos
37: Ciclista 100 - 857.34 segundos
38: Ciclista 10 - 825.18 segundos
39: Ciclista 37 - 780.90 segundos
40: Ciclista 22 - 735.54 segundos
41: Ciclista 44 - 691.02 segundos
42: Ciclista 77 - 646.86 segundos
43: Ciclista 82 - 601.98 segundos
44: Ciclista 4 - 570.06 segundos
45: Ciclista 19 - 525.42 segundos
46: Ciclista 6 - 495.18 segundos
47: Ciclista 41 - 451.02 segundos
48: Ciclista 35 - 420.78 segundos
49: Ciclista 43 - 361.02 segundos
50: Ciclista 16 - 330.42 segundos
51: Ciclista 99 - 287.34 segundos
52: Ciclista 66 - 241.62 segundos
53: Ciclista 46 - 196.14 segundos
54: Ciclista 83 - 151.98 segundos
55: Ciclista 97 - 107.34 segundos
56: Ciclista 93 - 62.22 segundos

Ciclista 1 quebrou na volta 36 - 705.00 segundos
Ciclista 2 quebrou na volta 48 - 930.00 segundos
Ciclista 5 quebrou na volta 24 - 480.00 segundos
Ciclista 7 quebrou na volta 36 - 765.12 segundos
Ciclista 8 quebrou na volta 42 - 855.12 segundos
Ciclista 13 quebrou na volta 6 - 120.24 segundos
Ciclista 14 quebrou na volta 18 - 360.24 segundos
Ciclista 17 quebrou na volta 6 - 120.36 segundos
Ciclista 20 quebrou na volta 66 - 1320.36 segundos
Ciclista 21 quebrou na volta 18 - 390.48 segundos
Ciclista 27 quebrou na volta 54 - 1095.60 segundos
Ciclista 28 quebrou na volta 54 - 1035.60 segundos
Ciclista 32 quebrou na volta 18 - 405.72 segundos
Ciclista 34 quebrou na volta 30 - 615.72 segundos
Ciclista 36 quebrou na volta 18 - 330.84 segundos
Ciclista 40 quebrou na volta 102 - 1980.84 segundos
Ciclista 45 quebrou na volta 90 - 1740.96 segundos
Ciclista 47 quebrou na volta 90 - 1711.08 segundos
Ciclista 48 quebrou na volta 12 - 271.08 segundos
Ciclista 49 quebrou na volta 36 - 721.08 segundos
Ciclista 50 quebrou na volta 24 - 496.08 segundos
Ciclista 52 quebrou na volta 72 - 1441.20 segundos
Ciclista 53 quebrou na volta 60 - 1231.20 segundos
Ciclista 54 quebrou na volta 36 - 676.20 segundos
Ciclista 55 quebrou na volta 66 - 1216.20 segundos
Ciclista 57 quebrou na volta 42 - 841.32 segundos
Ciclista 59 quebrou na volta 24 - 496.32 segundos
Ciclista 61 quebrou na volta 42 - 871.44 segundos
Ciclista 65 quebrou na volta 36 - 751.44 segundos
Ciclista 67 quebrou na volta 12 - 271.56 segundos
Ciclista 68 quebrou na volta 66 - 1276.56 segundos
Ciclista 74 quebrou na volta 30 - 586.68 segundos
Ciclista 75 quebrou na volta 6 - 136.68 segundos
Ciclista 78 quebrou na volta 84 - 1561.80 segundos
Ciclista 80 quebrou na volta 12 - 241.80 segundos
Ciclista 81 quebrou na volta 60 - 1171.92 segundos
Ciclista 86 quebrou na volta 48 - 932.04 segundos
Ciclista 87 quebrou na volta 12 - 257.04 segundos
Ciclista 89 quebrou na volta 6 - 122.04 segundos
Ciclista 90 quebrou na volta 54 - 1067.04 segundos
Ciclista 91 quebrou na volta 18 - 377.16 segundos
Ciclista 92 quebrou na volta 18 - 347.16 segundos
Ciclista 95 quebrou na volta 30 - 587.16 segundos
Ciclista 96 quebrou na volta 12 - 257.28 segundos
