Volta 1: 2 3 4 5 1 8 6 7 10 9 15 12 11 14 13 17 18 19 20 16 22 21 25 23 24 26 30 28 27 29 33 35 34 31 32 40 36 39 38 37 41 45 42 44 43 47 49 48 46 50 51 52 53 54 55 57 58 56 60 59 62 61 63 65 64 67 68 70 69 66 75 73 74 71 72 80 76 77 78 79 83 82 84 81 85 90 89 87 88 86 94 92 93 95 91 98 99 97 96 100
Volta 2: 1 4 2 5 9 6 7 10 15 11 20 16 17 18 19 22 25 27 26 29 30 32 33 31 35 38 37 39 44 43 42 41 46 50 48 49 47 53 52 54 51 55 57 56 58 59 62 64 63 61 65 67 69 66 68 72 75 74 77 80 79 85 83 84 81 86 92 94 93 95 91 98 97 96 100 99 3 8 14 13 12 21 23 24 28 34 40 36 45 60 70 71 73 78 76 82 90 89 88 87
Volta 3: 4 2 9 7 10 6 15 20 16 17 22 27 29 35 37 38 42 43 47 53 51 54 58 56 59 63 62 68 69 75 77 80 83 81 84 86 91 92 95 93 99 98 97 100 1 5 3 8 12 11 13 14 18 19 21 24 25 23 26 28 30 33 34 31 32 39 36 40 44 45 41 48 49 50 46 55 52 57 60 64 65 61 66 67 73 74 72 78 79 76 85 82 89 88 90 94 96 70 71
Volta 4: 4 7 10 15 17 16 22 27 29 38 42 56 59 62 68 75 77 84 83 81 86 91 92 95 100 99 1 2 5 3 9 6 13 14 12 18 20 24 21 25 30 26 28 34 35 31 39 37 36 45 44 41 43 50 47 49 48 46 52 55 53 51 54 58 65 63 61 64 69 67 66 73 72 74 78 80 79 76 85 82 90 89 94 93 98 97 8 11 19 23 32 33 40 60 57 70 88 96 71
Volta 5: 10 15 17 22 29 56 59 62 77 95 92 100 1 2 4 9 7 6 12 14 13 16 20 21 25 28 26 27 30 35 34 38 36 37 45 42 43 41 46 49 48 47 50 54 52 55 53 51 58 63 64 61 66 67 68 73 75 80 78 76 84 83 82 81 86 90 93 91 97 99 98 3 5 8 11 18 19 24 23 33 31 40 39 44 57 60 65 70 69 74 72 79 85 88 89 94 32 96
Volta 6: 15 22 29 56 59 62 77 95 100 1 4 10 7 9 12 14 16 17 21 25 27 35 36 43 46 50 52 55 58 63 64 66 67 68 75 80 83 90 86 92 99 97 5 6 13 20 18 19 24 28 30 26 34 31 33 37 39 38 45 48 47 54 53 51 60 57 65 61 69 74 72 73 76 79 78 82 85 84 81 88 89 91 94 98 8 11 23 32 44 70 96
Volta 7: 59 62 95 9 10 15 22 25 27 29 36 43 55 52 56 58 63 64 80 77 83 86 90 92 100 97 99 1 4 7 14 12 13 20 17 16 21 28 30 33 31 34 35 39 37 45 50 46 47 51 54 53 60 57 68 66 67 69 73 72 75 74 79 78 76 82 84 81 85 89 88 94 91 98 5 6 8 19 18 24 23 26 38 48 61 65 70 11 32 44
Volta 8: 62 10 9 15 25 22 29 27 36 43 56 58 59 63 77 80 83 86 90 92 95 100 1 4 7 13 12 16 21 28 34 35 37 45 46 50 54 55 52 60 64 66 74 75 76 78 81 89 88 94 91 97 99 5 6 14 20 17 18 19 24 23 26 30 31 33 39 38 48 47 53 51 57 65 61 68 67 69 73 72 79 85 82 84 98 8 11 32 44 70
Volta 9: 9 15 22 25 27 36 59 58 56 63 62 80 90 95 7 10 12 13 21 29 28 34 37 43 50 52 55 60 75 77 78 83 81 88 89 86 94 91 92 100 97 99 5 4 1 18 20 16 17 24 23 30 26 35 31 33 39 45 47 46 51 53 54 57 65 64 66 68 67 74 73 72 76 79 84 85 98 8 6 11 14 19 38 44 48 61 69 82 32
Volta 10: 9 22 27 36 56 58 80 90 95 7 10 15 25 28 29 37 43 52 59 63 62 78 81 88 86 91 100 97 1 4 13 12 20 18 17 16 21 24 23 30 34 35 31 39 45 46 47 50 55 51 57 60 64 66 67 73 75 79 77 76 83 85 89 94 92 98 99 5 8 6 14 11 26 33 38 44 48 53 54 61 65 68 69 72 74 84 82 19 32
Volta 11: 22 27 36 58 56 90 95 9 7 15 25 29 28 37 43 59 62 80 78 81 86 88 91 97 100 4 1 10 12 13 18 16 21 23 24 34 31 35 39 45 46 47 50 51 52 60 63 64 66 75 73 79 83 85 89 94 92 98 99 5 6 14 20 17 30 26 33 44 55 53 54 57 65 61 69 67 68 72 76 77 84 8 11 19 38 48 74 82
Volta 12: 22 27 58 9 15 29 28 36 43 56 59 62 78 81 90 86 95 4 7 12 23 21 25 24 34 31 35 39 37 45 46 52 51 60 63 64 66 80 83 88 89 91 99 97 100 1 10 14 18 17 16 20 30 44 50 55 54 65 61 67 69 75 76 79 84 85 94 98 5 8 6 11 26 33 38 53 57 68 74 72 77 82 19 48
Volta 13: 22 58 27 29 28 43 59 62 78 81 90 86 4 7 9 15 24 21 23 34 31 37 36 39 45 52 51 56 63 66 80 83 95 91 97 100 10 14 12 16 17 18 20 25 30 35 44 50 46 55 60 64 65 67 75 79 84 88 89 94 98 99 5 1 8 26 33 38 53 54 61 69 68 72 76 82 85 6 11 19 57 74 77
Volta 14: 22 29 43 58 62 78 86 4 9 7 21 23 27 28 31 34 37 36 45 51 59 63 66 80 81 90 95 91 97 100 10 12 15 14 20 24 25 30 39 50 52 56 64 65 79 83 89 88 94 99 1 18 17 16 26 33 35 44 46 53 54 55 60 61 68 67 75 72 76 84 85 98 5 6 8 11 38 57 69 74 82 19 77
Volta 15: 22 29 43 58 62 78 86 21 27 28 31 36 45 51 59 80 81 90 91 95 100 4 10 9 7 15 24 23 30 34 37 50 52 56 65 63 66 79 83 89 88 94 99 97 12 14 17 20 18 16 25 33 39 44 46 53 60 64 67 75 72 84 98 1 5 6 11 26 35 55 54 61 68 76 82 85 8 19 38 57 69 74
Volta 16: 22 29 43 58 62 78 86 27 51 59 80 81 90 91 4 9 7 10 23 21 28 34 31 36 37 45 52 56 63 65 66 79 83 95 97 100 99 14 12 15 16 18 25 24 30 39 44 50 53 60 64 72 75 84 89 88 94 98 5 1 6 20 17 33 35 46 55 54 61 68 67 76 85 8 11 19 26 38 57 69 82 74
Volta 17: 22 58 78 27 29 43 51 59 62 80 81 86 91 10 23 28 31 34 36 45 52 56 63 65 79 90 95 100 4 9 7 12 14 15 16 21 24 25 30 37 50 53 64 66 75 84 83 88 94 99 98 97 5 1 6 20 18 17 33 35 39 44 46 54 60 67 68 72 89 8 11 19 26 38 55 57 61 76 85 82 69
Volta 18: 78 22 27 59 58 62 81 86 91 10 23 28 29 31 34 36 45 52 51 63 79 80 90 95 100 4 7 9 16 25 24 30 56 65 64 66 75 83 94 1 12 15 14 18 17 20 21 33 39 46 53 54 60 72 84 88 97 98 8 11 19 35 38 44 55 57 61 67 68 76 82 89 26 69 85
Volta 19: 78 27 59 58 62 81 86 91 10 22 29 31 45 51 52 79 100 7 9 16 23 25 24 28 30 34 36 56 64 63 65 66 80 83 90 95 4 1 12 17 21 33 39 46 54 60 75 72 84 88 94 97 98 8 15 11 14 18 19 20 38 44 53 55 67 89 26 35 57 61 68 69 76 82
Volta 20: 78 27 58 86 91 22 29 45 59 62 79 81 7 10 16 25 24 28 31 34 36 52 51 56 65 63 66 83 95 100 1 9 12 23 21 30 33 39 46 64 75 72 80 90 94 4 14 15 11 19 20 17 18 54 53 60 67 84 89 88 97 98 8 26 35 38 44 55 61 69 76 82 57 68
Volta 21: 78 27 91 22 58 59 62 79 81 86 7 10 16 24 25 29 34 31 36 45 51 52 65 63 66 100 9 23 30 28 33 39 56 64 75 72 80 83 95 94 1 4 12 14 11 17 18 21 46 67 84 89 88 90 98 97 8 15 20 19 26 35 38 44 55 54 53 60 61 69 82 57 76
Volta 22: 78 27 22 58 59 79 81 86 91 7 16 24 25 36 45 51 62 63 66 10 9 23 29 31 33 34 39 52 56 65 72 75 80 83 95 100 1 4 12 11 14 17 21 30 28 46 64 67 84 90 94 8 15 20 19 18 38 54 53 60 61 69 82 88 89 97 98 26 35 44 55 76 57
Volta 23: 78 27 22 58 79 81 91 24 25 36 45 51 59 63 62 66 86 9 7 16 33 31 34 52 56 65 72 95 100 1 4 10 12 11 21 23 29 30 39 46 64 67 75 80 83 90 94 14 15 17 19 18 20 28 53 60 69 84 82 89 98 8 26 38 44 55 54 61 76 88 97 35
Volta 24: 78 27 79 81 22 24 36 51 58 59 66 86 91 9 7 16 25 33 31 45 52 56 62 63 72 100 1 4 10 23 29 34 46 64 65 67 90 94 95 11 14 15 12 17 18 20 21 39 53 60 69 75 80 84 83 82 89 98 19 26 28 38 54 76 88 97 8 35 55 61
Volta 25: 78 27 81 58 66 79 86 7 16 24 22 31 33 36 45 51 59 62 63 72 91 4 9 23 25 29 34 52 56 65 67 90 94 95 100 1 10 12 11 14 15 20 18 21 46 60 64 75 82 83 98 19 17 26 39 53 69 76 80 84 89 88 8 28 35 38 55 54 97
Volta 26: 78 27 58 66 79 81 7 16 22 24 36 51 59 63 72 86 4 9 25 29 33 34 31 45 52 56 65 62 67 94 95 91 100 1 10 12 18 23 60 64 75 90 11 15 14 19 20 17 21 26 39 46 53 80 76 83 82 84 89 98 28 38 55 69 88 97 8 35 54
Volta 27: 27 78 58 66 79 81 16 24 22 36 59 72 86 4 7 29 34 45 51 52 56 63 65 62 94 95 91 1 9 12 23 25 33 31 60 64 67 75 100 10 14 15 11 17 20 18 21 26 39 46 80 83 82 84 90 19 28 38 53 55 76 89 98 35 69 88 97 8
Volta 28: 78 27 58 81 16 22 24 36 66 72 79 86 7 29 51 59 95 91 4 9 12 23 25 34 31 45 52 56 60 62 63 65 75 94 100 1 10 15 17 33 46 64 67 82 84 90 14 11 18 20 21 26 28 38 39 53 55 80 76 83 89 98 19 35 69 97 88 8
Volta 29: 78 27 58 36 66 72 79 81 7 16 22 24 59 86 95 91 4 12 25 29 34 45 51 52 56 60 63 65 62 75 94 100 1 9 10 17 23 33 31 46 64 67 82 84 90 15 11 14 20 18 21 26 39 53 55 80 83 89 19 28 38 76 98 35 69 88 97
Volta 30: 78 58 27 36 66 72 79 22 24 81 91 7 12 16 25 29 45 52 51 60 62 65 86 94 4 9 17 23 34 31 46 56 63 67 82 90 100 1 10 15 18 21 26 33 39 64 84 89 11 14 20 19 38 53 55 80 76 83 98 28 35 69 88 97
Volta 31: 78 58 27 36 66 72 79 81 7 16 22 24 45 51 62 91 12 17 25 29 31 46 52 60 63 65 67 82 86 90 94 100 4 1 10 9 15 18 23 26 34 33 56 64 84 89 11 14 20 21 39 38 55 53 76 83 98 19 80 28 35 69 88
Volta 32: 78 27 36 58 72 79 81 7 45 66 91 12 16 22 24 31 52 51 65 62 63 67 82 90 86 1 4 9 10 15 17 25 29 26 34 46 60 56 84 94 100 14 18 20 23 33 39 38 53 64 76 89 98 11 19 21 55 80 83 28 69 88 35
Volta 33: 78 36 58 27 81 45 66 72 79 91 7 22 24 31 51 63 62 86 1 4 10 12 15 17 16 25 29 34 46 52 56 60 65 67 84 82 90 94 100 9 14 18 20 23 26 33 39 53 89 11 19 21 38 55 64 76 80 98 28 69 83 88
Volta 34: 78 36 27 58 66 72 81 7 24 22 31 45 51 63 79 86 91 1 4 15 12 16 29 34 46 52 56 65 62 67 90 94 100 10 9 14 17 23 25 26 39 60 84 82 11 20 18 21 33 53 55 80 76 89 98 19 38 64 88 28 69 83
Volta 35: 36 78 58 27 66 72 7 24 45 79 81 91 1 16 22 31 51 63 62 65 67 86 4 10 14 15 12 17 23 25 29 34 39 46 52 60 56 84 82 90 94 100 9 11 18 26 33 53 76 89 98 19 20 21 55 64 80 28 38 69 88
Volta 36: 36 78 58 66 72 7 27 45 79 81 91 1 16 24 31 63 62 65 86 4 10 12 15 23 46 51 52 60 67 82 90 94 9 14 17 18 25 26 29 33 39 53 56 84 98 100 11 20 21 80 76 89 19 28 64 69 88 38
Volta 37: 36 78 58 27 45 66 72 81 91 1 7 16 24 31 63 79 86 4 10 12 46 52 51 65 62 82 94 14 15 18 17 23 25 26 29 33 39 53 56 60 67 84 90 100 9 11 20 80 76 89 98 19 21 28 64 69 88
Volta 38: 36 78 58 27 66 72 91 1 7 16 24 31 45 63 79 81 86 10 12 51 65 62 94 4 14 15 18 17 23 25 33 39 46 52 53 60 56 67 82 90 100 9 11 20 26 29 76 80 84 89 21 28 69 98 19 64 88
Volta 39: 36 78 58 27 66 72 91 31 45 63 79 81 86 1 10 7 16 24 51 62 4 12 15 18 25 39 46 52 53 60 65 94 100 9 14 20 17 23 29 26 33 56 67 76 82 90 11 21 80 84 89 98 19 28 64 69
Volta 40: 36 58 78 66 72 91 27 31 45 63 79 81 1 10 7 16 24 51 86 4 12 15 46 52 60 65 62 94 100 14 18 17 20 23 25 29 33 39 53 56 9 21 26 67 80 76 84 82 89 90 11 28 98 19 64 69
Volta 41: 36 58 78 91 27 45 63 66 72 81 1 10 7 31 79 86 4 15 12 16 24 46 51 60 62 94 100 14 18 20 25 23 33 39 53 52 65 9 17 21 29 26 56 67 76 84 89 11 28 80 82 90 98 64 19
Volta 42: 36 58 78 91 45 63 66 7 31 72 79 81 1 12 15 24 46 51 60 100 4 20 25 23 33 52 65 62 94 9 14 17 21 39 53 89 29 26 28 56 67 80 76 82 98 11 19 64
Volta 43: 36 58 78 45 63 66 91 81 7 31 46 51 60 72 79 1 4 12 15 20 25 24 23 33 52 62 65 94 100 9 14 17 21 89 29 26 28 39 53 67 80 56 76 82 98 11 19
Volta 44: 36 58 78 63 66 91 45 81 7 31 46 60 79 1 4 12 24 25 23 33 51 65 62 72 100 9 15 20 17 21 52 94 14 29 26 28 89 39 53 56 67 80 76 82 11 19 98
Volta 45: 36 58 66 78 91 45 63 81 1 7 12 23 31 33 46 60 65 72 79 100 4 15 20 24 25 21 51 52 62 94 9 14 17 28 26 89 29 39 53 56 67 76 80 82 11 19
Volta 46: 36 58 63 66 78 91 45 81 1 7 31 60 79 4 12 15 25 21 23 33 46 51 65 72 94 100 9 14 20 17 24 26 28 52 62 89 29 39 53 56 67 76 80 82 11 19
Volta 47: 36 58 66 78 91 45 63 81 1 7 60 79 23 25 21 33 31 46 65 72 100 4 15 12 14 20 17 28 26 52 51 62 89 94 9 24 29 39 76 80 53 56 67 82 11
Volta 48: 36 58 66 63 78 81 1 7 45 60 21 25 33 31 79 100 15 12 17 23 26 51 52 62 65 72 89 94 4 9 14 20 24 29 28 39 80 76 53 56 82 67 11
Volta 49: 36 58 66 63 81 7 60 78 1 21 25 31 33 45 79 26 52 62 72 94 100 4 9 12 15 20 17 23 28 29 39 51 65 80 89 14 24 53 76 56 67 82
Volta 50: 36 58 66 63 78 81 7 21 25 33 31 45 60 79 1 26 52 62 72 94 100 9 12 17 20 23 29 51 65 89 4 15 14 24 28 39 80 76 53 56 82 67
Volta 51: 36 58 66 63 78 81 31 33 45 60 1 7 25 21 26 52 72 79 94 100 9 20 17 29 51 62 65 89 4 15 14 12 23 24 28 80 39 53 56 76 82
Volta 52: 36 58 63 66 78 81 45 60 26 31 33 52 72 79 94 1 7 21 25 29 51 65 62 89 100 9 15 12 20 17 23 28 80 4 14 24 39 56 76 53 82
Volta 53: 36 58 66 78 81 45 63 33 31 52 60 72 79 1 7 21 25 29 26 51 62 65 94 100 9 12 15 17 23 89 4 14 20 24 28 39 56 76 80 53
Volta 54: 58 36 66 78 81 63 33 31 45 60 79 7 25 21 26 29 51 52 65 72 94 100 9 12 17 23 62 89 15 14 24 28 39 56 4 53 76
Volta 55: 36 58 66 78 81 63 31 45 60 7 21 29 26 33 52 65 72 79 94 100 12 17 25 51 62 89 9 14 23 28 56 4 15 24 39 53
Volta 56: 36 58 78 63 66 81 31 45 21 26 33 60 65 79 7 17 25 29 51 52 62 72 89 94 100 9 12 23 28 56 4 14 15 24 39 53
Volta 57: 36 58 66 78 81 45 63 21 26 31 33 60 7 17 29 51 52 65 72 79 89 94 9 12 25 28 56 62 100 14 23 24 4 15 39
Volta 58: 36 58 78 81 63 66 21 26 33 31 45 60 7 17 52 65 72 79 94 9 12 25 29 28 51 89 100 14 23 56 62 15 24 39 4
Volta 59: 36 58 78 81 21 26 33 45 63 66 7 17 31 52 60 79 94 9 12 25 29 28 51 65 72 89 100 14 23 56 62 24 15 39
Volta 60: 58 36 78 81 26 33 7 17 21 45 52 60 63 66 79 94 12 29 65 72 89 100 9 14 25 23 28 51 56 62 24 15 39
Volta 61: 58 36 78 81 26 7 17 21 33 45 52 60 63 66 79 12 29 72 89 94 100 9 25 23 28 51 56 65 14 24 62 15
Volta 62: 58 36 78 81 26 33 45 60 66 7 17 21 52 63 72 79 94 100 9 12 25 23 29 56 65 89 14 24 28 51 15 62
Volta 63: 58 36 78 26 60 66 81 7 17 21 33 45 52 63 72 79 100 12 23 29 65 89 94 9 14 25 24 28 51 56 15
Volta 64: 58 36 78 26 60 81 7 17 21 63 66 72 79 100 29 33 45 52 94 9 14 12 23 24 25 51 56 65 89 15 28
Volta 65: 58 36 78 60 17 21 26 66 72 79 81 100 7 29 33 45 52 63 94 9 12 23 24 65 89 14 15 25 51 56
Volta 66: 58 36 78 60 21 26 66 72 81 100 7 17 29 33 45 63 79 9 24 52 89 94 14 12 25 23 51 56 65
Volta 67: 58 36 78 60 81 17 21 26 45 63 66 72 100 7 24 29 33 79 89 94 9 14 23 25 52 51 12 56
Volta 68: 58 36 78 60 81 17 21 26 63 66 72 100 7 24 29 45 79 94 9 14 23 33 51 52 89 12 25 56
Volta 69: 58 36 78 60 81 26 63 100 17 21 45 66 72 79 7 24 23 29 33 52 51 89 94 9 14 12 25
Volta 70: 58 36 78 60 26 63 81 21 45 66 100 17 23 33 51 52 72 79 89 7 9 24 29 94 12 14 25
Volta 71: 58 36 78 60 26 63 81 100 17 21 23 45 52 66 72 79 7 9 24 33 51 89 14 12 29 94
Volta 72: 58 36 78 60 63 26 81 17 23 21 45 66 72 79 100 7 9 33 51 52 89 29 94 14 12
Volta 73: 58 78 36 60 26 63 81 23 21 66 72 79 100 9 7 17 33 45 52 51 89 14 29 94
Volta 74: 58 36 78 60 63 81 23 26 66 72 79 100 7 17 21 45 52 51 89 9 33 14 29 94
Volta 75: 58 36 78 60 63 26 72 79 81 7 17 21 23 51 66 89 100 9 33 45 52 14 29
Volta 76: 58 36 78 60 63 26 72 79 81 7 17 23 66 89 21 33 51 52 100 9 14 29 45
Volta 77: 58 78 36 60 63 26 72 79 81 7 17 23 66 89 21 52 51 9 14 29 33 100
Volta 78: 58 78 36 63 81 7 23 26 72 79 17 52 51 66 89 21 29 33 100 9 14
Volta 79: 58 78 36 63 81 7 26 72 79 17 23 51 66 89 21 29 33 52 100 9
Volta 80: 58 78 36 63 81 26 72 7 23 79 89 17 29 33 51 66 100 9 21 52
Volta 81: 58 78 36 26 63 72 81 7 23 79 89 17 29 66 100 33 51 9 21
Volta 82: 58 78 36 26 63 72 81 7 23 79 66 89 17 29 33 100 9 21 51
Volta 83: 58 78 36 26 63 7 72 79 81 23 66 89 17 29 21 33 100 9
Volta 84: 58 78 36 26 63 72 81 7 23 66 79 89 17 29 21 100 9 33
Volta 85: 58 36 78 26 63 72 7 23 66 81 89 29 79 17 21 9 100
Volta 86: 58 36 78 26 72 7 23 63 66 81 89 29 79 17 9 21 100
Volta 87: 58 78 36 26 72 7 23 63 66 81 89 29 79 9 17 21
Volta 88: 58 36 78 72 23 26 63 66 7 81 89 29 79 9 17 21
Volta 89: 58 36 78 72 63 66 7 23 26 81 89 29 79 9 17
Volta 90: 58 36 72 78 63 7 23 26 66 89 29 81 9 17 79
Volta 91: 58 36 72 78 26 63 66 7 23 29 81 89 9 17
Volta 92: 58 72 36 78 26 66 7 23 63 29 81 89 9 17
Volta 93: 58 36 72 78 26 66 7 23 29 63 89 9 81
Volta 94: 58 36 72 78 26 66 7 23 29 63 81 89 9
Volta 95: 58 36 72 78 26 66 7 23 29 63 81 89
Volta 96: 58 36 72 78 26 66 7 23 89 29 63 81
Volta 97: 58 36 72 78 26 66 7 89 23 29 63
Volta 98: 58 72 36 78 26 7 66 63 89 23 29
Volta 99: 58 72 36 78 7 26 66 89 23 63
Volta 100: 58 36 72 78 26 66 7 89 63 23
Volta 101: 58 36 72 78 26 7 66 63 89
Volta 102: 58 72 78 36 26 66 7 89 63
Volta 103: 58 78 36 72 26 7 66 89
Volta 104: 58 78 36 72 26 7 66 89
Volta 105: 58 36 72 78 26 7 66
Volta 106: 58 72 78 36 26 7 66
Volta 107: 58 72 36 78 26 7
Volta 108: 58 72 36 78 26 7
Volta 109: 58 72 36 78 26
Volta 110: 58 72 36 78 26
Volta 111: 58 72 36 78
Volta 112: 58 72 78 36
Volta 113: 58 72 78
Volta 114: 58 72 78
Volta 115: 58 72
Volta 116: 58 72

Ranqueamento Final:
1: Ciclista 72 - 11101.74 segundos
2: Ciclista 78 - 10876.86 segundos
3: Ciclista 58 - 10726.38 segundos
4: Ciclista 36 - 10725.90 segundos
5: Ciclista 26 - 10575.66 segundos
6: Ciclista 7 - 10425.18 segundos
7: Ciclista 66 - 10351.62 segundos
8: Ciclista 89 - 10202.10 segundos
9: Ciclista 63 - 10051.50 segundos
10: Ciclista 23 - 9900.54 segundos
11: Ciclista 29 - 9675.66 segundos
12: Ciclista 81 - 9451.98 segundos
13: Ciclista 9 - 9300.18 segundos
14: Ciclista 17 - 9150.42 segundos
15: Ciclista 79 - 8926.86 segundos
16: Ciclista 21 - 8775.54 segundos
17: Ciclista 100 - 8552.34 segundos
18: Ciclista 33 - 8400.78 segundos
19: Ciclista 51 - 8176.26 segundos
20: Ciclista 52 - 7951.26 segundos
21: Ciclista 14 - 7800.30 segundos
22: Ciclista 45 - 7576.02 segundos
23: Ciclista 94 - 7502.22 segundos
24: Ciclista 12 - 7275.30 segundos
25: Ciclista 25 - 7050.54 segundos
26: Ciclista 56 - 6826.38 segundos
27: Ciclista 65 - 6601.50 segundos
28: Ciclista 28 - 6450.66 segundos
29: Ciclista 62 - 6301.50 segundos
30: Ciclista 39 - 6150.90 segundos
31: Ciclista 4 - 6000.06 segundos
32: Ciclista 53 - 5776.26 segundos
33: Ciclista 76 - 5551.86 segundos
34: Ciclista 82 - 5401.98 segundos
35: Ciclista 67 - 5251.62 segundos
36: Ciclista 11 - 5100.30 segundos
37: Ciclista 19 - 4950.42 segundos
38: Ciclista 98 - 4652.34 segundos
39: Ciclista 64 - 4501.50 segundos
40: Ciclista 69 - 4276.62 segundos
41: Ciclista 88 - 4052.10 segundos
42: Ciclista 38 - 3900.90 segundos
43: Ciclista 83 - 3676.98 segundos
44: Ciclista 35 - 3525.78 segundos
45: Ciclista 97 - 3227.34 segundos
46: Ciclista 8 - 3150.18 segundos
47: Ciclista 54 - 2851.26 segundos
48: Ciclista 61 - 2626.50 segundos
49: Ciclista 57 - 2476.38 segundos
50: Ciclista 68 - 2251.62 segundos
51: Ciclista 85 - 2026.98 segundos
52: Ciclista 74 - 1876.74 segundos
53: Ciclista 77 - 1651.86 segundos
54: Ciclista 48 - 1426.14 segundos
55: Ciclista 32 - 1200.78 segundos
56: Ciclista 70 - 976.62 segundos
57: Ciclista 96 - 752.34 segundos
58: Ciclista 71 - 601.74 segundos
59: Ciclista 87 - 302.10 segundos

Ciclista 1 quebrou na volta 54 - 5325.00 segundos
Ciclista 2 quebrou na volta 6 - 600.00 segundos
Ciclista 3 quebrou na volta 6 - 675.00 segundos
Ciclista 5 quebrou na volta 18 - 1950.00 segundos
Ciclista 6 quebrou na volta 18 - 1875.12 segundos
Ciclista 10 quebrou na volta 42 - 4125.12 segundos
Ciclista 13 quebrou na volta 12 - 1275.24 segundos
Ciclista 15 quebrou na volta 66 - 6600.24 segundos
Ciclista 16 quebrou na volta 42 - 4125.36 segundos
Ciclista 18 quebrou na volta 42 - 4200.36 segundos
Ciclista 20 quebrou na volta 54 - 5475.36 segundos
Ciclista 22 quebrou na volta 36 - 3525.48 segundos
Ciclista 24 quebrou na volta 72 - 7200.48 segundos
Ciclista 27 quebrou na volta 42 - 3975.60 segundos
Ciclista 30 quebrou na volta 24 - 2475.60 segundos
Ciclista 31 quebrou na volta 60 - 5925.72 segundos
Ciclista 34 quebrou na volta 36 - 3600.72 segundos
Ciclista 37 quebrou na volta 18 - 1800.84 segundos
Ciclista 40 quebrou na volta 6 - 750.84 segundos
Ciclista 41 quebrou na volta 6 - 675.96 segundos
Ciclista 42 quebrou na volta 6 - 600.96 segundos
Ciclista 43 quebrou na volta 18 - 1650.96 segundos
Ciclista 44 quebrou na volta 24 - 2550.96 segundos
Ciclista 46 quebrou na volta 48 - 4726.08 segundos
Ciclista 47 quebrou na volta 12 - 1201.08 segundos
Ciclista 49 quebrou na volta 6 - 601.08 segundos
Ciclista 50 quebrou na volta 18 - 1801.08 segundos
Ciclista 55 quebrou na volta 36 - 3751.20 segundos
Ciclista 59 quebrou na volta 30 - 2851.32 segundos
Ciclista 60 quebrou na volta 78 - 7351.32 segundos
Ciclista 73 quebrou na volta 12 - 1201.68 segundos
Ciclista 75 quebrou na volta 30 - 3001.68 segundos
Ciclista 80 quebrou na volta 54 - 5476.80 segundos
Ciclista 84 quebrou na volta 42 - 4351.92 segundos
Ciclista 86 quebrou na volta 42 - 4127.04 segundos
Ciclista 90 quebrou na volta 42 - 4352.04 segundos
Ciclista 91 quebrou na volta 48 - 4502.16 segundos
Ciclista 92 quebrou na volta 12 - 1277.16 segundos
Ciclista 93 quebrou na volta 6 - 602.16 segundos
Ciclista 95 quebrou na volta 30 - 2852.16 segundos
Ciclista 99 quebrou na volta 18 - 1877.28 segundos
