Volta 1: 2 3 4 5 1 8 6 7 10 9 15 12 11 14 13 17 18 19 20 16 22 21 25 23 24 26 30 28 27 29 33 35 34 31 32 40 36 39 38 37 41 45 42 44 43 47 49 48 46 50 51 52 53 54 55 57 58 56 60 59 62 61 63 65 64 67 68 70 69 66 75 73 74 71 72 80 76 77 78 79 83 82 84 81 85 90 89 87 88 86 94 92 93 95 91 98 99 97 96 100
Volta 2: 3 1 4 5 8 9 6 7 14 12 20 16 17 18 19 23 21 28 27 26 30 34 32 33 35 36 38 39 45 44 42 41 46 50 48 49 47 53 52 54 51 55 56 58 59 60 62 64 63 61 65 70 69 66 68 72 75 71 77 80 78 85 82 83 81 89 92 94 93 95 91 98 97 96 100 99 2 10 15 11 13 22 25 24 29 31 37 40 43 57 67 73 74 79 76 84 86 90 88 87
Volta 3: 4 5 9 7 8 6 12 18 19 16 21 30 26 35 38 39 42 41 50 53 51 54 60 56 59 63 65 66 69 75 77 78 83 85 82 89 94 92 95 93 99 96 97 100 1 3 2 10 13 15 14 17 20 22 23 24 25 28 27 34 33 31 32 36 37 40 45 44 43 48 47 49 46 52 55 58 57 62 64 61 70 68 72 71 79 76 80 81 84 90 88 86 91 98 11 29 67 73 74
Volta 4: 5 7 6 18 16 21 26 30 39 42 41 59 60 65 66 75 77 78 85 82 83 89 93 95 94 100 99 2 1 4 3 9 8 12 13 15 14 20 19 25 24 23 22 28 27 34 31 32 35 38 36 45 43 44 50 48 47 49 46 51 54 53 55 58 56 64 63 69 68 70 71 72 76 80 81 86 88 90 91 92 98 96 97 10 17 33 40 37 52 57 61 62 67 74 79 84 11 29 73
Volta 5: 5 7 16 30 39 42 41 59 60 75 77 78 83 95 94 93 100 1 4 9 6 12 15 13 14 19 18 24 21 22 23 27 26 28 35 32 31 43 45 48 50 47 49 51 53 58 56 64 65 63 66 68 69 70 80 76 82 85 90 89 86 92 91 96 99 98 3 2 8 10 20 17 25 33 34 37 38 36 44 46 55 54 57 61 62 71 72 79 84 81 88 97 11 40 52 67 74 29
Volta 6: 16 30 42 41 59 60 75 78 95 100 4 5 9 7 6 14 12 18 24 23 21 22 26 28 32 35 39 50 49 51 58 64 63 65 66 68 69 80 77 76 85 83 82 86 89 93 91 94 96 3 1 8 10 13 15 19 17 20 27 34 31 33 36 37 45 47 53 54 57 56 62 70 72 71 79 81 84 90 88 92 99 97 40 38 44 46 52 55 61 29 67 74
Volta 7: 59 75 78 100 4 6 7 14 12 18 16 21 22 30 32 39 42 41 51 60 58 64 63 65 77 80 83 85 86 94 95 91 1 5 9 15 13 17 19 20 24 23 26 27 28 34 35 31 45 47 49 50 54 57 68 66 69 71 76 82 81 88 89 93 92 96 99 97 3 8 10 33 36 37 46 53 55 56 61 62 70 72 79 84 90 29 38 40 44 52 67
Volta 8: 75 78 12 18 16 21 30 32 41 42 60 59 64 77 80 85 83 86 91 94 100 5 4 1 7 6 14 13 19 24 22 26 35 31 39 45 50 47 49 51 57 58 63 65 66 68 69 76 81 89 88 95 92 96 97 3 9 10 15 17 20 23 28 27 34 37 46 53 54 55 61 62 70 72 71 79 82 84 90 93 99 8 29 33 38 40 36 56 44 52 67
Volta 9: 78 12 18 16 21 30 32 41 42 60 59 64 75 77 80 86 94 100 4 7 6 14 13 19 22 35 39 45 49 47 51 57 58 63 69 68 76 85 83 88 89 91 95 97 5 1 9 20 23 24 27 28 26 34 31 50 54 65 62 66 72 71 84 81 82 90 93 92 96 3 10 8 15 17 29 33 37 40 38 36 46 53 55 56 61 70 79 99 44 52
Volta 10: 78 12 18 21 41 75 80 86 4 6 13 19 16 30 32 35 39 42 45 49 60 57 58 59 64 63 69 68 77 76 85 83 89 94 91 100 1 5 7 14 20 22 23 24 27 31 50 47 51 65 66 72 71 81 88 90 92 95 97 3 10 9 15 17 26 28 34 37 40 38 46 53 54 56 62 70 79 82 84 93 96 8 29 33 36 55 61 99 44 52
Volta 11: 78 12 18 21 80 86 6 19 16 32 35 39 42 45 41 49 59 64 63 68 69 75 77 85 94 91 1 4 5 7 13 14 20 23 22 30 27 31 47 50 51 58 60 57 66 71 72 76 83 89 88 90 100 9 10 15 24 28 26 34 38 40 46 54 53 56 65 62 84 81 82 92 95 93 96 97 3 17 29 33 37 55 61 70 79 99 8 36 44
Volta 12: 78 12 21 80 86 32 41 45 49 59 64 63 68 85 94 4 5 6 14 13 19 22 27 35 31 39 50 51 57 58 69 75 71 77 83 89 100 1 9 7 10 15 20 23 30 26 34 38 40 47 54 53 60 56 62 65 66 72 76 84 82 81 90 88 92 95 93 97 3 17 28 37 46 55 79 96 29 33 36 44 61 99 8
Volta 13: 78 12 80 21 32 49 59 63 64 68 86 4 5 6 14 19 22 27 35 39 41 45 51 57 58 69 75 77 85 89 94 100 9 13 15 20 23 26 34 31 50 47 53 54 60 56 62 65 66 72 71 76 83 82 84 81 88 90 95 1 10 7 17 30 40 38 37 46 93 92 96 97 3 29 28 33 44 55 61 79 99 36
Volta 14: 78 12 80 21 32 49 59 64 68 86 5 4 19 27 39 45 41 58 63 75 77 85 94 100 6 9 13 14 15 22 23 31 35 50 51 54 53 57 56 60 62 65 69 76 83 82 90 88 89 95 1 10 7 20 26 30 34 37 40 47 66 72 71 84 81 92 93 97 3 17 28 29 38 44 46 55 61 79 96 99 33 36
Volta 15: 80 78 12 21 32 49 64 68 4 5 19 41 59 63 77 85 86 94 6 15 14 23 22 27 35 31 39 45 50 53 51 54 60 58 57 65 69 75 76 90 89 88 95 100 1 7 10 9 13 20 26 30 47 56 62 72 71 82 83 84 81 92 93 97 17 28 34 40 37 44 55 61 66 99 3 29 33 38 46 79 96
Volta 16: 78 12 21 49 64 68 80 5 4 19 32 41 59 63 77 85 86 15 27 35 39 45 50 54 51 57 60 58 69 75 76 88 89 95 94 100 1 6 9 7 14 23 22 30 31 47 53 56 65 71 72 81 82 84 83 90 93 92 97 10 13 17 20 26 28 44 55 61 62 66 99 3 29 34 33 40 37 38 79 96 46
Volta 17: 78 12 21 49 64 68 80 59 77 85 86 5 4 15 19 32 39 41 45 50 51 60 57 63 69 76 94 95 100 1 6 14 22 30 27 35 47 54 53 58 65 71 75 81 84 82 89 88 90 10 7 9 13 20 17 23 26 31 44 55 56 62 66 72 83 92 93 99 97 3 28 29 34 37 61 79 33 38 40 96
Volta 18: 12 49 78 21 59 64 80 77 85 4 5 19 32 45 41 50 60 57 69 86 94 6 14 15 22 30 27 35 39 47 51 53 54 58 65 71 75 76 81 82 89 90 88 95 100 1 7 13 17 23 31 44 55 56 72 83 84 93 92 97 99 3 10 9 28 26 34 62 61 66 79 29 38 37 96 33
Volta 19: 12 49 21 59 77 78 85 5 4 45 50 57 64 80 86 94 15 19 22 30 27 32 35 39 41 47 54 60 65 69 75 76 82 89 88 95 100 1 7 6 14 13 17 23 44 51 53 55 58 71 72 81 84 83 90 97 9 10 26 31 56 62 61 66 79 92 93 99 3 29 28 34 38 37 96
Volta 20: 12 49 78 4 21 45 50 59 57 64 80 77 85 94 5 15 19 22 32 39 47 54 60 65 69 75 76 88 86 89 95 7 17 23 27 30 35 41 51 53 55 58 71 82 81 83 90 100 97 1 9 6 13 14 26 31 44 56 62 66 72 79 84 93 92 99 3 10 28 29 34 61 37 38 96
Volta 21: 12 49 78 21 50 57 59 77 80 85 4 5 15 32 39 45 64 69 75 86 94 95 19 23 22 27 30 35 41 47 53 54 55 60 65 71 76 81 83 88 89 100 1 6 9 7 13 17 26 31 44 51 58 56 62 66 79 82 84 90 99 97 3 10 14 34 61 72 93 92 28 29 38 37
Volta 22: 12 49 78 50 57 77 85 21 32 59 64 80 86 95 94 4 5 15 19 23 27 30 35 39 45 55 53 60 65 69 75 76 81 83 88 89 100 1 6 7 17 22 31 41 47 51 54 58 62 66 71 82 90 97 99 9 10 14 13 26 44 56 72 79 84 93 3 29 34 38 61 92 28 37
Volta 23: 12 49 57 77 78 85 21 32 50 59 64 80 86 5 4 15 23 27 30 35 39 45 60 65 75 76 81 88 89 94 95 100 17 19 22 41 47 53 55 54 58 69 71 83 90 99 97 1 10 9 6 7 13 14 26 31 44 51 56 62 66 72 82 84 93 3 29 38 61 79 92 34 28
Volta 24: 12 49 57 78 85 32 50 59 80 77 5 21 30 35 39 65 64 81 88 86 95 94 100 4 15 17 19 22 23 27 45 54 55 60 71 75 76 83 99 1 9 10 6 7 14 26 31 44 41 47 51 53 56 58 69 66 72 90 93 97 3 13 38 79 82 92 29 34 61 28
Volta 25: 12 49 78 85 32 50 57 80 77 5 30 35 59 64 81 86 88 95 4 19 17 21 23 27 39 45 55 60 65 75 71 76 83 94 100 99 10 9 7 15 22 41 53 51 54 56 58 66 69 90 97 1 6 14 13 26 31 38 44 47 72 79 82 93 92 3 29 34 61
Volta 26: 12 32 49 50 57 78 80 85 30 35 64 77 81 86 88 5 17 19 21 23 27 45 59 65 71 76 83 94 95 99 100 4 7 10 9 15 22 39 51 55 54 60 56 58 66 69 75 90 1 6 14 13 26 31 41 44 47 53 72 82 93 97 3 34 38 79 92 29 61
Volta 27: 12 32 49 78 80 85 30 50 57 64 77 81 5 19 23 27 35 45 59 65 76 83 86 88 94 95 100 99 4 7 9 10 17 21 39 55 54 58 56 60 69 66 71 90 1 6 15 14 22 26 41 44 51 53 75 82 93 97 13 31 47 72 79 92 3 29 34 38
Volta 28: 12 32 49 78 50 57 77 80 81 85 5 19 23 30 35 45 59 64 76 88 94 100 99 4 9 10 17 21 27 39 55 56 60 65 69 71 83 86 95 1 7 15 22 44 41 54 53 58 66 75 82 90 93 97 6 14 13 26 31 47 51 72 79 92 3 29 34 38
Volta 29: 12 32 49 78 57 77 80 81 85 23 30 35 45 50 64 94 99 4 5 10 17 19 21 27 39 55 59 60 56 69 71 76 83 86 88 100 1 9 15 44 54 53 58 65 66 82 90 95 7 6 14 13 22 26 41 47 51 72 75 79 92 93 97 29 34 31 3
Volta 30: 12 32 49 78 80 85 81 30 35 50 57 64 77 99 17 21 45 55 59 69 76 88 94 100 4 5 9 10 19 27 60 56 65 66 71 82 86 1 7 15 22 26 44 41 47 54 51 53 58 72 75 79 90 93 95 92 6 14 13 29 34 97 3 31
Volta 31: 32 78 12 49 80 81 30 50 57 77 85 17 21 35 45 55 59 64 69 76 88 94 100 99 5 10 9 19 27 56 60 66 71 82 86 4 1 15 44 47 51 53 54 65 75 72 79 90 95 7 6 14 22 26 41 58 92 93 97 3 13 29 34
Volta 32: 32 78 12 49 80 30 50 77 85 81 21 35 57 64 69 76 94 5 9 10 17 19 27 45 55 60 59 56 71 82 88 100 99 4 1 44 54 65 66 75 79 86 90 95 6 15 22 26 41 47 51 53 58 72 92 97 7 14 13 34 93 3 29
Volta 33: 78 12 32 49 80 30 50 85 81 21 57 64 69 76 77 94 5 10 9 19 17 27 35 45 55 56 71 88 99 100 1 59 60 65 66 75 82 90 95 4 6 15 22 26 41 44 51 54 72 79 86 92 97 7 14 34 47 53 58 93 13 3
Volta 34: 12 32 49 78 50 80 21 30 76 77 85 81 9 10 17 19 27 35 57 56 64 69 71 88 94 99 100 5 45 55 60 59 65 66 75 82 1 4 6 26 44 51 54 72 86 90 95 15 22 41 47 53 58 79 92 93 97 7 13 14 34 3
Volta 35: 32 78 12 49 21 50 80 76 77 9 10 19 17 30 35 56 57 64 69 71 85 81 88 94 99 100 5 27 55 59 60 66 82 1 4 6 26 45 51 54 65 75 90 86 15 22 44 47 53 58 72 79 92 95 93 97 7 13 14 34 41
Volta 36: 32 12 49 78 21 50 77 80 9 17 56 64 71 76 85 88 94 5 10 19 27 35 60 59 69 81 99 100 1 4 6 45 55 66 75 82 22 26 47 54 51 58 65 72 79 90 86 93 95 92 7 13 34 41 44 53 97 14
Volta 37: 32 12 78 21 49 80 9 17 50 64 71 77 76 88 94 5 10 19 27 59 60 56 69 81 85 100 99 6 35 45 55 66 82 1 4 22 47 54 51 58 65 75 86 90 92 95 7 13 26 41 44 53 72 79 93 97 34
Volta 38: 12 32 78 49 80 17 21 50 64 77 88 5 9 10 19 27 56 60 59 71 76 81 94 99 100 6 35 55 69 66 82 85 1 4 45 58 65 75 95 7 13 22 26 44 41 47 51 53 54 72 79 86 90 92 93 97 34
Volta 39: 12 32 78 49 17 21 80 77 5 10 9 19 27 50 59 60 56 64 71 76 81 88 94 99 6 35 55 69 66 85 82 100 45 58 65 75 95 1 4 22 26 41 54 51 53 72 86 90 93 92 7 13 44 47 79 97
Volta 40: 12 32 78 17 21 49 80 10 9 19 50 60 59 56 64 76 77 81 88 99 5 27 35 55 69 71 82 94 100 6 45 58 65 66 75 85 95 1 22 54 51 53 72 93 4 7 13 26 41 44 47 79 86 90 92 97
Volta 41: 32 12 17 21 49 78 80 9 50 56 59 60 77 88 99 5 10 19 27 35 64 71 76 82 81 94 55 58 65 69 66 85 95 100 6 22 45 53 51 72 75 1 4 26 44 41 47 54 90 86 93 7 13 79 92
Volta 42: 32 17 21 78 80 9 50 49 56 60 59 77 88 99 10 19 27 64 82 81 58 66 69 71 85 95 94 100 6 22 45 53 55 65 75 72 4 1 44 51 93 7 13 26 41 47 54 79 86 92
Volta 43: 32 78 80 17 21 50 59 60 56 77 88 99 10 9 27 49 82 19 58 64 69 66 71 81 85 95 100 6 53 65 72 75 94 1 22 45 44 51 55 93 4 41 47 54 86 7 13 26 79
Volta 44: 32 80 17 21 60 77 78 9 50 56 59 88 99 10 27 49 58 64 81 85 82 6 19 65 66 69 72 75 71 95 94 100 22 45 44 55 53 51 4 1 41 54 93 7 13 26 47 79 86
Volta 45: 32 80 17 60 78 9 21 50 56 77 88 99 10 27 49 58 59 64 85 81 82 6 19 65 66 69 71 75 95 100 44 53 51 72 94 4 22 45 41 55 93 1 13 26 54 7 47 79
Volta 46: 80 32 60 78 9 17 21 77 88 99 49 50 59 58 56 64 85 82 6 10 19 27 65 69 75 71 81 95 100 44 53 66 94 22 45 55 51 72 93 4 1 13 41 7 26 54 79 47
Volta 47: 60 80 17 21 32 77 78 99 9 50 82 85 88 6 10 27 49 58 56 59 64 65 71 75 81 95 19 44 53 69 66 94 100 22 55 72 1 4 13 41 45 51 93 7 26 54 79
Volta 48: 60 80 32 78 77 9 17 21 50 85 82 99 10 6 27 49 58 64 75 71 81 88 95 19 44 56 59 65 69 66 100 22 53 72 1 4 45 41 55 51 93 7 13 26 54 79
Volta 49: 60 80 32 77 78 9 17 21 85 6 10 49 50 64 71 75 81 82 88 95 99 19 27 56 58 59 65 69 22 44 53 66 72 100 1 41 51 55 4 7 13 26 45 93 54
Volta 50: 60 32 77 80 9 21 78 85 6 17 50 49 64 75 81 82 88 95 99 10 19 58 59 56 65 71 27 53 69 66 100 1 22 41 44 55 72 4 7 45 51 93 13 26 54
Volta 51: 60 80 77 9 32 78 85 6 17 21 49 64 75 82 10 50 58 59 65 71 81 88 95 99 19 27 53 56 69 22 44 41 55 66 72 100 1 7 45 51 93 4 13 26
Volta 52: 60 80 9 32 78 77 85 21 49 64 82 6 10 17 50 71 75 81 88 95 99 56 58 59 65 69 19 22 27 41 44 55 53 66 100 51 72 4 1 7 45 93 13 26
Volta 53: 60 80 9 77 32 64 78 85 6 17 21 50 49 75 71 81 82 95 99 10 56 58 59 65 69 88 22 27 41 55 66 19 44 53 72 100 1 4 7 51 93 45 13
Volta 54: 80 60 77 9 32 78 17 21 50 49 64 75 71 82 85 95 6 56 58 59 65 69 81 88 99 10 22 19 27 41 44 55 53 66 100 4 51 1 93 13 45
Volta 55: 80 60 9 32 77 78 17 49 64 75 85 95 6 21 50 58 56 65 69 71 82 81 10 59 88 99 22 27 53 66 19 44 41 55 100 4 51 93 1 13
Volta 56: 80 60 32 77 78 9 49 64 75 85 6 17 58 69 71 81 82 95 10 21 50 56 65 88 99 22 27 53 59 19 41 44 66 100 55 1 4 51 93 13
Volta 57: 80 60 32 78 77 9 49 85 17 64 75 81 82 95 6 21 50 58 65 69 71 88 10 27 56 99 19 22 44 53 59 66 41 100 55 93 1 4 51
Volta 58: 80 32 60 9 49 78 77 17 64 75 85 82 81 6 21 50 58 65 69 71 95 27 56 88 99 10 22 53 59 19 41 44 66 100 55 4 93 1 51
Volta 59: 80 32 60 9 78 77 17 49 64 75 81 6 50 58 65 71 85 82 95 21 69 99 10 27 59 56 88 19 22 41 44 53 66 55 100 4 93 1
Volta 60: 80 32 9 60 78 17 49 75 77 81 64 65 71 85 82 95 6 21 50 58 69 99 56 88 10 19 22 27 41 59 66 44 53 55 100 4 1
Volta 61: 80 32 60 78 9 49 75 77 81 17 64 82 85 50 58 65 69 71 95 6 21 56 88 99 10 19 22 27 41 59 66 44 53 55 100 4
Volta 62: 80 32 60 9 49 77 78 81 17 64 75 85 65 69 71 82 95 50 56 58 88 99 6 19 21 59 66 10 22 27 41 44 55 53 100 4
Volta 63: 80 9 32 49 60 77 17 64 78 85 81 65 75 82 95 50 58 56 69 71 88 6 19 21 66 99 10 22 27 44 53 59 100 41 55
Volta 64: 80 32 60 77 9 17 49 64 78 75 85 81 95 65 69 71 82 88 19 21 50 58 56 99 6 27 44 59 66 10 22 41 55 53 100
Volta 65: 80 32 77 9 17 49 60 64 78 85 95 65 69 75 82 81 50 56 58 71 88 99 6 19 21 27 59 66 10 41 44 53 55 22
Volta 66: 80 32 77 17 60 64 9 49 78 85 95 81 82 50 58 65 69 71 99 21 59 10 6 19 27 44 55 53 66 22 41
Volta 67: 80 17 32 64 77 49 60 78 85 95 9 50 65 69 82 81 99 59 58 71 10 6 19 21 27 44 22 53 55 66
Volta 68: 80 17 32 64 77 49 78 85 9 60 95 65 81 99 50 58 59 69 71 82 10 27 44 6 19 21 22 53 55 66
Volta 69: 80 17 32 64 77 78 49 85 95 9 60 65 99 50 59 69 81 82 58 71 6 10 19 21 27 44 53 55 22
Volta 70: 80 17 32 64 49 78 77 85 95 9 60 99 65 69 81 50 59 58 71 82 6 10 19 21 27 44 55 53 22
Volta 71: 17 32 80 64 49 78 77 85 60 95 9 65 69 99 50 59 71 81 82 6 19 21 27 44 58 10 53 55
Volta 72: 80 17 32 64 49 78 85 60 77 9 69 95 99 59 65 81 82 6 21 27 44 50 10 19 58 53 55
Volta 73: 80 17 32 64 78 85 49 60 77 9 95 99 59 65 69 82 81 27 50 6 19 21 44 58 10 53
Volta 74: 32 64 80 17 49 78 85 9 60 77 59 65 69 81 95 99 27 50 82 6 21 44 58 10 19 53
Volta 75: 64 80 17 32 78 49 60 85 9 59 77 81 99 27 65 69 82 95 44 50 58 6 10 21 19
Volta 76: 64 80 17 32 49 78 85 9 60 77 81 27 59 65 69 95 99 44 58 82 6 10 21 50 19
Volta 77: 32 64 80 17 49 85 60 77 78 81 9 27 59 99 58 65 69 82 95 44 50 6 10 21
Volta 78: 64 80 32 49 85 60 78 81 9 27 59 77 99 65 69 95 44 58 82 10 6 50
Volta 79: 64 80 32 49 60 78 81 85 27 59 77 9 69 99 65 82 95 6 44 58 10
Volta 80: 32 64 80 49 60 78 81 85 27 9 59 77 99 69 82 95 6 44 58 65 10
Volta 81: 32 64 80 49 60 78 27 81 85 59 77 99 9 69 82 95 6 44 58 65
Volta 82: 64 80 32 78 27 49 60 85 81 77 99 9 59 82 44 58 65 69 95 6
Volta 83: 64 80 32 78 27 49 81 60 77 85 59 82 99 9 65 69 95 44 58
Volta 84: 64 80 32 78 49 27 77 81 60 85 82 99 9 59 65 69 95 44 58
Volta 85: 80 64 32 78 49 27 77 81 60 85 99 9 59 65 82 95 44 69
Volta 86: 80 64 78 32 49 27 77 81 60 99 9 59 82 85 95 65 69 44
Volta 87: 80 64 32 49 78 81 27 60 77 99 59 85 82 95 9 65 69
Volta 88: 80 64 32 78 49 81 27 60 77 99 59 85 82 9 69 95 65
Volta 89: 80 64 32 78 49 81 27 60 59 77 82 99 85 95 9 69
Volta 90: 80 64 32 49 27 81 59 77 99 85 82 95 69 9
Volta 91: 80 64 27 32 49 81 59 77 99 82 69 85 95
Volta 92: 80 64 32 27 49 59 81 99 77 82 85 95 69
Volta 93: 80 64 32 27 49 59 81 77 82 99 85 95
Volta 94: 80 64 32 27 49 81 59 99 77 82 85 95
Volta 95: 80 64 32 81 27 49 59 77 82 99 85
Volta 96: 80 64 32 27 49 59 81 77 82 99 85
Volta 97: 80 64 27 32 59 81 49 77 82 99
Volta 98: 64 80 27 32 59 81 49 77 82 99
Volta 99: 64 80 27 32 59 81 49 77 82
Volta 100: 64 80 27 32 59 81 49 77 82
Volta 101: 64 80 27 32 59 81 49 77
Volta 102: 64 80 27 32 49 59 81 77
Volta 103: 64 80 27 32 59 81 49
Volta 104: 64 80 27 32 81 49 59
Volta 105: 64 80 27 32 81 49
Volta 106: 64 80 27 32 81 49
Volta 107: 64 80 32 27 81
Volta 108: 64 80 27 81
Volta 109: 64 80 27
Volta 110: 64 80 27

Ranqueamento Final:
1: Ciclista 27 - 10650.66 segundos
2: Ciclista 80 - 10576.86 segundos
3: Ciclista 64 - 10576.50 segundos
4: Ciclista 81 - 10426.98 segundos
5: Ciclista 49 - 10351.14 segundos
6: Ciclista 59 - 10126.38 segundos
7: Ciclista 77 - 9976.86 segundos
8: Ciclista 82 - 9751.98 segundos
9: Ciclista 99 - 9527.34 segundos
10: Ciclista 85 - 9451.98 segundos
11: Ciclista 95 - 9152.22 segundos
12: Ciclista 69 - 9076.62 segundos
13: Ciclista 9 - 8925.18 segundos
14: Ciclista 65 - 8701.50 segundos
15: Ciclista 44 - 8551.02 segundos
16: Ciclista 58 - 8401.38 segundos
17: Ciclista 6 - 8175.18 segundos
18: Ciclista 10 - 8025.18 segundos
19: Ciclista 50 - 7801.14 segundos
20: Ciclista 19 - 7650.42 segundos
21: Ciclista 53 - 7426.26 segundos
22: Ciclista 55 - 7276.26 segundos
23: Ciclista 22 - 7125.54 segundos
24: Ciclista 66 - 6826.62 segundos
25: Ciclista 41 - 6676.02 segundos
26: Ciclista 100 - 6452.34 segundos
27: Ciclista 4 - 6450.06 segundos
28: Ciclista 1 - 6300.06 segundos
29: Ciclista 51 - 6076.26 segundos
30: Ciclista 13 - 5850.30 segundos
31: Ciclista 45 - 5626.02 segundos
32: Ciclista 26 - 5400.66 segundos
33: Ciclista 54 - 5176.26 segundos
34: Ciclista 79 - 5026.86 segundos
35: Ciclista 47 - 4876.14 segundos
36: Ciclista 86 - 4577.10 segundos
37: Ciclista 92 - 4352.22 segundos
38: Ciclista 97 - 4202.34 segundos
39: Ciclista 34 - 3975.78 segundos
40: Ciclista 14 - 3825.30 segundos
41: Ciclista 3 - 3675.06 segundos
42: Ciclista 29 - 3450.66 segundos
43: Ciclista 31 - 3225.78 segundos
44: Ciclista 38 - 3075.90 segundos
45: Ciclista 61 - 2851.50 segundos
46: Ciclista 28 - 2700.66 segundos
47: Ciclista 37 - 2475.90 segundos
48: Ciclista 96 - 2252.34 segundos
49: Ciclista 33 - 2100.78 segundos
50: Ciclista 46 - 1876.14 segundos
51: Ciclista 36 - 1650.90 segundos
52: Ciclista 8 - 1500.18 segundos
53: Ciclista 52 - 1276.26 segundos
54: Ciclista 67 - 1051.62 segundos
55: Ciclista 74 - 826.74 segundos
56: Ciclista 73 - 601.74 segundos
57: Ciclista 87 - 302.10 segundos

Ciclista 2 quebrou na volta 6 - 750.00 segundos
Ciclista 5 quebrou na volta 42 - 4125.00 segundos
Ciclista 7 quebrou na volta 54 - 5550.12 segundos
Ciclista 11 quebrou na volta 6 - 825.24 segundos
Ciclista 12 quebrou na volta 42 - 3825.24 segundos
Ciclista 15 quebrou na volta 36 - 3675.24 segundos
Ciclista 16 quebrou na volta 12 - 1125.36 segundos
Ciclista 17 quebrou na volta 78 - 7350.36 segundos
Ciclista 18 quebrou na volta 12 - 1050.36 segundos
Ciclista 20 quebrou na volta 18 - 1950.36 segundos
Ciclista 21 quebrou na volta 78 - 7800.48 segundos
Ciclista 23 quebrou na volta 30 - 2925.48 segundos
Ciclista 24 quebrou na volta 12 - 1350.48 segundos
Ciclista 25 quebrou na volta 6 - 675.48 segundos
Ciclista 30 quebrou na volta 36 - 3450.60 segundos
Ciclista 32 quebrou na volta 108 - 10350.72 segundos
Ciclista 35 quebrou na volta 42 - 4125.72 segundos
Ciclista 39 quebrou na volta 30 - 2925.84 segundos
Ciclista 40 quebrou na volta 18 - 2025.84 segundos
Ciclista 42 quebrou na volta 12 - 1125.96 segundos
Ciclista 43 quebrou na volta 6 - 600.96 segundos
Ciclista 48 quebrou na volta 6 - 601.08 segundos
Ciclista 56 quebrou na volta 66 - 6526.32 segundos
Ciclista 57 quebrou na volta 36 - 3451.32 segundos
Ciclista 60 quebrou na volta 90 - 8701.32 segundos
Ciclista 62 quebrou na volta 24 - 2476.44 segundos
Ciclista 63 quebrou na volta 18 - 1726.44 segundos
Ciclista 68 quebrou na volta 18 - 1651.56 segundos
Ciclista 70 quebrou na volta 12 - 1426.56 segundos
Ciclista 71 quebrou na volta 72 - 7126.68 segundos
Ciclista 72 quebrou na volta 54 - 5401.68 segundos
Ciclista 75 quebrou na volta 66 - 6376.68 segundos
Ciclista 76 quebrou na volta 42 - 4051.80 segundos
Ciclista 78 quebrou na volta 90 - 8551.80 segundos
Ciclista 83 quebrou na volta 30 - 3001.92 segundos
Ciclista 84 quebrou na volta 24 - 2476.92 segundos
Ciclista 88 quebrou na volta 66 - 6452.04 segundos
Ciclista 89 quebrou na volta 24 - 2327.04 segundos
Ciclista 90 quebrou na volta 42 - 4352.04 segundos
Ciclista 91 quebrou na volta 12 - 1202.16 segundos
Ciclista 93 quebrou na volta 60 - 6227.16 segundos
Ciclista 94 quebrou na volta 48 - 4802.16 segundos
Ciclista 98 quebrou na volta 6 - 677.28 segundos
