Volta 1: 5 4 3 2 1 8 7 10 6 9 14 11 12 15 13 20 18 16 17 19 25 22 24 23 21 26 30 29 27 28 32 35 34 31 33 40 39 38 37 36 43 41 42 44 45 46 50 49 47 48
Volta 2: 4 5 2 9 10 7 6 8 14 13 15 11 17 19 16 24 21 22 25 23 29 27 31 35 34 32 39 40 41 42 45 44 48 50 46 49 47 1 3 12 18 20 26 28 30 33 37 36 38 43
Volta 3: 4 5 9 8 11 15 14 19 29 27 35 41 44 48 1 2 7 10 6 12 13 18 17 16 20 21 22 23 24 25 28 30 26 31 33 34 32 36 37 39 40 45 42 49 47 50 46 3 38
Volta 4: 4 5 9 8 15 11 19 27 35 44 41 2 7 10 13 12 14 18 17 20 16 22 23 21 24 29 30 28 32 33 31 34 37 36 45 50 49 47 48 46 1 6 25 26 40 38 39 42 3
Volta 5: 4 5 9 11 19 27 41 2 10 8 15 14 12 20 18 24 22 21 30 35 31 34 37 44 47 50 48 1 7 6 13 17 16 23 26 29 28 32 33 40 36 39 45 42 46 49 25 38
Volta 6: 4 19 27 41 5 9 8 11 12 15 20 21 30 35 34 31 37 44 47 48 2 1 10 7 14 13 18 16 17 22 24 33 32 36 40 42 46 50 25 23 26 29 39 38
Volta 7: 4 19 9 8 11 21 27 30 35 31 37 41 48 47 1 5 10 7 14 12 15 20 18 17 22 24 34 44 50 46 2 13 16 25 26 29 33 32 39 36 40 42 23
Volta 8: 4 8 9 11 19 30 31 35 37 41 48 47 1 5 7 14 15 17 20 21 27 34 44 46 50 10 13 12 18 16 25 22 24 29 26 32 33 36 39 40 42 2 23
Volta 9: 4 8 9 19 31 37 41 48 47 5 7 11 15 14 17 20 30 27 34 35 1 13 16 18 25 24 21 22 29 26 33 32 40 36 39 44 50 46 10 12 42 2
Volta 10: 4 9 8 37 41 5 7 14 20 19 30 27 34 35 31 47 48 1 11 15 18 17 25 21 22 26 40 39 44 10 12 13 16 24 29 33 32 36 42 46 50 2
Volta 11: 9 8 4 5 7 27 37 41 47 1 15 11 14 20 18 19 21 22 30 34 35 31 40 39 44 48 10 12 17 16 25 24 26 29 32 33 36 50 13 42 46
Volta 12: 8 4 9 7 27 37 41 47 5 11 15 14 18 19 21 22 30 34 40 44 1 17 16 20 25 29 31 35 39 48 10 13 12 24 26 32 33 36 42 50 46
Volta 13: 8 9 7 27 41 47 5 4 11 14 18 21 22 30 34 37 44 1 15 17 19 20 16 25 29 35 31 40 48 13 24 26 33 32 36 39 42 50 10 12
Volta 14: 8 7 27 4 9 11 21 30 34 37 41 44 47 5 1 14 15 17 18 19 22 29 31 35 40 48 13 20 16 25 24 26 33 32 39 42 10 12 36 50
Volta 15: 8 27 4 9 7 11 21 30 37 41 44 47 5 1 15 18 19 22 29 31 35 34 40 48 14 17 16 24 26 32 33 42 10 13 20 25 36 39 12
Volta 16: 8 27 7 9 30 44 47 1 4 5 11 18 21 22 31 37 41 48 15 14 19 16 24 26 29 34 32 35 33 40 10 13 17 25 39 36 42 12 20
Volta 17: 8 9 7 27 44 1 11 18 22 30 41 47 48 4 5 15 14 19 21 29 34 31 33 32 37 17 16 25 24 26 35 40 42 10 13 12 36 39
Volta 18: 8 9 7 22 27 41 48 47 4 5 11 15 18 21 30 31 33 14 19 17 16 25 24 29 32 35 34 37 40 42 12 13 26 39 36 10
Volta 19: 8 9 7 22 27 47 48 4 15 18 21 30 31 33 41 5 11 19 17 25 24 34 32 37 40 42 13 14 16 29 26 35 12 36 39
Volta 20: 8 9 7 22 47 48 4 27 30 33 31 41 5 15 11 19 18 21 25 24 34 40 37 13 14 16 17 29 26 32 35 42 12 39 36
Volta 21: 9 8 7 22 47 48 4 27 30 33 41 11 15 19 21 31 40 5 17 16 18 24 25 34 37 42 13 12 14 26 29 32 35 39
Volta 22: 8 9 22 48 47 4 7 33 11 19 21 30 27 31 41 15 18 16 24 25 34 40 37 5 13 14 12 17 29 26 35 32 42 39
Volta 23: 8 9 22 48 4 7 33 47 11 21 30 27 31 41 15 18 19 16 25 24 40 14 13 26 34 37 42 5 12 17 29 32 35
Volta 24: 8 22 48 7 9 33 47 4 11 21 30 15 16 18 19 24 27 31 41 14 25 26 34 40 37 13 29 32 35 42 5 12 17
Volta 25: 8 48 9 22 33 47 4 7 11 19 24 21 27 30 41 14 15 18 16 25 31 34 40 37 13 26 35 42 12 29 32 5
Volta 26: 8 48 9 22 47 7 33 4 11 19 24 21 27 41 16 25 30 31 14 15 13 18 26 34 40 37 12 29 35 32 42 5
Volta 27: 8 48 9 22 47 33 7 19 24 27 41 4 11 16 21 25 30 31 15 14 18 26 34 37 40 12 13 29 32 35 42
Volta 28: 8 48 9 22 33 47 7 19 24 41 4 11 16 21 27 15 14 18 25 30 34 31 40 37 12 26 29 13 32 35 42
Volta 29: 48 8 9 22 33 47 7 19 41 21 24 27 4 11 15 16 18 25 30 37 40 14 12 26 29 34 31 35 32 13
Volta 30: 9 8 48 22 19 33 41 47 7 21 24 27 4 11 16 18 25 30 40 14 12 15 26 29 37 32 31 34 35 13
Volta 31: 48 8 9 22 19 33 47 7 21 27 41 4 11 18 16 24 30 15 12 25 26 29 40 37 14 34 35 32 31
Volta 32: 8 9 48 19 22 33 47 7 27 41 4 11 24 21 30 15 18 16 25 29 12 26 34 35 37 40 14 31 32
Volta 33: 9 48 8 19 22 7 33 41 47 4 11 24 21 27 15 18 16 30 25 29 34 35 40 14 12 26 31 37
Volta 34: 9 19 22 48 7 8 33 41 47 11 24 27 4 15 16 18 21 30 25 29 34 35 40 14 12 26 31 37
Volta 35: 9 48 7 8 19 22 33 47 11 24 27 41 4 15 16 18 21 25 30 34 35 14 26 29 40 12 31
Volta 36: 9 19 22 47 48 7 8 24 27 33 41 4 11 15 16 18 25 21 30 34 35 14 40 12 29 26 31
Volta 37: 9 22 47 7 8 19 24 33 41 48 11 27 4 25 21 30 35 34 14 15 16 18 40 12 29 26
Volta 38: 47 9 8 7 22 33 48 11 19 24 27 41 4 21 25 30 34 35 15 16 18 14 12 29 26 40
Volta 39: 8 9 22 47 48 7 19 24 27 33 41 11 21 30 35 4 15 25 34 14 12 18 16 29 26
Volta 40: 22 47 48 9 8 24 33 41 7 11 19 27 35 4 15 21 25 30 34 12 16 18 29 14 26
Volta 41: 47 8 9 22 33 48 7 24 27 35 41 4 15 11 19 25 30 34 12 18 21 29 14 16
Volta 42: 47 9 33 48 8 7 24 35 4 15 11 27 30 41 12 21 25 34 18 29 16
Volta 43: 9 33 47 48 8 7 24 4 15 11 27 35 41 30 34 12 18 21 25 29
Volta 44: 9 48 47 7 24 33 8 11 15 27 35 41 4 30 12 18 25 21 34 29
Volta 45: 9 47 7 48 8 11 15 24 35 33 4 27 41 12 25 21 30 18 34
Volta 46: 47 9 48 7 8 15 24 33 11 27 35 4 12 25 21 30 41 18 34
Volta 47: 9 48 47 7 15 24 33 8 11 4 25 21 27 30 35 12 18 41
Volta 48: 47 48 7 9 33 11 15 24 8 35 4 12 21 30 27 41 18
Volta 49: 48 47 9 7 15 11 24 33 8 30 27 35 41 4 12 21
Volta 50: 9 47 48 7 15 11 33 8 24 30 27 35 4 12 21 41
Volta 51: 9 7 15 11 47 48 8 33 24 35 30 27 4 12 21
Volta 52: 9 7 11 47 48 8 15 33 24 35 30 4 12 21 27
Volta 53: 9 7 47 11 15 48 8 33 24 30 35 4 12 21
Volta 54: 9 7 15 48 47 8 24 33 35 21 30 4 12
Volta 55: 9 7 15 47 8 48 35 33 24 30 4 21
Volta 56: 9 7 15 47 48 8 35 33 24 30 21 4
Volta 57: 9 7 47 15 48 33 35 8 30 24 21
Volta 58: 9 47 7 15 35 33 48 8 30 24 21
Volta 59: 9 7 47 15 35 48 8 33 24 30
Volta 60: 9 47 7 15 35 8 33 48 24 30
Volta 61: 9 47 7 35 8 15 33 48 24
Volta 62: 9 7 35 47 8 15 33 48 24
Volta 63: 9 7 35 8 15 33 47 48
Volta 64: 9 7 33 35 47 8 15 48
Volta 65: 9 7 33 35 47 8 15
Volta 66: 9 35 47 7 8 15 33
Volta 67: 9 35 47 7 8 15
Volta 68: 35 47 8 9 15 7
Volta 69: 35 47 8 9 15
Volta 70: 47 8 35 9 15
Volta 71: 47 8 35 9
Volta 72: 8 35 47 9
Volta 73: 35 47 8
Volta 74: 8 35 47
Volta 75: 8 35
Volta 76: 8 35

Ranqueamento Final:
1: Ciclista 35 - 1455.78 segundos
2: Ciclista 8 - 1440.18 segundos
3: Ciclista 47 - 1411.14 segundos
4: Ciclista 9 - 1380.18 segundos
5: Ciclista 15 - 1350.30 segundos
6: Ciclista 7 - 1320.18 segundos
7: Ciclista 33 - 1275.78 segundos
8: Ciclista 48 - 1261.14 segundos
9: Ciclista 24 - 1230.54 segundos
10: Ciclista 30 - 1185.66 segundos
11: Ciclista 21 - 1155.54 segundos
12: Ciclista 4 - 1140.06 segundos
13: Ciclista 12 - 1095.30 segundos
14: Ciclista 27 - 1050.66 segundos
15: Ciclista 41 - 1006.02 segundos
16: Ciclista 18 - 975.42 segundos
17: Ciclista 34 - 930.78 segundos
18: Ciclista 29 - 900.66 segundos
19: Ciclista 16 - 870.42 segundos
20: Ciclista 26 - 825.66 segundos
21: Ciclista 40 - 780.90 segundos
22: Ciclista 31 - 750.78 segundos
23: Ciclista 37 - 720.90 segundos
24: Ciclista 32 - 675.78 segundos
25: Ciclista 13 - 645.30 segundos
26: Ciclista 42 - 601.02 segundos
27: Ciclista 5 - 570.06 segundos
28: Ciclista 17 - 525.42 segundos
29: Ciclista 39 - 480.90 segundos
30: Ciclista 36 - 435.90 segundos
31: Ciclista 10 - 405.18 segundos
32: Ciclista 20 - 360.42 segundos
33: Ciclista 50 - 316.14 segundos
34: Ciclista 46 - 271.14 segundos
35: Ciclista 2 - 240.06 segundos
36: Ciclista 23 - 195.54 segundos
37: Ciclista 38 - 150.90 segundos
38: Ciclista 3 - 120.06 segundos
39: Ciclista 43 - 61.02 segundos

Ciclista 1 quebrou na volta 18 - 345.00 segundos
Ciclista 6 quebrou na volta 6 - 135.12 segundos
Ciclista 11 quebrou na volta 54 - 1035.24 segundos
Ciclista 14 quebrou na volta 42 - 870.24 segundos
Ciclista 19 quebrou na volta 42 - 825.36 segundos
Ciclista 22 quebrou na volta 42 - 810.48 segundos
Ciclista 25 quebrou na volta 48 - 960.48 segundos
Ciclista 28 quebrou na volta 6 - 150.60 segundos
Ciclista 44 quebrou na volta 18 - 330.96 segundos
Ciclista 45 quebrou na volta 6 - 135.96 segundos
Ciclista 49 quebrou na volta 6 - 136.08 segundos
