Volta 1: 3 4 1 2 5 9 10 6 8 7 14 13 15 12 11 19 16 20 18 17 24 23 21 22 25 26 30 29 27 28 32 34 31 33 35 37 38 39 40 36 43 42 45 44 41 50 47 48 49 46
Volta 2: 2 1 5 3 10 9 6 8 14 11 12 13 18 19 17 16 25 24 21 23 22 30 29 28 27 33 34 32 31 35 40 36 45 42 49 48 46 47 4 7 15 20 26 37 38 39 44 43 41 50
Volta 3: 2 5 10 8 9 13 16 17 18 21 22 23 28 29 30 32 31 36 45 46 49 47 4 3 1 6 7 14 12 15 11 19 20 25 24 27 33 35 34 39 38 37 40 44 41 42 43 48 26
Volta 4: 2 5 10 9 13 17 21 22 32 46 47 49 3 4 1 7 8 6 12 14 16 18 19 24 23 30 28 29 31 34 33 40 38 36 39 42 43 41 45 48 15 11 20 25 27 35 37 44 26
Volta 5: 2 5 9 10 21 32 49 46 3 4 1 6 8 13 19 17 18 16 22 23 30 29 39 36 42 41 43 45 48 47 7 15 14 11 12 24 27 28 33 34 31 35 40 37 38 44 20 25
Volta 6: 5 9 21 49 46 2 1 4 3 10 13 19 17 18 22 29 30 32 39 42 41 45 48 7 8 6 15 14 12 16 23 24 28 27 34 31 36 37 43 47 11 20 25 35 33 38 40 44
Volta 7: 46 1 5 3 4 9 10 13 17 22 21 30 42 49 2 8 7 14 12 16 19 18 23 29 27 32 34 31 36 39 45 41 48 47 6 11 15 24 28 35 37 40 43 20 25 33 38
Volta 8: 4 5 3 1 10 17 21 22 30 42 46 49 2 7 9 14 13 19 18 16 32 39 41 48 6 8 12 11 24 23 29 28 27 31 34 36 37 45 43 47 15 20 25 35 33 40 38
Volta 9: 4 5 3 21 22 30 42 2 1 10 9 14 13 19 16 17 48 49 46 8 7 6 12 18 23 28 27 32 34 39 41 47 11 15 20 25 24 29 33 31 35 40 37 36 45 43
Volta 10: 5 3 21 2 4 1 10 13 14 17 16 19 22 30 42 46 49 9 6 8 12 18 27 39 41 47 48 7 15 23 24 29 28 31 34 33 35 32 37 36 43 45 11 20 25 40
Volta 11: 5 2 3 10 13 14 21 22 30 42 46 49 1 4 9 6 8 12 19 16 17 18 39 41 48 7 15 24 23 28 29 27 31 32 34 45 43 47 11 20 25 35 33 37 36
Volta 12: 21 22 46 1 4 2 3 6 10 9 8 13 14 17 19 16 18 30 42 48 49 7 23 24 27 29 31 32 34 39 43 41 45 47 11 28 33 35 37 20 25 36
Volta 13: 21 22 46 2 3 4 9 8 6 10 14 13 16 18 30 42 49 48 1 7 17 19 23 27 34 32 31 39 41 24 29 28 35 33 37 43 45 47 11 20 25
Volta 14: 22 4 2 8 6 13 14 16 18 21 30 46 49 3 9 10 19 17 23 27 31 39 41 42 48 1 7 24 29 28 33 35 34 32 37 45 43 47 11 20 25
Volta 15: 22 2 6 8 13 14 16 21 30 46 3 4 9 19 17 18 27 39 49 1 10 7 23 29 32 33 35 31 42 45 41 48 11 20 24 28 34 37 43 47
Volta 16: 2 6 8 13 16 22 3 9 14 17 18 19 21 27 30 39 49 46 4 1 7 23 29 31 42 41 45 48 10 11 20 24 28 32 33 35 34 37 43 47
Volta 17: 2 6 8 13 16 3 9 14 19 18 17 21 22 27 30 39 49 1 4 23 41 42 46 7 10 20 24 29 31 45 48 11 28 34 32 33 35 37 43
Volta 18: 8 13 3 6 14 19 17 16 22 27 49 4 9 18 30 39 41 42 1 7 20 23 29 31 45 46 10 11 24 28 34 33 32 35 37 43
Volta 19: 13 8 16 17 22 27 49 3 4 6 9 14 19 39 42 1 7 18 23 30 41 46 10 11 20 24 29 28 32 31 45 33 34 35 37
Volta 20: 13 8 17 16 22 49 3 9 6 14 19 27 39 42 1 4 7 18 23 46 20 24 28 29 30 31 41 45 10 11 32 35 33 37 34
Volta 21: 13 16 17 22 49 3 9 8 19 27 39 42 1 4 6 14 18 23 7 20 24 29 31 41 45 46 10 11 28 30 32 33 35 37
Volta 22: 13 16 17 22 3 9 19 27 39 49 4 8 14 18 42 1 6 7 20 23 29 41 45 46 10 11 24 28 30 31 33 32 35 37
Volta 23: 13 3 17 16 19 22 8 9 27 39 42 49 4 1 6 7 14 18 20 29 11 24 23 30 31 35 41 45 46 10 28 32 33
Volta 24: 13 3 17 16 9 8 19 22 39 49 7 18 27 42 1 6 14 20 23 31 35 45 41 46 10 11 24 30 32 33
Volta 25: 13 3 17 16 19 49 8 9 22 27 39 42 1 7 6 14 18 20 23 31 35 10 11 30 41 45 46 24 32
Volta 26: 13 3 17 19 16 8 22 39 42 49 9 7 6 14 18 20 23 27 35 1 10 11 30 31 45 41 46 24 32
Volta 27: 13 3 17 16 19 8 22 39 42 49 7 9 6 18 20 23 27 35 1 10 14 30 31 41 11 45 46 24
Volta 28: 13 3 17 16 8 19 39 49 7 22 23 35 42 1 10 9 6 14 20 18 27 31 41 11 30 46 45 24
Volta 29: 13 16 17 3 8 19 39 22 42 49 6 10 7 9 14 20 18 23 35 31 1 27 41 11 30 46 45
Volta 30: 13 17 8 16 3 19 22 39 42 49 7 10 9 14 18 20 23 35 1 6 31 27 30 41 46 11 45
Volta 31: 13 8 16 17 3 19 22 39 42 49 10 20 23 35 7 9 6 14 18 31 1 27 41 46 11 30
Volta 32: 13 17 16 3 8 22 42 19 23 35 39 49 7 9 10 20 31 1 6 14 18 41 11 30 27 46
Volta 33: 13 17 3 8 16 42 23 22 49 10 20 19 35 39 1 6 7 9 14 18 31 30 27 41 11
Volta 34: 13 17 3 16 8 42 49 20 19 22 23 35 39 1 9 7 6 10 31 14 18 27 11 30 41
Volta 35: 13 17 3 16 8 42 19 23 22 35 39 49 1 7 6 9 10 20 31 14 18 27 11 30
Volta 36: 13 17 16 3 8 19 22 23 35 42 49 1 10 9 39 6 7 27 31 14 18 11 30
Volta 37: 17 13 3 16 8 22 49 10 19 23 35 39 42 1 7 6 9 31 14 18 27 11
Volta 38: 13 17 3 16 8 22 49 10 19 23 35 39 42 1 6 9 31 7 14 11 18 27
Volta 39: 13 17 3 16 22 49 10 8 19 35 1 9 6 23 31 39 42 7 14 18 11
Volta 40: 3 13 17 22 49 8 10 16 19 35 1 6 23 31 39 42 7 9 14 18 11
Volta 41: 13 17 3 49 10 16 22 35 8 19 1 9 6 23 31 39 42 7 14 18
Volta 42: 13 17 3 10 16 22 35 49 8 19 1 31 39 42 9 6 7 18 23 14
Volta 43: 13 3 10 16 17 35 49 19 22 8 31 42 1 6 7 9 18 23 39
Volta 44: 13 10 35 49 3 16 19 17 22 8 31 42 1 6 7 18 39 9 23
Volta 45: 13 10 35 3 17 16 19 49 8 22 31 42 1 7 6 18 9 39
Volta 46: 13 10 35 3 16 19 49 17 22 31 42 1 7 8 6 9 18 39
Volta 47: 10 13 19 16 35 3 17 42 49 1 7 22 31 8 6 18 9
Volta 48: 13 16 35 3 19 1 17 22 31 42 49 8 7 18 9 6
Volta 49: 13 16 35 3 1 17 19 31 42 8 7 18 22 49 9
Volta 50: 13 16 3 35 1 19 31 42 8 7 17 18 22 9 49
Volta 51: 16 13 3 19 35 1 8 7 18 17 31 42 9 22
Volta 52: 16 13 3 35 1 19 18 31 9 7 8 17 22 42
Volta 53: 16 13 35 1 3 19 18 31 9 8 17 22 7
Volta 54: 16 13 1 3 18 19 35 31 8 9 7 17 22
Volta 55: 13 16 3 1 19 18 31 35 8 9 7 17
Volta 56: 16 13 19 31 35 1 3 8 18 9 7 17
Volta 57: 16 13 19 35 3 1 8 18 31 9 7
Volta 58: 16 13 19 1 8 31 35 3 9 18 7
Volta 59: 16 13 1 19 35 31 3 8 9 18
Volta 60: 16 13 35 31 3 1 8 19 9 18
Volta 61: 16 13 31 35 3 1 8 9 19
Volta 62: 16 13 35 3 1 8 31 9 19
Volta 63: 16 13 3 1 8 31 35 9
Volta 64: 13 16 1 3 31 35 8 9
Volta 65: 13 16 1 3 31 35 8
Volta 66: 16 13 31 3 1 8 35
Volta 67: 16 13 31 1 3 8
Volta 68: 16 13 31 1 3 8
Volta 69: 16 31 1 13 3
Volta 70: 16 13 31 1 3
Volta 71: 16 13 1 31
Volta 72: 13 16 31 1
Volta 73: 13 16 31
Volta 74: 13 16 31
Volta 75: 13 16
Volta 76: 13 16

Ranqueamento Final:
1: Ciclista 16 - 7275.42 segundos
2: Ciclista 31 - 7125.78 segundos
3: Ciclista 13 - 7125.30 segundos
4: Ciclista 1 - 6975.06 segundos
5: Ciclista 3 - 6825.06 segundos
6: Ciclista 8 - 6600.18 segundos
7: Ciclista 35 - 6375.78 segundos
8: Ciclista 9 - 6225.18 segundos
9: Ciclista 19 - 6075.42 segundos
10: Ciclista 18 - 6000.42 segundos
11: Ciclista 7 - 5775.18 segundos
12: Ciclista 17 - 5625.42 segundos
13: Ciclista 22 - 5400.54 segundos
14: Ciclista 42 - 5176.02 segundos
15: Ciclista 49 - 5026.14 segundos
16: Ciclista 6 - 4875.18 segundos
17: Ciclista 39 - 4650.90 segundos
18: Ciclista 23 - 4500.54 segundos
19: Ciclista 14 - 4350.30 segundos
20: Ciclista 11 - 4200.30 segundos
21: Ciclista 27 - 3975.66 segundos
22: Ciclista 30 - 3900.66 segundos
23: Ciclista 41 - 3601.02 segundos
24: Ciclista 46 - 3376.14 segundos
25: Ciclista 45 - 3226.02 segundos
26: Ciclista 24 - 3150.54 segundos
27: Ciclista 32 - 2850.78 segundos
28: Ciclista 33 - 2625.78 segundos
29: Ciclista 37 - 2400.90 segundos
30: Ciclista 34 - 2250.78 segundos
31: Ciclista 43 - 1951.02 segundos
32: Ciclista 47 - 1801.14 segundos
33: Ciclista 25 - 1650.54 segundos
34: Ciclista 36 - 1425.90 segundos
35: Ciclista 40 - 1200.90 segundos
36: Ciclista 38 - 1050.90 segundos
37: Ciclista 44 - 751.02 segundos
38: Ciclista 26 - 600.66 segundos
39: Ciclista 50 - 301.14 segundos

Ciclista 2 quebrou na volta 18 - 1650.00 segundos
Ciclista 4 quebrou na volta 24 - 2400.00 segundos
Ciclista 5 quebrou na volta 12 - 1125.00 segundos
Ciclista 10 quebrou na volta 48 - 4575.12 segundos
Ciclista 12 quebrou na volta 12 - 1275.24 segundos
Ciclista 15 quebrou na volta 12 - 1275.24 segundos
Ciclista 20 quebrou na volta 36 - 3600.36 segundos
Ciclista 21 quebrou na volta 18 - 1725.48 segundos
Ciclista 28 quebrou na volta 24 - 2550.60 segundos
Ciclista 29 quebrou na volta 24 - 2475.60 segundos
Ciclista 48 quebrou na volta 18 - 1876.08 segundos
