Volta 1: 2 3 4 5 1 8 6 7 10 9 15 12 11 14 13 17 18 19 20 16 22 21 25 23 24 26 30 28 27 29 33 35 34 31 32 40 36 39 38 37 41 45 42 44 43 47 49 48 46 50 51 52 53 54 55 57 58 56 60 59 62 61 63 65 64 67 68 70 69 66 75 73 74 71 72 80 76 77 78 79 83 82 84 81 85 90 89 87 88 86 94 92 93 95 91 98 99 97 96 100
Volta 2: 3 1 4 2 8 9 6 10 14 12 20 16 17 18 19 21 25 28 27 29 30 34 32 33 31 36 39 40 45 44 43 42 46 50 48 49 47 53 52 54 51 55 57 56 58 60 62 64 63 61 65 67 69 66 68 73 72 74 76 77 79 85 82 84 81 88 92 94 93 95 91 98 97 96 100 99 5 7 15 11 13 22 23 24 26 35 37 38 41 59 70 71 75 78 80 83 86 90 89 87
Volta 3: 2 1 9 10 8 6 14 18 19 17 25 30 27 32 40 36 45 44 46 52 55 54 60 56 57 64 65 68 69 73 77 76 81 82 84 88 94 91 95 93 99 96 97 100 5 3 4 11 12 15 20 16 23 24 22 21 29 28 26 34 35 33 31 38 37 39 42 41 43 50 48 47 49 53 51 58 59 63 62 61 67 66 72 74 78 80 79 83 85 90 86 92 98 7 13 70 71 75 89
Volta 4: 1 6 8 19 17 25 27 30 32 36 45 60 57 64 69 73 77 76 81 84 82 88 94 93 95 96 97 4 2 10 9 12 15 14 11 20 16 18 22 23 26 29 28 31 34 35 37 40 39 44 41 43 47 46 50 48 49 55 53 52 54 59 58 56 62 61 65 66 68 67 74 72 79 80 85 83 86 90 91 100 99 5 3 7 13 24 21 33 38 42 51 63 70 75 78 89 92 98 71
Volta 5: 1 8 17 25 27 32 36 57 64 73 76 77 94 95 93 96 2 4 6 9 12 15 14 16 20 19 18 29 28 30 35 34 37 40 43 45 46 49 48 50 52 55 58 60 65 62 61 66 69 68 67 72 74 80 79 81 82 84 83 86 90 88 91 97 99 3 10 11 13 24 23 22 26 33 31 38 39 41 44 42 47 53 54 56 59 63 70 78 85 89 92 100 5 7 21 51 75 98
Volta 6: 25 73 77 95 1 2 8 6 15 17 19 30 27 32 37 36 43 45 50 55 57 60 58 62 64 67 69 68 66 72 76 79 81 82 90 88 93 94 91 96 99 97 4 9 10 11 13 12 14 16 20 18 23 29 26 28 35 33 34 38 40 39 41 46 48 47 49 52 53 59 56 65 63 70 74 80 84 85 83 86 89 100 5 24 22 21 31 42 54 75 78 92 51 98
Volta 7: 77 2 1 6 8 19 17 25 27 32 36 37 55 57 64 67 68 69 73 72 76 82 81 90 93 95 97 96 99 4 10 9 12 11 15 14 13 20 18 23 28 29 26 30 35 34 33 40 39 38 45 41 43 48 47 46 49 50 52 53 58 60 62 63 70 66 74 79 80 84 83 85 86 88 89 91 94 5 16 24 21 22 42 54 56 59 65 78 92 100 31 51 75
Volta 8: 1 6 8 19 25 37 55 57 69 68 67 72 77 82 90 95 93 99 96 2 9 12 15 14 18 17 23 30 27 28 29 33 32 36 41 45 47 49 50 52 53 58 60 63 64 62 66 73 79 80 76 81 88 86 89 91 97 4 10 13 11 20 16 24 21 26 35 34 38 39 40 43 48 46 59 56 70 74 78 84 83 85 94 100 5 22 42 54 65 75 92 31 51
Volta 9: 1 6 8 19 25 57 68 67 72 77 82 90 93 95 2 12 15 23 29 27 28 30 32 33 37 36 45 50 49 55 60 64 62 69 73 80 79 81 88 89 86 97 96 99 9 10 14 20 16 17 18 24 26 34 39 38 40 41 43 46 47 52 53 56 58 63 70 66 74 76 84 85 91 4 13 11 22 21 35 42 48 54 59 65 75 78 83 94 92 100 5 31
Volta 10: 6 8 25 68 77 82 90 93 2 1 12 15 19 30 27 29 32 33 45 50 60 57 62 67 69 73 72 80 81 88 95 96 99 9 14 17 16 24 23 26 28 34 36 37 41 47 49 55 53 56 64 66 74 76 79 85 84 89 86 97 4 10 11 13 20 18 35 38 40 39 42 43 46 48 52 54 58 63 70 75 78 83 92 94 91 5 21 22 59 65 100 31
Volta 11: 6 8 25 68 77 2 1 15 19 30 27 32 33 45 50 57 62 67 73 80 82 88 90 93 95 9 14 12 16 23 29 28 26 34 37 41 49 47 53 55 60 56 64 69 74 72 79 76 85 81 86 89 96 99 10 11 13 18 20 17 24 35 36 38 40 39 43 48 54 52 58 66 70 75 78 84 83 94 97 4 5 22 42 46 59 63 65 91 92 100 21
Volta 12: 8 68 77 2 1 6 15 19 25 30 33 45 50 57 62 73 80 90 14 12 23 26 28 34 32 37 55 56 60 67 69 72 85 81 82 88 95 93 99 10 9 11 16 17 20 18 24 29 35 40 38 41 49 47 53 52 64 70 66 75 78 79 76 83 86 89 94 97 13 22 39 36 42 43 46 48 54 59 58 63 84 91 92 4 21 65 100
Volta 13: 8 68 77 2 1 6 15 25 45 50 57 62 90 12 14 19 23 30 28 33 56 60 69 72 73 80 85 82 88 93 99 11 16 20 18 17 24 26 29 32 34 35 37 38 41 49 47 55 53 64 67 75 78 79 81 86 89 94 95 97 9 10 13 40 39 43 52 54 58 63 66 70 76 84 83 92 22 36 42 46 48 59 65 91 4 21
Volta 14: 68 1 8 6 15 62 77 2 14 19 25 33 45 50 60 57 69 72 73 80 82 85 90 93 99 12 16 23 30 28 26 34 37 41 47 53 55 56 75 78 79 81 88 86 94 95 97 9 11 20 17 18 24 29 32 35 39 38 40 43 49 52 64 67 70 66 89 10 13 22 36 42 46 48 54 59 58 63 76 83 84 91 92 4 21 65
Volta 15: 6 15 68 77 1 2 8 14 50 60 57 62 69 72 73 80 85 90 93 12 16 19 23 25 30 26 34 33 45 53 55 56 78 81 82 88 86 95 97 99 11 17 18 29 28 35 37 39 38 41 43 47 49 52 66 67 75 79 89 94 10 9 13 20 22 24 32 40 42 48 58 59 63 64 70 76 92 4 21 36 46 54 83 84 91
Volta 16: 15 68 77 1 6 50 62 73 80 85 90 2 8 14 19 25 23 26 34 33 45 56 57 60 69 72 78 81 88 86 93 99 12 18 17 16 29 28 30 35 39 38 43 47 53 55 67 66 79 82 89 95 94 97 10 9 11 20 22 32 37 40 41 48 49 52 63 64 70 75 76 4 13 24 21 36 42 54 59 58 83 84 92 46 91
Volta 17: 15 1 6 50 62 68 73 80 77 85 90 2 8 14 26 34 45 60 57 69 81 93 99 12 19 16 25 23 33 43 47 55 53 56 67 66 72 78 88 86 95 97 9 10 11 17 18 20 22 30 28 29 35 39 38 40 41 48 49 52 70 79 76 82 89 94 13 24 32 36 37 42 58 59 63 64 75 83 84 92 4 21 46 54
Volta 18: 1 6 15 50 68 77 80 14 26 45 69 73 85 81 90 93 99 2 8 19 16 23 25 33 34 43 47 55 56 60 67 66 78 88 86 95 9 20 29 35 39 40 48 49 70 72 76 79 94 97 10 18 17 22 30 32 38 41 42 52 59 64 82 83 89 4 13 24 21 37 36 46 54 58 63 75 84 92
Volta 19: 1 50 80 77 6 15 26 45 68 69 73 85 81 90 99 8 14 19 16 23 33 34 43 55 60 56 66 67 78 88 93 95 2 9 20 25 29 35 47 48 49 79 86 97 17 22 30 32 39 38 40 41 52 64 70 72 76 82 83 89 94 10 18 24 21 36 37 42 59 58 63 75 4 13 46 54 84
Volta 20: 80 1 6 15 26 45 50 69 68 73 77 90 99 8 14 16 19 23 43 55 56 60 67 66 81 85 95 93 2 9 20 34 33 35 48 78 88 86 97 17 25 29 32 40 39 41 47 49 64 70 72 76 79 83 89 94 10 21 22 30 36 37 38 52 59 63 75 82 4 18 24 42 46 54 58 84 13
Volta 21: 80 1 6 15 50 69 77 8 16 19 23 26 45 55 60 67 68 73 81 85 90 95 99 9 14 20 33 43 48 56 66 78 88 86 93 97 2 25 29 35 34 39 49 72 76 79 94 17 22 21 30 32 36 38 37 40 41 47 52 59 64 70 75 82 83 89 4 10 18 24 42 58 63 46 54 84
Volta 22: 1 80 77 8 6 15 23 26 45 50 69 68 73 85 90 99 16 19 20 43 48 55 60 56 67 66 78 81 88 86 93 95 97 9 14 29 33 34 39 49 72 76 2 17 22 25 21 30 35 32 36 40 38 41 47 52 59 64 70 75 79 83 89 94 4 10 24 37 58 82 18 42 46 54 63 84
Volta 23: 77 80 1 6 15 23 26 45 69 85 90 8 19 16 43 50 55 60 56 68 67 66 73 81 86 88 95 93 99 97 9 14 20 34 33 49 48 72 76 78 2 21 25 22 30 29 35 39 40 36 52 75 79 89 94 10 17 32 38 41 47 59 64 70 83 4 18 24 37 42 46 58 63 82 54
Volta 24: 80 6 26 45 69 77 90 1 8 15 23 50 55 56 60 67 68 66 73 85 81 86 95 99 97 9 14 19 16 20 33 43 48 72 76 88 2 21 25 29 35 36 49 52 79 78 89 94 10 22 30 38 39 40 47 59 4 18 17 24 32 37 41 46 58 64 63 70 83 82 42 54
Volta 25: 6 26 77 80 90 8 15 23 45 55 60 69 66 68 67 73 85 81 95 97 1 14 19 20 16 33 43 50 48 56 72 76 86 88 99 9 21 49 52 79 78 89 94 2 10 22 25 30 29 35 36 39 38 47 4 17 24 32 40 37 41 46 59 58 64 70 83 82 18 42 63
Volta 26: 6 26 80 15 23 45 60 69 73 77 81 90 95 97 1 8 16 19 33 43 50 55 56 66 67 68 72 76 85 88 86 99 14 20 21 48 52 78 94 2 9 22 25 29 30 35 39 36 38 49 47 79 89 10 24 32 37 40 58 59 70 83 4 18 17 41 46 64 63 82 42
Volta 27: 6 26 80 15 69 73 77 81 90 8 19 23 33 43 45 50 60 67 68 66 72 76 85 86 95 97 99 1 14 16 20 21 48 52 55 56 78 88 94 2 9 35 36 39 38 49 79 89 10 25 22 30 29 37 40 47 59 58 70 4 17 24 32 41 46 64 63 83 18 82
Volta 28: 26 80 6 15 69 73 77 90 19 23 45 50 60 67 66 76 81 86 95 99 1 8 16 20 21 33 43 48 55 56 68 72 78 85 88 97 2 9 14 35 38 39 36 52 79 89 94 10 22 29 40 49 58 59 70 4 17 24 25 30 32 37 47 64 83 18 41 46 63 82
Volta 29: 26 6 15 73 77 80 19 60 67 69 81 90 95 99 8 21 23 33 45 50 56 68 66 72 76 86 97 2 1 14 16 20 35 36 38 43 48 52 55 78 85 88 94 10 9 39 40 59 79 89 17 24 25 22 29 30 49 47 58 64 70 83 4 18 32 37 41 46 63
Volta 30: 15 26 80 6 19 60 73 77 81 95 99 23 21 45 50 56 67 68 66 72 76 90 86 97 1 2 8 14 16 33 38 36 43 48 52 55 78 85 10 9 20 35 39 59 89 88 94 22 24 29 40 49 47 58 64 70 79 83 17 25 30 32 37 41 46 63 18
Volta 31: 15 26 80 6 19 60 73 77 99 23 45 50 67 72 76 81 90 95 97 1 2 8 14 16 21 36 48 55 52 56 68 66 85 86 10 20 33 38 39 43 59 78 88 94 9 24 22 29 35 40 47 70 79 89 17 25 30 32 37 49 58 63 64 83 41 46
Volta 32: 26 80 15 19 73 77 6 23 45 50 60 67 72 81 90 95 99 8 14 16 36 48 66 68 76 86 97 1 2 10 21 33 38 43 55 52 59 56 78 85 94 9 20 24 22 29 35 39 40 70 79 88 89 17 30 32 49 47 58 64 25 37 41 63 83 46
Volta 33: 26 80 15 73 77 6 19 50 90 95 99 8 14 16 23 36 45 48 60 67 68 66 72 76 81 86 97 1 2 21 38 43 55 52 56 59 85 94 9 10 20 24 33 40 39 70 78 88 22 30 29 32 35 49 47 58 79 89 17 25 37 41 63 64 83
Volta 34: 26 73 80 15 50 77 90 95 8 6 14 16 19 23 45 48 60 67 66 72 86 97 99 1 38 36 52 56 68 76 81 85 2 10 21 24 33 43 55 59 70 78 94 9 20 22 35 40 39 79 88 17 25 29 30 32 37 41 47 49 58 63 64 89 83
Volta 35: 26 73 80 15 77 95 6 14 16 19 23 50 48 60 67 66 72 86 90 99 1 8 38 36 45 52 56 68 76 85 81 97 2 21 24 43 55 59 70 78 94 9 10 20 22 33 39 17 25 30 29 35 40 37 47 58 63 64 79 88 32 41 49 89
Volta 36: 26 80 15 77 95 6 14 23 48 50 72 86 99 1 16 19 36 45 60 56 67 68 76 81 90 2 8 24 21 38 43 52 70 85 94 97 9 10 33 55 59 78 17 20 22 25 30 35 40 39 37 47 58 63 64 79 29 32 41 49 88 89
Volta 37: 26 15 80 95 14 50 72 77 99 6 16 23 45 48 56 60 67 68 81 86 90 2 1 8 19 21 36 38 43 52 76 97 10 24 33 59 70 78 85 94 9 17 20 25 22 30 40 39 37 47 55 63 64 79 29 32 35 58 88 41 49
Volta 38: 26 80 15 14 50 72 77 95 99 6 16 23 45 60 67 68 81 90 86 1 8 19 21 36 48 52 56 76 2 24 38 43 59 70 78 85 94 97 10 9 17 22 25 30 33 40 37 39 47 55 63 64 20 35 32 58 79 29 41 49 88
Volta 39: 26 80 15 14 77 95 16 23 50 67 72 90 99 1 8 6 21 45 48 52 60 68 76 81 86 2 19 24 38 36 43 59 56 78 97 10 9 17 22 25 39 47 55 64 63 70 85 94 20 30 33 40 37 79 32 35 49 58 29 41
Volta 40: 26 15 77 80 95 14 50 67 90 1 6 16 23 21 48 52 60 68 72 81 86 99 2 8 19 36 45 56 76 9 17 24 38 43 47 55 59 64 78 85 97 10 20 22 25 30 40 37 39 63 70 79 94 32 33 29 35 41 49 58
Volta 41: 26 15 80 77 95 14 90 1 6 16 21 23 50 48 52 67 72 86 99 36 45 60 68 76 81 2 8 9 19 17 24 38 47 55 59 56 85 97 10 22 25 30 39 37 43 64 70 78 79 94 20 33 40 63 29 35 32 41 49
Volta 42: 26 80 95 15 77 1 6 21 48 50 52 67 72 90 86 99 23 45 60 68 76 2 9 8 24 36 38 47 59 56 81 85 19 17 25 30 37 39 43 55 64 70 78 94 10 22 33 40 63 79 20 32 41 29 35 49
Volta 43: 26 15 80 77 95 6 21 48 50 52 72 90 1 23 68 67 86 99 9 8 38 36 45 56 59 60 76 85 81 2 17 19 24 47 64 94 25 22 30 37 39 43 55 70 79 78 10 20 33 40 63 29 32 41 35
Volta 44: 26 15 80 95 6 21 48 52 77 90 1 23 50 68 67 72 99 9 38 36 45 59 60 85 86 2 8 19 24 47 56 64 76 81 94 17 22 25 30 39 37 55 70 78 79 10 33 40 43 20 29 32 41 63 35
Volta 45: 26 15 80 95 6 21 48 52 77 90 1 23 68 72 99 9 36 45 50 67 86 8 19 24 38 47 60 56 59 64 76 81 85 94 2 25 30 37 39 55 70 78 10 17 22 40 79 33 43 63 20 29 32 41
Volta 46: 26 15 6 21 52 80 90 95 1 48 68 72 77 9 23 50 86 99 8 36 45 47 56 59 60 64 67 76 81 94 2 19 25 24 30 38 39 55 70 78 85 10 22 37 40 79 17 33 43 29 32 41 63 20
Volta 47: 26 15 6 21 52 80 95 1 48 68 72 77 90 9 23 86 99 8 45 50 56 60 64 67 76 81 94 2 19 24 25 39 38 36 47 55 59 70 10 30 40 37 78 85 22 43 79 17 33 32 63 29 41
Volta 48: 26 6 15 21 1 48 52 68 72 80 77 90 95 9 23 86 8 45 60 56 76 94 99 19 25 36 39 38 47 50 64 67 81 2 10 24 30 55 59 70 78 85 22 37 40 43 79 17 33 63 29 32 41
Volta 49: 26 15 21 6 48 80 77 90 95 1 52 68 72 86 9 23 60 56 99 8 19 25 36 39 45 47 50 64 67 76 81 94 2 10 30 38 59 70 78 85 24 40 37 55 22 33 43 63 79 17 32 29
Volta 50: 26 15 21 6 48 80 90 95 1 52 68 72 77 86 9 23 99 19 25 39 36 45 56 60 64 67 76 94 8 10 30 38 50 47 70 78 85 81 2 24 40 59 22 33 37 43 55 63 17 79 32 29
Volta 51: 26 15 21 80 90 1 6 48 68 72 86 95 9 23 52 77 99 19 25 36 39 60 64 67 76 94 8 10 30 45 50 47 56 78 81 85 2 24 38 59 70 22 37 40 55 63 17 33 43 79 32
Volta 52: 26 15 21 90 72 80 86 95 1 6 23 48 52 68 9 19 25 39 36 60 64 77 94 99 10 30 45 47 50 56 67 76 81 2 8 70 78 85 24 40 38 37 59 17 22 33 43 55 63 79 32
Volta 53: 26 15 21 80 90 86 1 6 48 68 72 95 9 19 23 36 39 52 60 77 94 99 25 30 45 56 64 67 76 81 2 8 10 50 47 70 78 85 24 38 40 22 37 55 59 63 79 17 33 43
Volta 54: 26 15 21 90 86 1 6 68 72 95 23 48 60 77 94 99 9 19 25 36 39 45 52 56 67 76 81 2 30 47 64 8 10 38 50 70 78 85 22 24 37 40 55 63 79 17 33 43 59
Volta 55: 26 15 21 86 1 72 90 95 6 23 68 77 99 9 19 39 36 48 52 60 76 81 94 2 25 30 45 47 56 64 67 8 10 38 50 70 78 85 22 40 37 63 17 24 33 43 55 79
Volta 56: 26 15 21 86 1 72 90 95 6 68 99 9 19 23 36 48 52 60 77 94 2 25 30 39 45 56 67 76 81 10 8 50 47 64 78 22 38 63 70 85 17 24 37 40 55 79 33 43
Volta 57: 15 26 21 86 1 72 90 6 68 95 99 23 48 52 60 77 2 9 19 30 36 56 81 94 8 25 39 45 47 64 67 76 78 10 22 38 50 63 37 40 70 79 85 17 24 55 33
Volta 58: 15 26 86 21 72 90 1 6 99 48 52 68 95 2 19 23 30 36 60 56 77 81 94 8 9 39 45 47 64 67 78 25 22 50 63 76 10 38 40 70 79 85 17 37 55 24 33
Volta 59: 15 26 86 21 1 6 72 90 99 48 68 95 2 23 36 52 56 60 77 19 30 39 45 47 64 78 81 94 9 8 22 25 50 63 67 76 10 40 38 70 79 85 17 37 55 24
Volta 60: 15 21 26 86 72 90 6 95 99 2 23 48 68 19 30 36 56 60 64 77 81 94 8 25 22 39 50 47 78 76 9 10 38 63 67 70 79 40 37 55 85 17 24
Volta 61: 15 26 86 21 90 6 72 95 68 99 2 23 36 48 60 56 64 77 8 19 25 22 30 39 50 47 76 81 94 9 63 67 70 78 10 40 37 38 55 79 85 17
Volta 62: 15 26 86 21 90 6 72 95 48 60 56 64 68 77 99 2 19 25 22 23 36 47 50 76 81 8 9 30 39 63 67 78 94 40 38 55 70 79 85 10 17 37
Volta 63: 15 86 26 21 72 90 6 95 48 60 64 68 77 99 2 19 22 25 36 56 76 81 9 8 23 30 39 50 47 63 67 78 40 70 79 85 94 10 17 38 55
Volta 64: 15 26 86 21 90 6 72 95 48 64 77 99 19 22 36 56 60 68 76 81 2 25 30 50 47 63 78 9 8 23 39 70 67 79 85 94 10 17 38 40 55
Volta 65: 15 26 86 21 90 6 72 77 95 99 19 48 56 60 64 68 76 25 22 36 50 63 78 81 2 8 9 30 39 47 70 67 79 85 10 17 23 38 40 94
Volta 66: 15 86 21 26 6 90 72 77 95 99 19 48 64 68 76 25 22 36 56 60 78 81 2 8 9 39 50 47 63 70 17 23 30 67 85 94 10 38 40
Volta 67: 15 86 21 26 6 90 72 95 99 19 77 25 36 48 60 56 64 68 78 76 81 2 9 22 39 50 63 70 8 17 30 47 85 94 23 38 67 10
Volta 68: 15 86 6 21 26 90 72 99 19 77 95 25 48 56 64 68 76 78 9 22 36 39 60 70 81 2 8 17 30 47 50 63 85 23 67 94 10 38
Volta 69: 15 86 21 26 90 6 72 77 95 99 19 48 64 68 78 25 22 36 56 76 9 17 30 39 47 60 63 70 81 2 8 23 50 85 94 67 10
Volta 70: 15 86 21 90 26 6 72 77 95 99 68 78 19 22 25 48 64 76 9 17 36 39 56 60 70 81 2 8 23 30 47 63 85 94 50 67 10
Volta 71: 86 15 21 90 26 6 72 77 95 99 25 22 48 64 68 76 78 17 19 39 36 81 8 9 23 30 47 60 56 63 70 85 94 2 50 67
Volta 72: 15 90 6 26 77 72 95 22 68 76 78 17 19 25 64 81 9 8 30 39 36 56 60 85 94 2 23 47 63 70 50 67
Volta 73: 90 15 6 26 77 72 78 76 95 19 17 25 22 64 68 8 30 39 36 60 56 81 85 94 2 9 23 63 50 47 70
Volta 74: 90 15 6 26 72 77 95 17 68 78 76 19 25 22 39 56 64 85 81 94 8 9 30 36 60 2 23 63 70 50 47
Volta 75: 90 6 15 26 72 77 17 78 76 95 19 25 22 39 56 64 68 85 81 94 8 9 30 36 2 23 60 63 70 50
Volta 76: 90 15 6 26 77 72 17 76 19 25 39 56 68 78 85 95 9 8 22 30 36 64 81 94 2 60 23 63 70 50
Volta 77: 90 15 6 26 72 77 17 56 68 76 85 8 9 19 25 22 30 39 64 78 81 94 95 36 60 2 23 63 70
Volta 78: 15 90 6 26 77 72 56 76 8 9 19 22 25 30 39 64 68 78 85 95 94 36 60 81 2 63 70
Volta 79: 90 15 6 26 72 77 8 9 19 22 56 78 76 85 95 25 30 39 36 64 68 81 94 2 60 63
Volta 80: 15 90 6 26 72 77 9 22 56 78 76 85 8 19 25 30 64 81 94 95 2 39 36 60 68 63
Volta 81: 15 6 26 90 77 72 9 22 56 76 85 8 25 30 64 78 95 2 19 36 60 68 81 94 39
Volta 82: 15 26 90 6 77 72 9 22 85 8 30 56 64 76 2 19 25 36 60 68 78 81 94 95 39
Volta 83: 15 90 26 6 72 77 9 22 85 8 30 56 64 2 25 36 60 68 76 78 94 19 81 95
Volta 84: 15 90 26 6 77 9 22 72 30 64 85 2 8 25 60 56 68 78 94 36 76 81 95 19
Volta 85: 15 26 90 6 77 22 9 72 85 2 8 30 56 60 64 68 78 25 81 95 94 36 76
Volta 86: 15 6 26 77 90 22 9 85 2 8 30 56 64 72 78 25 60 68 81 36 94 95 76
Volta 87: 15 26 77 90 6 22 85 9 8 30 56 64 72 78 2 25 60 36 68 81 94 95
Volta 88: 15 26 77 6 22 90 85 9 30 64 78 8 25 56 72 2 60 68 81 94 36 95
Volta 89: 15 26 77 6 22 85 90 30 78 9 8 56 64 72 25 2 36 60 68 81 94
Volta 90: 26 15 77 6 22 85 90 78 8 30 64 72 9 25 56 2 60 68 81 94 36
Volta 91: 15 26 77 6 22 85 90 64 72 78 8 9 25 30 56 2 68 81 94 60
Volta 92: 15 26 77 22 85 90 6 64 78 8 9 30 56 72 2 25 68 81 94 60
Volta 93: 15 26 77 90 22 64 85 8 6 9 56 72 78 25 30 2 68 81 94
Volta 94: 15 26 77 90 22 85 6 9 56 64 78 8 25 72 30 94 2 68 81
Volta 95: 15 26 77 22 90 9 6 64 85 8 56 72 78 25 30 68 94 2
Volta 96: 15 77 26 22 90 9 6 64 85 8 56 72 78 30 68 94 2
Volta 97: 15 77 26 6 22 85 90 9 8 56 64 72 78 30 94 68
Volta 98: 77 15 26 6 22 9 64 72 85 90 8 56 78 94 30 68
Volta 99: 77 26 15 22 6 9 64 85 90 8 56 72 78 30 94
Volta 100: 77 15 26 22 6 9 85 90 64 72 8 56 78 94 30
Volta 101: 77 26 15 22 9 6 85 90 8 56 64 72 78 94
Volta 102: 77 15 22 26 9 90 6 85 64 72 8 56 78 94
Volta 103: 15 26 77 9 22 6 85 90 64 8 56 72 78
Volta 104: 26 77 15 22 6 9 90 64 85 56 72 8 78
Volta 105: 26 15 77 9 6 22 90 64 85 8 56 72
Volta 106: 26 15 22 77 6 9 64 90 85 56 72 8
Volta 107: 26 15 22 77 6 9 64 90 72 85 56
Volta 108: 26 15 77 6 22 9 64 90 85 56 72
Volta 109: 26 15 6 22 77 64 90 9 85 56
Volta 110: 26 6 15 22 77 9 64 90 85 56
Volta 111: 26 6 15 77 22 64 90 9 85
Volta 112: 26 6 15 77 22 64 9 85 90
Volta 113: 26 6 15 77 22 9 64 85
Volta 114: 6 15 22 9 85
Volta 115: 15 6 22 9
Volta 116: 15 6 22 9
Volta 117: 15 6 22
Volta 118: 15 6 22
Volta 119: 15 6
Volta 120: 6 15

Ranqueamento Final:
1: Ciclista 15 - 11625.30 segundos
2: Ciclista 6 - 11625.18 segundos
3: Ciclista 22 - 11550.54 segundos
4: Ciclista 9 - 11400.18 segundos
5: Ciclista 85 - 11251.98 segundos
6: Ciclista 90 - 11027.10 segundos
7: Ciclista 56 - 10951.38 segundos
8: Ciclista 72 - 10726.74 segundos
9: Ciclista 8 - 10575.18 segundos
10: Ciclista 78 - 10351.86 segundos
11: Ciclista 94 - 10127.22 segundos
12: Ciclista 30 - 10050.66 segundos
13: Ciclista 68 - 9826.62 segundos
14: Ciclista 2 - 9675.06 segundos
15: Ciclista 81 - 9451.98 segundos
16: Ciclista 60 - 9301.38 segundos
17: Ciclista 36 - 9075.90 segundos
18: Ciclista 95 - 8852.22 segundos
19: Ciclista 76 - 8701.86 segundos
20: Ciclista 19 - 8475.42 segundos
21: Ciclista 39 - 8250.90 segundos
22: Ciclista 63 - 8101.50 segundos
23: Ciclista 70 - 7950.54 segundos
24: Ciclista 50 - 7801.14 segundos
25: Ciclista 47 - 7576.14 segundos
26: Ciclista 67 - 7351.62 segundos
27: Ciclista 10 - 7200.18 segundos
28: Ciclista 38 - 6975.90 segundos
29: Ciclista 40 - 6750.90 segundos
30: Ciclista 55 - 6526.26 segundos
31: Ciclista 37 - 6375.90 segundos
32: Ciclista 24 - 6300.54 segundos
33: Ciclista 33 - 6075.78 segundos
34: Ciclista 43 - 5851.02 segundos
35: Ciclista 59 - 5626.38 segundos
36: Ciclista 32 - 5550.78 segundos
37: Ciclista 29 - 5400.66 segundos
38: Ciclista 41 - 5176.02 segundos
39: Ciclista 20 - 4950.42 segundos
40: Ciclista 35 - 4725.78 segundos
41: Ciclista 49 - 4576.14 segundos
42: Ciclista 58 - 4276.38 segundos
43: Ciclista 88 - 4052.10 segundos
44: Ciclista 89 - 3827.10 segundos
45: Ciclista 83 - 3676.98 segundos
46: Ciclista 46 - 3526.14 segundos
47: Ciclista 18 - 3300.42 segundos
48: Ciclista 82 - 3076.98 segundos
49: Ciclista 42 - 2926.02 segundos
50: Ciclista 54 - 2701.26 segundos
51: Ciclista 84 - 2476.98 segundos
52: Ciclista 13 - 2325.30 segundos
53: Ciclista 92 - 2027.22 segundos
54: Ciclista 91 - 1877.22 segundos
55: Ciclista 65 - 1651.50 segundos
56: Ciclista 100 - 1427.34 segundos
57: Ciclista 31 - 1350.78 segundos
58: Ciclista 51 - 1051.26 segundos
59: Ciclista 98 - 827.34 segundos
60: Ciclista 71 - 601.74 segundos
61: Ciclista 87 - 302.10 segundos

Ciclista 1 quebrou na volta 60 - 5700.00 segundos
Ciclista 3 quebrou na volta 6 - 750.00 segundos
Ciclista 4 quebrou na volta 30 - 3225.00 segundos
Ciclista 5 quebrou na volta 12 - 1425.00 segundos
Ciclista 7 quebrou na volta 6 - 750.12 segundos
Ciclista 11 quebrou na volta 18 - 1875.24 segundos
Ciclista 12 quebrou na volta 18 - 1800.24 segundos
Ciclista 14 quebrou na volta 42 - 3975.24 segundos
Ciclista 16 quebrou na volta 42 - 4050.36 segundos
Ciclista 17 quebrou na volta 78 - 7575.36 segundos
Ciclista 21 quebrou na volta 72 - 6825.48 segundos
Ciclista 23 quebrou na volta 78 - 7950.48 segundos
Ciclista 25 quebrou na volta 96 - 9525.48 segundos
Ciclista 26 quebrou na volta 114 - 10800.60 segundos
Ciclista 27 quebrou na volta 12 - 1200.60 segundos
Ciclista 28 quebrou na volta 18 - 1875.60 segundos
Ciclista 34 quebrou na volta 24 - 2400.72 segundos
Ciclista 44 quebrou na volta 6 - 675.96 segundos
Ciclista 45 quebrou na volta 60 - 5925.96 segundos
Ciclista 48 quebrou na volta 72 - 7126.08 segundos
Ciclista 52 quebrou na volta 60 - 5851.20 segundos
Ciclista 53 quebrou na volta 18 - 1801.20 segundos
Ciclista 57 quebrou na volta 18 - 1726.32 segundos
Ciclista 61 quebrou na volta 6 - 601.44 segundos
Ciclista 62 quebrou na volta 18 - 1651.44 segundos
Ciclista 64 quebrou na volta 114 - 11176.44 segundos
Ciclista 66 quebrou na volta 36 - 3451.56 segundos
Ciclista 69 quebrou na volta 30 - 2851.56 segundos
Ciclista 73 quebrou na volta 36 - 3376.68 segundos
Ciclista 74 quebrou na volta 12 - 1201.68 segundos
Ciclista 75 quebrou na volta 24 - 2551.68 segundos
Ciclista 77 quebrou na volta 114 - 11026.80 segundos
Ciclista 79 quebrou na volta 66 - 6601.80 segundos
Ciclista 80 quebrou na volta 54 - 5101.80 segundos
Ciclista 86 quebrou na volta 72 - 6677.04 segundos
Ciclista 93 quebrou na volta 24 - 2327.16 segundos
Ciclista 96 quebrou na volta 12 - 1202.28 segundos
Ciclista 97 quebrou na volta 42 - 4202.28 segundos
Ciclista 99 quebrou na volta 72 - 6977.28 segundos
