Volta 1: 5 4 3 2 1 8 7 10 6 9 14 11 12 15 13 20 18 16 17 19 25 22 24 23 21 26 30 29 27 28 32 35 34 31 33 40 39 38 37 36 43 41 42 44 45 46 50 49 47 48
Volta 2: 1 3 2 9 10 7 6 8 14 13 15 11 19 18 20 24 21 22 25 23 28 30 31 35 34 32 40 37 41 42 43 44 48 50 46 49 47 4 5 12 17 16 29 26 27 33 36 38 39 45
Volta 3: 1 2 7 8 11 15 13 19 28 30 35 43 44 50 4 3 10 9 6 14 12 17 20 16 18 25 22 24 21 23 26 29 27 33 31 32 34 39 40 37 38 41 42 47 49 46 48 5 36
Volta 4: 1 2 7 8 15 19 43 44 4 3 10 6 14 11 13 18 20 16 17 22 25 23 21 29 28 27 30 26 33 31 35 38 40 42 41 49 48 50 46 47 5 9 12 24 32 34 37 39 36
Volta 5: 1 7 19 43 3 2 6 8 10 14 11 13 15 16 18 25 23 28 26 27 30 35 40 44 50 5 4 20 17 24 22 21 29 34 33 31 37 38 41 42 47 46 48 49 9 12 32 39
Volta 6: 1 8 6 10 15 13 11 14 19 16 25 26 30 35 44 43 50 5 3 2 4 18 17 22 24 21 28 27 31 38 40 41 49 48 46 12 20 29 32 34 33 39 42 9
Volta 7: 1 10 14 13 15 16 19 25 44 43 50 4 3 5 6 8 11 17 18 22 24 27 28 30 26 31 35 38 40 41 46 2 20 21 29 32 34 33 42 48 49 12 39
Volta 8: 10 14 13 15 19 16 25 44 43 50 3 1 6 8 11 17 18 22 30 28 35 31 40 4 5 2 21 24 26 29 27 32 34 38 41 49 48 46 12 20 33 39 42
Volta 9: 10 14 15 13 16 44 50 1 6 8 17 19 18 25 22 28 30 35 40 43 4 5 3 11 21 24 26 29 27 31 34 38 41 48 46 49 2 20 32 33 12 39
Volta 10: 10 13 14 50 1 15 16 19 17 18 25 28 44 43 3 5 4 8 6 11 22 21 29 30 27 26 31 35 40 41 46 49 2 20 24 34 32 33 38 48 12 39
Volta 11: 13 14 50 1 10 15 16 19 17 25 28 5 8 6 11 18 22 21 29 30 27 40 43 44 41 46 49 4 2 3 20 24 26 31 34 35 32 33 38 48 12
Volta 12: 13 10 14 16 17 28 50 5 8 15 11 19 18 22 25 21 30 27 43 4 6 24 26 29 35 31 40 44 46 49 2 3 32 33 38 48 12
Volta 13: 10 13 16 17 8 14 11 21 22 25 27 30 28 50 4 5 6 15 18 19 24 29 31 35 40 44 43 46 49 3 2 26 32 33 38 48
Volta 14: 13 10 8 14 16 17 21 30 27 28 50 6 15 11 19 18 25 22 31 35 43 46 49 2 4 5 24 29 26 40 38 44 3 33 32 48
Volta 15: 10 8 14 13 16 17 21 27 6 11 19 22 25 28 30 31 43 49 46 50 5 15 18 24 26 29 35 40 38 44 2 4 3 32 33
Volta 16: 10 8 13 14 16 21 27 17 22 25 30 28 43 49 5 6 11 19 18 29 26 31 40 38 44 50 46 3 2 4 15 24 35 32 33
Volta 17: 13 16 21 27 8 10 14 17 22 25 28 30 43 6 11 18 19 29 38 40 44 49 46 50 5 24 26 31 35 3 4 2 15 32
Volta 18: 13 16 10 8 14 17 22 21 30 28 27 19 18 25 43 44 49 50 5 6 11 24 29 35 38 46 3 4 2 15 32 31
Volta 19: 13 16 10 8 17 22 21 28 27 30 14 19 25 50 18 29 35 38 43 44 49 3 2 5 6 15 11 24 32 46 4
Volta 20: 13 16 21 28 8 10 14 17 25 22 30 27 19 18 35 44 49 50 5 2 6 11 29 38 43 3 15 24 32 46 4
Volta 21: 13 16 21 28 8 14 25 30 27 10 17 18 22 35 2 6 11 19 29 38 44 43 50 49 3 5 15 32 46 24
Volta 22: 13 16 21 27 28 30 8 10 14 17 18 22 25 35 6 11 19 38 44 49 50 2 3 5 29 32 43 46 15 24
Volta 23: 13 21 16 27 30 14 18 17 22 25 28 8 6 10 11 19 35 38 50 3 5 2 32 44 46 49 15 29 43
Volta 24: 13 21 16 27 30 18 17 25 28 8 10 11 14 19 22 35 38 50 5 2 6 32 44 46 49 3 15 29 43
Volta 25: 13 16 21 30 17 25 27 8 10 14 18 28 35 5 6 11 19 22 38 44 50 3 2 15 29 32 46 49
Volta 26: 13 21 16 17 25 27 30 8 14 28 35 10 6 11 19 18 22 38 44 50 3 5 29 32 46 49 2 15
Volta 27: 13 21 25 27 14 16 17 30 28 8 10 18 35 38 50 5 6 11 19 22 32 44 46 3 29 49 2
Volta 28: 13 21 25 14 17 16 28 27 30 10 8 38 50 5 6 11 19 18 35 44 46 3 22 32 49 2 29
Volta 29: 21 13 25 16 17 27 30 28 10 8 14 50 11 18 35 38 44 46 5 6 19 22 2 3 32 49
Volta 30: 13 25 21 17 16 28 14 27 50 10 8 18 38 44 46 5 6 11 19 3 22 32 49 2
Volta 31: 13 21 17 25 14 16 28 27 8 10 38 46 50 6 11 19 18 44 3 5 22 32 49
Volta 32: 13 21 25 14 17 16 27 28 10 38 50 46 6 8 19 44 3 5 11 18 32 49 22
Volta 33: 13 21 14 17 25 28 27 10 16 50 8 19 38 46 5 6 11 18 32 44 3 49
Volta 34: 13 14 17 21 25 27 10 16 28 50 8 19 38 5 6 11 18 32 44 46 49 3
Volta 35: 13 14 21 27 10 17 16 25 28 8 19 50 5 6 38 44 46 11 18 32 49
Volta 36: 13 14 21 27 10 16 19 17 28 50 5 6 8 44 11 18 32 38 46 49
Volta 37: 13 14 21 27 10 17 28 50 6 16 19 5 8 11 18 32 38 44 46
Volta 38: 14 13 21 27 50 10 6 17 16 19 28 38 5 8 11 18 32 44 46
Volta 39: 13 14 21 27 50 19 6 10 17 16 28 5 11 18 32 38 44 8
Volta 40: 13 14 21 27 50 10 19 16 17 28 6 11 18 32 38 44 5 8
Volta 41: 14 13 21 27 50 10 17 6 18 19 16 28 38 5 11 32 44
Volta 42: 13 14 21 27 50 10 17 16 19 28 5 6 11 18 32 38 44
Volta 43: 14 13 21 27 17 50 10 16 19 5 6 11 18 28 32 38
Volta 44: 14 13 21 17 27 50 10 16 5 19 18 28 6 11 32 38
Volta 45: 14 21 13 17 27 50 5 10 19 16 18 28 6 11 32
Volta 46: 14 21 13 27 17 50 5 19 18 16 28 6 10 32 11
Volta 47: 14 21 13 17 27 50 5 18 16 19 28 10 6 32
Volta 48: 14 21 13 17 27 50 5 16 18 19 10 6 28 32
Volta 49: 14 21 13 17 27 50 5 16 18 10 6 19 28
Volta 50: 14 13 21 17 27 50 5 18 16 6 19 10 28
Volta 51: 14 13 21 17 50 18 27 5 16 6 10 19
Volta 52: 14 13 17 21 50 18 27 5 10 6 16 19
Volta 53: 14 13 17 18 21 50 27 5 6 16 10
Volta 54: 14 13 17 21 50 18 27 5 10 6 16
Volta 55: 14 13 17 18 21 50 5 27 6 10
Volta 56: 14 13 21 50 18 17 27 5 6 10
Volta 57: 14 13 50 18 21 27 5 6 17
Volta 58: 14 50 13 21 27 5 6 17 18
Volta 59: 14 50 13 21 5 6 27 17
Volta 60: 14 50 13 21 5 27 17
Volta 61: 14 50 21 5 13 27
Volta 62: 14 50 13 21 5 27
Volta 63: 14 50 21 5 13
Volta 64: 14 50 5 13 21
Volta 65: 14 50 5 13
Volta 66: 14 50 5 13
Volta 67: 14 50 5
Volta 68: 14 5 50
Volta 69: 14 5
Volta 70: 14 5

Ranqueamento Final:
1: Ciclista 5 - 1365.06 segundos
2: Ciclista 50 - 1321.14 segundos
3: Ciclista 14 - 1305.30 segundos
4: Ciclista 13 - 1305.30 segundos
5: Ciclista 21 - 1260.54 segundos
6: Ciclista 27 - 1245.66 segundos
7: Ciclista 17 - 1200.42 segundos
8: Ciclista 18 - 1155.42 segundos
9: Ciclista 10 - 1140.18 segundos
10: Ciclista 16 - 1095.42 segundos
11: Ciclista 19 - 1050.42 segundos
12: Ciclista 28 - 1020.66 segundos
13: Ciclista 32 - 975.78 segundos
14: Ciclista 11 - 945.30 segundos
15: Ciclista 38 - 900.90 segundos
16: Ciclista 44 - 856.02 segundos
17: Ciclista 8 - 825.18 segundos
18: Ciclista 46 - 781.14 segundos
19: Ciclista 49 - 751.14 segundos
20: Ciclista 3 - 720.06 segundos
21: Ciclista 22 - 675.54 segundos
22: Ciclista 2 - 645.06 segundos
23: Ciclista 29 - 600.66 segundos
24: Ciclista 15 - 555.30 segundos
25: Ciclista 43 - 511.02 segundos
26: Ciclista 24 - 480.54 segundos
27: Ciclista 4 - 450.06 segundos
28: Ciclista 31 - 390.78 segundos
29: Ciclista 33 - 360.78 segundos
30: Ciclista 48 - 316.14 segundos
31: Ciclista 12 - 300.30 segundos
32: Ciclista 39 - 240.90 segundos
33: Ciclista 42 - 196.02 segundos
34: Ciclista 9 - 165.18 segundos
35: Ciclista 36 - 105.90 segundos
36: Ciclista 45 - 61.02 segundos

Ciclista 1 quebrou na volta 12 - 240.00 segundos
Ciclista 6 quebrou na volta 60 - 1200.12 segundos
Ciclista 7 quebrou na volta 6 - 105.12 segundos
Ciclista 20 quebrou na volta 12 - 255.36 segundos
Ciclista 23 quebrou na volta 6 - 120.48 segundos
Ciclista 25 quebrou na volta 36 - 690.48 segundos
Ciclista 26 quebrou na volta 18 - 375.60 segundos
Ciclista 30 quebrou na volta 30 - 570.60 segundos
Ciclista 34 quebrou na volta 12 - 255.72 segundos
Ciclista 35 quebrou na volta 30 - 600.72 segundos
Ciclista 37 quebrou na volta 6 - 135.84 segundos
Ciclista 40 quebrou na volta 18 - 360.84 segundos
Ciclista 41 quebrou na volta 12 - 255.96 segundos
Ciclista 47 quebrou na volta 6 - 151.08 segundos
