Volta 1: 2 5 3 1 4 6 9 10 7 8 11 13 14 12 15 18 17 19 20 16 22 24 21 23 25 30 29 28 27 26 33 32 35 34 31 39 40 36 37 38 42 44 41 45 43 48 46 49 47 50 54 55 53 51 52 59 58 56 60 57 63 64 61 65 62 67 68 70 69 66 71 73 72 75 74 79 76 78 80 77 83 84 85 82 81 87 89 86 88 90 95 91 92 93 94 100 98 99 96 97
Volta 2: 3 1 8 6 7 9 13 12 19 20 16 23 24 21 22 27 26 28 30 29 31 35 34 37 39 36 38 42 43 45 44 49 46 50 48 53 54 52 51 55 59 60 57 56 65 63 64 61 62 68 69 70 67 73 72 71 74 75 76 78 77 80 79 83 85 81 82 87 90 88 89 86 94 92 95 97 100 98 99 96 2 5 4 10 11 14 15 18 17 25 33 32 40 41 47 58 66 84 91 93
Volta 3: 1 6 7 9 12 16 23 22 21 24 26 28 34 35 37 39 38 36 44 45 49 50 51 54 56 60 57 62 65 64 63 70 67 73 72 71 75 74 76 79 80 77 85 82 87 90 88 89 95 94 92 100 3 4 8 10 13 15 14 11 19 20 17 25 27 30 29 32 31 33 40 41 43 42 47 48 46 53 55 52 59 61 69 68 66 78 81 83 84 86 91 97 96 98 99 2 5 18 58
Volta 4: 6 16 24 22 21 23 28 26 35 34 37 36 39 45 50 49 54 51 57 60 56 62 64 65 63 67 72 74 75 77 76 79 80 82 87 89 88 95 92 94 4 3 1 9 7 10 11 13 15 12 19 20 30 29 31 32 38 42 43 41 44 47 48 46 55 53 59 70 69 66 71 73 78 81 83 84 85 90 86 91 97 96 98 100 5 8 14 17 25 27 33 40 52 58 61 68 99 2 18
Volta 5: 16 24 23 21 28 26 36 37 45 50 51 60 57 56 63 62 64 75 79 87 94 92 95 1 4 7 10 9 6 13 15 11 12 20 19 22 30 34 31 35 38 39 42 41 43 44 49 48 54 59 65 67 70 74 73 72 71 78 76 77 80 82 84 85 90 89 88 100 96 98 5 3 8 14 17 27 29 32 33 40 47 46 55 53 52 61 68 66 69 81 83 86 91 97 99 2 25 58
Volta 6: 16 23 21 28 36 37 51 60 57 64 62 75 79 95 92 10 9 7 11 12 20 19 22 24 26 30 35 34 31 38 39 42 48 49 50 54 59 56 63 70 73 72 74 76 80 78 77 82 84 85 90 87 94 98 100 3 4 1 6 13 15 27 29 32 44 41 47 55 53 67 66 69 71 81 88 89 86 99 97 96 8 14 33 40 46 52 58 61 83 91 2 25
Volta 7: 16 21 28 37 36 51 57 60 64 62 79 95 7 10 11 12 20 24 23 22 30 31 39 42 49 48 50 54 56 63 70 74 72 73 75 77 78 80 87 92 94 98 1 6 9 13 15 19 27 26 29 35 34 38 41 55 53 59 67 69 71 76 84 85 82 86 90 88 100 99 96 4 3 8 32 33 40 44 46 47 52 61 66 81 83 89 91 97 2 14 58
Volta 8: 21 28 36 37 64 79 10 7 11 12 16 20 22 24 30 31 50 49 51 54 56 60 57 62 70 75 80 77 94 95 9 6 13 15 23 26 34 38 39 41 42 48 53 59 63 67 72 74 73 78 76 85 82 84 90 87 86 92 100 98 96 99 1 3 4 19 29 27 35 32 40 44 55 52 61 66 69 71 83 81 89 88 91 97 8 14 33 46 47 58 2
Volta 9: 21 28 64 10 7 16 24 31 37 36 60 56 57 62 70 77 79 80 94 95 11 12 13 15 20 22 26 30 34 38 39 41 42 49 50 51 53 54 59 63 73 72 75 74 76 78 84 92 99 98 96 100 3 1 9 6 19 23 27 32 40 44 48 55 61 66 67 71 85 82 81 90 86 87 91 97 4 8 29 35 33 46 47 52 69 83 88 89 14 58
Volta 10: 21 28 24 37 36 56 64 62 80 77 79 95 10 7 11 12 20 16 30 26 31 39 38 41 49 51 54 53 57 60 59 63 70 73 72 75 78 76 94 92 96 100 1 6 13 15 19 22 34 32 40 42 44 48 50 61 66 67 74 84 85 81 90 86 91 98 99 97 3 4 9 23 27 29 33 47 52 55 71 82 83 89 88 87 8 14 35 46 69 58
Volta 11: 28 21 37 36 64 77 80 79 95 10 11 16 20 24 31 51 59 60 56 57 63 62 70 73 72 75 78 92 94 100 1 6 7 15 12 13 19 22 26 30 32 34 39 40 38 42 41 49 50 48 53 54 66 74 76 84 81 99 98 96 3 4 33 44 47 55 52 61 67 71 83 85 86 87 89 90 91 97 9 23 27 29 35 69 82 88 8 14 46
Volta 12: 28 21 36 37 64 77 79 95 20 16 31 51 56 60 57 62 72 73 75 78 80 92 100 1 7 10 15 11 24 22 26 30 34 38 42 48 50 49 54 53 59 63 70 76 98 96 4 3 6 12 13 19 33 32 40 39 41 52 55 61 66 67 81 84 83 85 86 89 87 90 91 97 99 9 35 44 47 69 71 82 8 14 23 27 29 88 46
Volta 13: 28 36 37 79 77 95 20 21 51 60 57 62 64 75 73 80 1 10 11 15 16 24 34 31 38 42 49 48 54 59 56 63 70 72 76 78 92 100 98 4 6 7 19 22 30 26 33 32 40 39 41 50 52 53 66 67 85 89 90 87 91 96 99 97 3 12 13 35 44 47 55 61 71 83 81 84 82 86 8 9 23 29 69 88 14 27
Volta 14: 28 37 36 79 95 51 57 60 64 62 73 75 80 77 11 20 21 24 31 42 56 63 70 72 100 98 4 1 10 7 15 16 22 30 26 34 32 38 39 41 50 49 48 54 53 52 59 76 78 89 87 90 91 92 99 96 97 3 6 12 19 33 40 55 61 67 66 71 84 85 86 13 23 29 35 44 47 69 82 81 83 88 9 8 14 27
Volta 15: 28 36 79 95 37 60 57 62 75 80 11 24 21 51 63 64 73 72 77 98 100 1 7 10 16 20 22 34 32 31 39 42 41 49 48 54 53 52 59 56 70 76 89 90 92 97 99 96 4 6 15 19 30 26 33 38 40 50 55 61 67 66 71 78 84 86 87 91 3 12 13 29 44 47 69 83 81 82 85 8 14 23 35 88 9
Volta 16: 36 79 95 28 37 57 75 80 11 24 21 60 64 62 63 72 73 77 98 10 20 34 32 31 42 51 52 53 56 70 76 90 100 96 4 1 7 15 16 19 22 26 33 40 39 41 50 48 49 54 59 67 71 78 84 86 87 89 91 92 97 99 6 13 30 29 38 47 55 61 66 69 82 81 85 83 3 8 12 14 23 35 44 88 9
Volta 17: 79 95 28 36 57 21 37 60 64 62 75 80 77 98 10 11 20 24 31 42 51 63 70 72 73 76 90 100 4 1 7 15 19 16 22 26 34 32 33 39 40 41 50 49 48 53 54 52 59 56 67 87 89 92 96 99 30 38 47 55 61 69 66 71 78 84 81 85 83 86 91 97 3 6 12 13 23 29 35 44 82 8 14 88
Volta 18: 95 28 36 79 21 37 60 57 64 62 75 77 20 24 31 42 51 63 70 73 72 80 90 98 100 10 15 11 19 22 34 32 33 40 39 49 48 50 52 53 54 56 67 76 87 96 4 1 7 16 41 59 61 69 66 78 83 85 84 81 89 86 91 92 97 99 3 6 13 12 29 38 44 47 55 71 8 14 23 35 82 88
Volta 19: 95 28 21 36 57 64 62 75 77 79 31 37 42 51 60 63 70 72 80 90 98 100 10 11 15 20 22 24 33 34 32 40 49 48 50 53 52 67 73 76 87 96 1 4 7 16 19 39 41 54 56 59 61 69 66 85 84 81 89 99 3 38 44 47 55 78 83 86 92 91 97 6 8 13 14 12 23 29 35 71 82
Volta 20: 95 28 36 57 62 64 79 21 37 51 60 72 75 77 80 90 98 11 15 20 24 34 31 33 40 42 48 49 50 63 67 70 73 87 96 100 1 7 10 16 19 22 32 39 41 52 53 54 59 69 66 76 85 89 4 38 47 55 56 61 78 84 83 81 86 91 92 99 3 6 13 12 14 23 29 44 71 97 8 35 82
Volta 21: 95 28 57 62 21 37 36 51 60 64 75 79 98 11 15 24 31 42 49 50 63 72 80 77 87 90 96 100 1 7 10 20 22 33 32 34 40 39 41 48 54 53 52 69 70 66 67 73 89 4 19 16 38 47 59 61 78 76 84 81 85 86 92 91 3 13 14 23 29 55 56 71 83 97 99 8 6 12 35 44
Volta 22: 95 28 57 37 36 62 64 79 98 15 24 21 31 51 60 63 72 75 77 80 87 90 1 10 7 11 22 34 39 40 41 42 50 49 48 54 67 69 70 73 89 100 96 4 16 19 20 32 33 38 53 52 59 66 78 84 85 86 92 91 3 13 29 47 56 61 71 76 81 83 99 97 6 14 12 23 35 44 55 8
Volta 23: 95 28 36 57 62 98 21 24 37 51 60 64 63 72 75 79 77 80 90 1 7 15 11 22 31 34 39 42 49 50 70 67 89 87 96 100 4 10 32 40 38 41 48 54 69 73 85 86 92 13 20 16 19 29 33 47 52 53 59 56 66 78 76 84 81 83 91 3 14 23 35 44 55 61 71 97 99 6 12
Volta 24: 95 28 36 62 21 24 37 51 57 60 64 63 75 72 79 90 98 1 7 15 11 22 31 34 39 50 67 70 77 80 87 96 10 40 41 42 54 73 89 100 4 13 19 16 20 29 32 33 48 53 59 56 66 69 76 78 81 84 86 92 23 44 47 55 52 61 83 91 99 3 6 14 12 35 71 97
Volta 25: 95 36 24 21 28 37 51 57 64 62 75 90 98 1 22 34 31 39 60 63 67 72 79 80 87 10 7 15 11 42 50 54 70 73 77 89 96 100 4 13 16 19 20 32 40 41 53 59 56 69 76 84 81 92 29 33 44 48 47 52 55 61 66 78 83 86 91 99 3 6 12 14 23 71 35
Volta 26: 95 36 24 21 28 37 51 62 75 98 31 39 60 57 64 63 67 72 79 87 90 1 10 7 15 11 22 34 42 50 73 77 80 89 96 13 20 16 19 32 40 41 54 59 70 69 76 84 100 4 29 33 48 53 52 55 56 66 81 83 86 92 91 99 6 14 23 44 47 61 71 78 3 12 35
Volta 27: 95 24 28 36 75 98 21 31 37 51 57 62 63 64 79 90 87 1 7 10 22 34 39 42 50 60 67 73 72 80 77 11 15 19 16 20 32 54 70 69 76 89 96 100 4 13 40 41 48 55 53 52 59 56 66 84 81 86 6 14 23 29 33 47 61 71 83 92 91 99 3 12 44 78
Volta 28: 95 24 36 75 98 21 28 31 37 51 57 62 79 87 1 10 7 22 39 60 64 63 72 80 77 90 11 20 16 19 32 34 42 50 67 70 73 76 89 96 100 4 13 15 40 41 48 55 54 56 59 69 66 84 86 14 23 47 52 53 61 71 81 83 92 3 6 29 33 44 78 91 99 12
Volta 29: 95 24 36 75 98 28 51 62 79 1 21 22 31 37 39 57 60 72 77 90 87 7 10 11 20 19 34 32 42 63 64 67 70 80 76 89 96 4 15 13 16 40 48 50 54 56 66 69 73 86 100 14 23 41 55 52 53 59 61 71 83 81 84 6 33 44 47 92 91 99 3 29 78
Volta 30: 24 95 28 36 75 98 31 37 51 60 57 79 77 87 90 1 7 10 19 22 32 39 63 70 67 72 76 89 15 11 13 20 42 50 64 66 73 80 86 100 96 4 14 16 23 40 41 55 54 53 56 59 61 69 84 81 33 44 47 52 71 83 92 3 29 78 91 99
Volta 31: 95 24 75 98 28 31 36 37 51 57 79 90 87 1 7 10 19 32 39 60 70 67 72 77 13 22 42 64 63 66 73 76 89 86 96 100 4 15 11 14 20 23 41 50 53 54 56 59 69 80 81 16 33 40 44 47 52 55 61 71 83 84 92 3 29 78 91
Volta 32: 95 24 75 98 28 36 37 57 79 1 7 32 31 51 60 70 77 90 87 10 19 22 39 42 64 63 66 67 73 72 89 96 4 14 15 13 11 20 41 50 53 59 56 76 80 86 100 16 23 47 54 55 52 61 69 83 81 92 33 40 44 71 84 3 29 78 91
Volta 33: 24 95 98 37 36 57 75 79 1 7 28 32 31 77 87 10 51 60 63 67 70 72 73 89 90 15 19 22 39 42 41 64 66 76 96 100 4 14 11 13 20 16 50 55 53 52 59 56 61 69 80 81 86 92 23 33 40 44 47 54 84 83 29 71 3 78
Volta 34: 24 95 36 57 75 98 1 32 37 79 77 7 28 31 51 63 70 72 89 87 10 15 19 22 39 42 41 60 64 67 66 73 90 4 14 13 11 20 50 53 55 59 56 69 76 80 86 96 100 16 23 40 47 52 61 83 81 92 29 33 44 54 71 84 78 3
Volta 35: 24 36 75 95 98 1 32 37 57 79 77 7 28 51 72 87 89 10 15 22 31 60 64 63 70 66 90 4 14 13 19 39 42 41 55 59 56 67 69 73 76 100 96 11 16 20 23 40 47 50 52 53 80 81 83 86 92 29 33 44 54 61 71 84 78
Volta 36: 75 95 24 32 36 37 57 79 77 98 1 7 72 87 89 10 15 22 28 31 51 60 64 63 66 90 39 55 56 59 70 69 73 96 4 14 11 13 19 16 20 40 42 50 53 76 81 86 100 23 33 44 47 52 54 61 71 80 83 92 29 84 78
Volta 37: 75 95 32 37 36 77 98 1 7 24 57 79 87 89 15 51 60 64 66 72 10 22 28 31 39 55 56 63 70 73 90 13 14 11 20 19 42 53 59 69 76 100 96 4 16 33 40 44 50 52 61 71 80 81 83 86 92 23 29 47 54 84
Volta 38: 75 32 36 77 95 98 1 7 24 37 57 79 87 89 15 51 60 64 66 72 10 22 28 39 55 56 63 70 13 14 19 31 42 53 59 69 73 76 90 100 96 4 11 16 20 40 50 52 61 71 83 86 92 33 44 47 54 80 81 23 29 84
Volta 39: 75 36 77 95 98 1 24 32 37 57 79 89 7 60 64 66 87 10 15 22 28 51 56 70 72 14 39 55 59 63 69 73 90 96 4 11 13 16 19 20 31 42 53 52 76 83 86 92 100 33 40 44 50 54 61 71 80 23 47 81 29
Volta 40: 36 75 77 95 98 1 32 37 57 79 24 60 64 66 89 7 10 15 22 28 51 87 14 39 55 59 56 63 69 70 72 73 4 13 19 20 42 53 52 76 90 92 96 100 11 16 31 33 40 44 61 71 80 83 86 50 54 81 23 29 47
Volta 41: 98 32 36 75 79 77 95 1 24 37 57 64 66 89 7 10 15 22 28 51 60 14 55 56 87 4 13 20 19 39 42 53 59 63 69 70 72 73 90 96 100 16 33 31 40 44 52 61 80 76 83 92 11 50 54 71 81 86 23 29
Volta 42: 36 75 79 77 95 98 1 32 57 64 10 22 28 37 51 60 66 89 7 15 56 87 14 13 20 42 55 63 70 69 72 90 4 19 31 33 40 39 52 53 73 76 80 100 96 16 44 54 61 71 83 92 23 29 50 81 86
Volta 43: 36 79 77 95 98 1 32 75 10 22 51 60 57 64 89 7 15 28 37 56 66 14 13 42 55 87 20 19 31 33 40 39 53 52 63 70 69 73 72 76 80 90 100 96 4 16 44 54 61 71 83 92 50 81 23 29
Volta 44: 79 95 1 32 36 75 77 98 10 57 89 7 22 28 37 51 60 64 66 14 15 42 56 87 13 20 19 31 39 40 52 55 63 70 72 73 76 90 96 100 4 33 44 54 53 69 80 92 16 50 61 71 83 23 29 81
Volta 45: 95 32 36 75 77 79 98 1 57 7 10 22 28 37 51 60 64 89 14 42 56 66 87 15 13 19 39 40 55 52 63 70 72 73 76 90 96 100 20 31 33 54 53 69 92 4 16 44 50 61 71 80 23 29 83
Volta 46: 95 75 79 77 32 36 98 1 10 22 28 37 51 57 60 64 89 7 14 42 66 87 15 19 40 39 55 56 73 76 90 100 13 31 53 52 54 63 69 70 72 96 4 20 16 33 44 50 80 92 61 71 83 23 29
Volta 47: 75 77 95 36 79 98 1 10 32 51 60 57 64 89 7 22 28 37 42 66 15 14 55 56 76 87 90 13 19 31 40 39 53 52 54 63 70 72 73 100 96 4 16 20 33 44 69 92 50 61 71 80 83 23
Volta 48: 75 95 79 77 10 36 51 64 98 1 32 42 57 60 7 22 28 37 55 56 66 76 90 87 15 14 13 19 31 40 39 53 70 73 100 4 16 44 54 63 69 72 92 20 33 50 71 80 61 83 23
Volta 49: 75 77 79 95 10 36 51 98 32 42 60 57 64 1 37 56 66 76 90 7 13 14 19 22 28 31 40 55 70 87 100 4 15 16 39 44 54 53 69 73 92 20 33 50 63 72 80 61 71 83
Volta 50: 75 79 95 51 77 10 36 42 57 60 64 98 1 32 37 76 90 14 19 22 28 31 56 66 100 7 13 15 16 40 44 55 54 70 73 87 92 4 33 39 53 69 72 80 20 50 61 63 71 83
Volta 51: 75 79 95 77 10 42 51 60 57 98 1 32 37 36 64 90 14 28 56 66 76 100 7 15 13 19 16 22 31 55 54 70 87 4 40 44 53 69 73 80 92 20 33 39 50 63 61 72 71
Volta 52: 75 79 95 77 42 57 60 98 1 10 37 36 51 64 90 32 56 76 14 15 13 19 16 22 28 31 54 66 87 100 4 7 40 44 53 55 70 73 92 33 69 71 72 80 20 39 50 61 63
Volta 53: 75 79 95 57 77 98 1 10 36 37 42 51 60 64 90 32 56 15 16 19 22 54 66 76 87 4 7 14 13 28 31 44 55 70 73 100 33 40 53 71 80 92 20 39 50 61 69 72
Volta 54: 75 79 95 57 98 1 10 36 42 51 60 64 77 90 32 37 56 16 54 87 4 15 13 14 19 28 44 55 70 66 73 76 100 7 31 40 53 71 80 92 20 33 39 50 61 69 72
Volta 55: 75 79 95 57 10 51 64 77 90 98 1 37 36 42 56 60 32 54 87 14 13 15 19 16 28 44 70 66 73 76 4 7 40 55 92 100 31 33 39 50 53 69 71 80 20 61
Volta 56: 75 95 57 79 64 77 90 98 1 10 36 42 51 37 54 56 60 13 14 15 16 28 32 44 66 70 73 87 4 7 19 40 55 76 100 31 33 50 53 69 71 80 92 20 39 61
Volta 57: 95 57 75 64 79 77 90 10 42 51 98 1 36 54 56 60 14 16 28 32 37 70 87 15 13 19 40 44 55 66 73 76 100 4 7 33 50 53 80 92 31 39 69 71 20
Volta 58: 95 75 57 64 79 77 90 10 51 98 1 36 42 54 14 28 37 56 60 70 87 13 15 16 32 40 44 55 66 73 76 100 4 7 19 33 80 31 50 53 69 71 92 20 39
Volta 59: 95 75 57 64 79 90 10 51 77 36 42 54 98 1 14 37 60 56 15 13 16 28 32 40 44 55 70 66 76 87 7 33 73 80 100 4 19 31 50 53 71 92 20 69
Volta 60: 75 95 79 90 57 64 10 36 42 51 77 98 1 14 54 56 13 15 16 28 37 44 55 60 66 70 87 32 40 73 76 80 100 4 7 33 53 92 20 31 50 69 71
Volta 61: 75 95 79 90 10 42 57 64 77 98 14 36 54 51 56 1 15 28 37 55 70 66 87 13 16 32 40 44 60 73 7 33 53 76 80 100 4 31 50 69 92 20
Volta 62: 95 75 79 90 64 77 98 10 14 36 42 51 57 56 28 54 55 70 87 1 15 16 37 60 66 7 13 32 33 40 44 53 73 80 76 100 4 31 50 69 92 20
Volta 63: 95 75 90 79 64 10 14 42 51 57 77 98 28 36 55 54 56 70 87 16 60 66 1 13 15 33 37 44 53 73 76 80 100 7 32 40 92 4 31 50 69
Volta 64: 75 95 79 90 10 14 42 64 77 36 55 51 56 57 70 98 16 28 54 66 87 13 15 33 37 44 60 100 1 7 32 40 53 73 80 76 92 4 31 50 69
Volta 65: 75 90 95 79 10 42 64 14 36 51 55 56 57 70 77 28 66 98 15 13 16 33 54 60 87 1 40 37 44 53 73 76 92 100 4 7 32 31 80 50
Volta 66: 75 90 79 95 64 10 14 42 51 55 56 36 57 66 70 77 15 16 28 54 87 98 1 13 33 37 40 44 60 73 76 92 100 7 32 53 80 4 31 50
Volta 67: 75 79 90 95 10 42 51 56 64 14 36 55 70 66 77 15 16 54 57 87 13 28 33 44 60 98 1 7 40 37 53 73 76 92 100 4 32 31 80
Volta 68: 79 90 75 95 10 42 51 64 14 56 77 15 36 55 54 70 66 87 13 16 28 33 57 60 40 37 44 53 73 76 92 100 98 4 1 7 32 80 31
Volta 69: 79 75 90 95 51 64 10 14 42 56 77 36 55 66 70 15 16 28 33 54 57 87 13 37 40 44 53 60 98 1 4 7 32 73 76 80 92 100
Volta 70: 75 79 90 95 51 64 10 14 42 56 77 36 55 66 70 54 57 15 16 28 33 40 37 44 60 87 98 1 4 7 13 32 53 76 80 92 100 73
Volta 71: 79 90 95 64 75 14 42 51 56 10 55 66 70 77 36 15 16 28 40 37 54 57 87 98 1 33 44 53 60 80 100 4 7 13 32 76 92
Volta 72: 79 95 64 75 90 14 51 56 10 42 55 66 70 77 36 15 16 37 54 57 87 98 1 28 33 53 60 80 100 4 7 13 32 76 92
Volta 73: 79 64 75 90 95 14 51 56 10 42 66 77 36 55 70 16 54 57 1 15 28 33 37 53 60 80 87 100 98 4 32 7 13 76
Volta 74: 79 75 90 95 14 56 64 51 77 10 36 42 70 66 55 1 15 16 37 54 60 57 80 87 28 33 53 98 100 4 7 13 32 76
Volta 75: 79 90 95 14 56 64 75 51 77 42 70 66 10 36 55 1 16 37 54 57 80 87 15 28 33 53 60 98 100 4 13 32 7
Volta 76: 79 90 95 14 56 64 75 51 70 77 10 42 55 66 36 54 57 87 1 15 16 28 37 53 80 13 33 32 60 100 98 4 7
Volta 77: 79 90 95 56 64 75 14 51 77 42 55 70 66 10 36 16 28 37 54 53 57 80 87 1 13 15 33 60 100 98 4 32
Volta 78: 79 90 75 95 14 51 56 64 66 77 10 36 42 55 70 16 37 53 57 1 13 28 54 80 98 4 15 32 60 100
Volta 79: 79 90 75 95 14 56 64 51 66 77 36 42 55 70 10 16 37 53 57 1 13 80 98 4 28 54 60 15 32
Volta 80: 79 90 75 56 64 95 14 51 36 42 70 66 77 10 37 53 55 57 1 13 16 98 54 80 4 15 28 32 60
Volta 81: 79 90 75 56 64 95 14 36 42 51 70 66 77 10 53 55 57 13 16 37 98 1 80 28 32 54 4 15
Volta 82: 90 79 75 95 56 64 14 36 42 51 70 66 77 55 10 13 16 37 53 57 98 1 28 32 54 80 4 15
Volta 83: 90 75 79 56 64 95 14 36 42 51 70 66 77 55 10 53 57 98 1 13 16 37 32 80 4 28 54
Volta 84: 90 75 79 56 95 36 51 64 77 14 42 55 66 70 10 53 1 13 16 57 98 32 37 80 4 28 54
Volta 85: 90 75 79 51 56 64 77 95 14 36 42 55 70 66 10 53 1 13 16 57 98 32 4 37 80 28
Volta 86: 90 75 79 51 64 77 36 42 55 56 66 70 95 14 1 10 13 53 57 16 98 32 37 80 4 28
Volta 87: 75 90 51 64 79 77 36 55 56 70 66 95 14 42 1 10 13 53 16 57 98 32 4 37 80
Volta 88: 90 51 75 77 79 36 55 56 64 66 70 95 42 1 14 53 10 13 57 98 16 32 37 4 80
Volta 89: 90 77 36 51 64 66 70 75 79 42 55 56 95 14 53 1 57 10 13 16 32 98 4 37
Volta 90: 90 64 66 75 36 42 55 51 56 70 79 95 14 53 1 57 32 98 10 16 4 37
Volta 91: 90 66 51 55 56 64 75 79 95 14 36 42 53 70 1 57 98 32 4 10 16
Volta 92: 90 66 51 56 64 79 42 55 70 75 95 1 14 36 53 57 32 98 4 16 10
Volta 93: 90 66 51 56 79 55 64 70 75 95 14 36 42 53 1 57 32 98 4 16
Volta 94: 66 90 51 56 79 64 75 95 14 36 42 55 53 70 57 1 98 4 32 16
Volta 95: 66 90 56 79 51 75 95 14 36 55 64 70 42 53 57 1 98 4 32
Volta 96: 56 66 79 90 51 75 95 14 55 64 36 42 53 57 98 4 32
Volta 97: 66 51 56 75 79 90 95 14 36 42 53 55 64 57 98 4
Volta 98: 56 66 75 79 90 51 95 14 55 64 36 42 53 57 98 4
Volta 99: 56 66 75 79 90 95 51 14 36 42 53 55 64 57 98
Volta 100: 56 90 66 75 79 95 36 42 51 64 14 53 55 57 98
Volta 101: 56 66 75 79 90 36 42 51 64 95 14 55 53 57
Volta 102: 66 79 90 56 75 36 64 95 14 42 53 51 55 57
Volta 103: 79 90 56 66 75 36 64 95 42 53 55 51 14
Volta 104: 79 56 66 90 64 75 95 36 53 55 51 14 42
Volta 105: 79 56 66 90 64 95 36 55 75 14 51 53
Volta 106: 79 90 56 64 66 55 75 95 36 53 51 14
Volta 107: 79 90 56 66 64 95 36 51 55 75 53
Volta 108: 79 56 90 64 66 36 55 51 75 95 53
Volta 109: 79 90 56 64 36 55 66 95 51 75
Volta 110: 79 90 56 64 95 36 51 55 66 75
Volta 111: 79 64 90 56 95 36 55 51 66
Volta 112: 79 90 56 64 95 36 51 55 66
Volta 113: 79 56 64 90 51 95 36 55
Volta 114: 79 64 90 56 95 36 51 55
Volta 115: 79 90 56 64 95 36 51
Volta 116: 79 90 56 64 95 36 51
Volta 117: 79 90 56 64 95 36
Volta 118: 79 90 56 64 95 36
Volta 119: 79 90 56 95 64
Volta 120: 79 90 56 95 64
Volta 121: 79 90 56 95
Volta 122: 79 56 90 95
Volta 123: 79 90 56
Volta 124: 79 90 56
Volta 125: 79 90
Volta 126: 79 90

Ranqueamento Final:
1: Ciclista 90 - 2417.10 segundos
2: Ciclista 79 - 2401.86 segundos
3: Ciclista 56 - 2401.38 segundos
4: Ciclista 95 - 2372.22 segundos
5: Ciclista 64 - 2341.50 segundos
6: Ciclista 36 - 2325.90 segundos
7: Ciclista 51 - 2266.26 segundos
8: Ciclista 55 - 2251.26 segundos
9: Ciclista 66 - 2191.62 segundos
10: Ciclista 75 - 2146.74 segundos
11: Ciclista 53 - 2131.26 segundos
12: Ciclista 14 - 2085.30 segundos
13: Ciclista 42 - 2041.02 segundos
14: Ciclista 57 - 2026.38 segundos
15: Ciclista 98 - 1982.34 segundos
16: Ciclista 4 - 1965.06 segundos
17: Ciclista 32 - 1920.78 segundos
18: Ciclista 16 - 1905.42 segundos
19: Ciclista 10 - 1860.18 segundos
20: Ciclista 37 - 1815.90 segundos
21: Ciclista 80 - 1786.86 segundos
22: Ciclista 28 - 1740.66 segundos
23: Ciclista 54 - 1696.26 segundos
24: Ciclista 15 - 1665.30 segundos
25: Ciclista 60 - 1621.38 segundos
26: Ciclista 100 - 1577.34 segundos
27: Ciclista 7 - 1545.18 segundos
28: Ciclista 76 - 1501.86 segundos
29: Ciclista 92 - 1472.22 segundos
30: Ciclista 73 - 1426.74 segundos
31: Ciclista 31 - 1395.78 segundos
32: Ciclista 50 - 1366.14 segundos
33: Ciclista 69 - 1321.62 segundos
34: Ciclista 20 - 1275.42 segundos
35: Ciclista 71 - 1231.74 segundos
36: Ciclista 39 - 1200.90 segundos
37: Ciclista 61 - 1171.50 segundos
38: Ciclista 72 - 1126.74 segundos
39: Ciclista 63 - 1081.50 segundos
40: Ciclista 83 - 1051.98 segundos
41: Ciclista 23 - 1035.54 segundos
42: Ciclista 29 - 975.66 segundos
43: Ciclista 81 - 931.98 segundos
44: Ciclista 86 - 887.10 segundos
45: Ciclista 47 - 856.14 segundos
46: Ciclista 84 - 811.98 segundos
47: Ciclista 78 - 781.86 segundos
48: Ciclista 3 - 750.06 segundos
49: Ciclista 91 - 692.22 segundos
50: Ciclista 99 - 647.34 segundos
51: Ciclista 12 - 615.30 segundos
52: Ciclista 35 - 570.78 segundos
53: Ciclista 97 - 527.34 segundos
54: Ciclista 8 - 495.18 segundos
55: Ciclista 82 - 466.98 segundos
56: Ciclista 88 - 407.10 segundos
57: Ciclista 9 - 390.18 segundos
58: Ciclista 27 - 330.66 segundos
59: Ciclista 46 - 301.14 segundos
60: Ciclista 58 - 256.38 segundos
61: Ciclista 2 - 210.06 segundos
62: Ciclista 25 - 165.54 segundos
63: Ciclista 18 - 120.42 segundos
64: Ciclista 93 - 62.22 segundos

Ciclista 1 quebrou na volta 96 - 1890.00 segundos
Ciclista 5 quebrou na volta 6 - 135.00 segundos
Ciclista 6 quebrou na volta 30 - 630.12 segundos
Ciclista 11 quebrou na volta 42 - 870.24 segundos
Ciclista 13 quebrou na volta 90 - 1785.24 segundos
Ciclista 17 quebrou na volta 6 - 135.36 segundos
Ciclista 19 quebrou na volta 60 - 1215.36 segundos
Ciclista 21 quebrou na volta 30 - 570.48 segundos
Ciclista 22 quebrou na volta 54 - 1065.48 segundos
Ciclista 24 quebrou na volta 42 - 795.48 segundos
Ciclista 26 quebrou na volta 18 - 375.60 segundos
Ciclista 30 quebrou na volta 18 - 375.60 segundos
Ciclista 33 quebrou na volta 78 - 1575.72 segundos
Ciclista 34 quebrou na volta 30 - 585.72 segundos
Ciclista 38 quebrou na volta 24 - 495.84 segundos
Ciclista 40 quebrou na volta 72 - 1425.84 segundos
Ciclista 41 quebrou na volta 36 - 735.96 segundos
Ciclista 43 quebrou na volta 6 - 135.96 segundos
Ciclista 44 quebrou na volta 72 - 1440.96 segundos
Ciclista 45 quebrou na volta 6 - 105.96 segundos
Ciclista 48 quebrou na volta 30 - 601.08 segundos
Ciclista 49 quebrou na volta 24 - 466.08 segundos
Ciclista 52 quebrou na volta 48 - 976.20 segundos
Ciclista 59 quebrou na volta 42 - 841.32 segundos
Ciclista 62 quebrou na volta 30 - 556.44 segundos
Ciclista 65 quebrou na volta 6 - 121.44 segundos
Ciclista 67 quebrou na volta 36 - 736.56 segundos
Ciclista 68 quebrou na volta 6 - 136.56 segundos
Ciclista 70 quebrou na volta 96 - 1876.56 segundos
Ciclista 74 quebrou na volta 12 - 241.68 segundos
Ciclista 77 quebrou na volta 90 - 1726.80 segundos
Ciclista 85 quebrou na volta 24 - 481.92 segundos
Ciclista 87 quebrou na volta 78 - 1547.04 segundos
Ciclista 89 quebrou na volta 48 - 917.04 segundos
Ciclista 94 quebrou na volta 12 - 227.16 segundos
Ciclista 96 quebrou na volta 48 - 977.28 segundos
