Volta 1: 2 1 5 4 3 6 10 8 9 7 15 13 12 11 14 16 17 20 19 18 22 24 23 25 21 30 26 27 29 28 35 31 33 34 32 38 37 36 40 39 44 42 43 45 41 50 49 48 46 47 53 55 52 54 51 60 59 56 57 58 64 65 63 61 62 69 68 67 70 66 75 73 74 72 71 79 77 80 78 76 84 81 82 83 85 89 86 90 87 88 92 93 95 91 94 96 97 98 100 99
Volta 2: 4 3 2 1 5 6 8 10 11 14 15 12 16 20 17 18 19 24 25 23 21 28 30 27 26 33 34 32 31 36 40 37 43 44 41 45 42 46 47 50 49 48 54 53 52 55 56 58 57 59 64 61 62 65 68 69 70 66 75 71 73 74 77 76 79 80 83 81 86 88 87 90 89 94 93 92 98 99 96 97 7 9 13 22 29 35 38 39 51 60 63 67 72 78 82 85 84 91 95 100
Volta 3: 5 1 3 2 10 12 15 18 19 17 20 21 25 26 28 27 30 32 34 33 40 36 41 43 49 48 55 54 57 58 56 59 62 65 66 70 68 75 74 71 77 88 90 87 89 94 93 99 96 4 8 7 9 6 14 11 16 22 24 23 31 37 38 39 45 42 44 50 46 47 53 52 51 60 63 64 61 67 69 72 73 79 78 76 80 84 83 82 85 81 86 92 91 97 98 13 29 35 95
Volta 4: 1 5 10 15 19 18 17 25 21 30 28 32 36 40 43 41 49 59 65 62 66 68 74 71 77 89 88 94 96 4 2 3 6 7 12 11 14 20 16 24 23 22 26 27 31 34 33 37 39 42 45 46 48 50 47 52 51 55 54 60 57 56 58 61 63 64 70 69 73 75 79 76 84 85 81 90 86 87 92 93 99 8 9 13 29 38 44 53 67 72 78 80 83 82 91 95 98 97 35
Volta 5: 1 15 19 25 32 36 40 49 59 68 66 74 77 94 3 2 4 5 10 7 12 11 16 20 18 17 24 21 22 30 27 28 26 33 34 39 45 41 43 46 48 47 50 55 52 54 56 57 58 62 65 64 70 71 75 73 79 81 85 90 89 88 99 96 8 6 13 14 23 31 38 37 42 44 51 53 60 61 63 67 69 72 80 76 84 83 82 87 86 92 93 97 98 9 29 78 91 95
Volta 6: 25 40 49 59 68 74 77 94 2 1 10 15 19 17 18 24 21 26 34 32 36 39 41 45 47 48 50 52 54 57 58 64 62 66 75 71 79 81 85 88 89 99 96 4 5 3 7 6 12 14 13 11 20 16 23 22 27 28 30 33 38 37 44 46 55 53 51 60 65 61 67 70 69 73 72 76 83 82 87 90 92 97 8 9 29 31 42 80 78 84 86 95 91 93
Volta 7: 40 49 68 77 94 2 1 15 17 19 18 25 34 36 45 41 47 52 59 58 62 64 74 75 88 89 99 96 3 6 7 10 14 11 20 22 23 21 24 30 26 28 27 33 32 38 39 37 44 46 48 50 51 54 53 60 57 61 69 66 67 70 71 73 72 79 76 81 85 82 83 87 90 92 97 5 4 9 8 13 12 16 29 42 55 65 80 86 31 78 84 91 95
Volta 8: 40 49 68 77 94 1 15 18 19 25 34 41 45 52 59 58 64 62 74 75 88 99 2 3 7 10 14 17 23 22 24 21 30 27 28 26 32 36 39 38 47 46 50 53 51 54 60 57 61 69 70 71 73 76 79 81 85 82 87 89 90 92 97 96 5 4 8 6 12 11 20 16 33 37 44 42 48 55 65 67 66 72 80 83 9 13 29 78 84 86 91 31 95
Volta 9: 40 68 94 15 18 19 34 49 62 64 75 74 77 88 99 2 1 10 14 17 22 23 25 28 27 30 32 38 36 41 45 46 47 52 53 54 51 58 59 57 61 73 71 76 81 85 89 87 96 4 3 7 8 6 11 16 20 24 21 26 33 37 39 42 44 50 60 65 66 70 69 72 79 80 83 82 90 92 97 5 9 12 13 29 48 55 67 78 86 91 31 84
Volta 10: 68 15 19 34 40 64 62 74 75 94 99 1 2 14 17 18 23 22 27 30 36 38 41 45 49 51 53 57 71 73 77 76 81 88 87 89 96 4 7 10 25 21 24 26 28 32 39 44 46 47 52 54 58 59 60 65 61 69 70 66 72 80 79 85 90 92 97 5 3 6 9 8 13 11 16 20 29 33 37 42 48 50 55 67 78 83 82 86 91 12 84 31
Volta 11: 15 19 34 40 64 68 74 94 2 1 17 18 23 22 27 38 36 51 62 75 71 77 81 87 88 89 99 4 10 14 25 24 21 28 30 32 41 45 47 49 46 53 54 57 58 65 69 72 73 76 79 85 90 97 96 5 3 9 7 6 11 20 16 26 29 37 39 44 42 48 50 52 60 59 61 67 66 70 78 80 83 82 92 8 12 13 33 55 84 86 91
Volta 12: 19 64 68 74 94 1 15 18 17 23 27 34 36 51 75 77 81 87 89 99 2 10 14 22 21 28 32 45 49 47 53 57 62 69 73 72 71 76 79 88 96 4 6 11 16 20 24 25 26 29 37 44 50 52 54 60 58 59 61 65 66 70 78 80 82 83 85 90 92 97 5 3 9 7 8 12 33 39 42 48 55 67 84 86 13 91
Volta 13: 64 74 94 1 15 19 23 27 34 36 51 68 77 81 87 17 18 22 21 47 57 62 71 75 72 73 89 88 96 99 4 2 10 6 11 14 16 24 25 29 28 32 37 45 49 50 53 54 52 59 60 58 61 65 69 66 76 79 80 78 82 92 97 5 3 9 12 20 26 33 39 42 44 48 70 67 85 83 90 7 8 13 55 84 86
Volta 14: 64 74 94 1 15 19 23 27 34 36 51 68 81 87 18 17 22 47 57 62 73 72 75 77 88 96 99 4 2 10 6 11 14 16 21 24 29 32 37 45 49 50 53 52 54 58 60 59 61 69 66 71 78 76 79 82 89 92 97 5 3 9 12 20 25 26 28 33 42 44 48 65 67 70 80 83 7 8 39 85 84 86 90 13 55
Volta 15: 74 94 1 15 19 23 27 34 51 64 68 81 17 22 36 47 62 72 77 87 96 99 2 6 10 11 16 18 21 29 32 45 50 49 52 60 58 57 61 69 73 75 71 78 79 82 89 88 92 97 4 5 3 9 14 20 24 25 28 37 42 48 54 53 59 65 66 67 70 80 76 12 26 33 39 44 84 83 85 90 86 8 7 13
Volta 16: 94 1 19 23 27 34 68 74 81 15 36 51 64 77 96 99 6 11 17 18 22 29 47 50 52 62 69 71 73 72 78 87 89 88 92 97 5 2 4 10 9 14 16 24 25 21 28 32 37 45 48 49 53 54 59 58 57 60 61 65 66 75 80 79 82 3 12 20 33 39 42 44 67 70 76 83 90 13 26 84 85 86 7 8
Volta 17: 94 1 23 34 68 74 15 19 27 64 81 99 11 18 22 36 51 62 69 72 77 78 87 88 89 96 5 4 2 10 9 6 14 16 17 21 28 29 32 45 50 47 48 54 52 57 60 65 61 66 71 75 73 79 82 92 97 12 20 25 24 33 37 42 44 49 53 59 58 67 70 76 80 83 90 3 26 39 85 86 7 13 84
Volta 18: 68 74 94 1 15 19 23 27 34 64 81 11 22 36 51 62 72 78 77 87 99 6 9 14 16 17 18 28 29 32 45 50 47 52 54 57 66 69 73 71 88 89 92 96 97 5 4 12 21 25 24 44 48 49 60 58 61 70 75 80 79 83 82 90 3 20 26 33 37 39 42 53 59 67 76 85 86 13 84 7
Volta 19: 68 74 94 1 15 19 23 34 64 81 11 22 27 36 72 87 99 18 17 28 32 51 54 52 62 69 66 71 73 77 78 88 92 97 4 5 6 9 12 14 16 21 24 25 29 45 49 47 50 48 60 57 70 75 80 83 82 90 89 96 20 26 3