Volta 1: 3 4 1 2 5 9 10 6 8 7 14 13 15 12 11 19 16 20 18 17 24 23 21 22 25 26 30 29 27 28 32 34 31 33 35 37 38 39 40 36 43 42 45 44 41 50 47 48 49 46
Volta 2: 2 1 3 4 9 6 7 8 14 11 13 15 18 19 17 16 25 24 21 23 22 30 29 28 27 33 34 32 31 35 40 39 43 42 49 48 46 50 5 10 12 20 26 37 38 36 45 44 41 47
Volta 3: 1 3 7 8 9 14 19 16 17 21 25 22 28 27 30 32 35 39 42 46 49 48 2 5 4 6 10 11 13 15 12 18 20 23 24 26 29 31 33 34 36 37 40 38 44 41 43 45 50
Volta 4: 3 1 9 8 7 14 17 16 25 22 30 32 42 49 48 46 2 4 5 10 6 13 11 15 19 18 24 21 28 29 27 35 34 33 40 39 36 38 43 41 45 44 50 12 20 23 26 31 37
Volta 5: 3 8 9 14 17 22 25 30 32 42 46 49 48 1 4 2 5 7 15 13 16 19 21 24 29 28 33 34 35 39 40 38 36 43 45 50 6 10 11 20 18 23 26 27 31 44 41 12
Volta 6: 3 9 8 17 25 30 32 1 5 2 7 14 19 24 21 28 35 36 38 39 45 43 42 48 46 49 4 10 6 15 11 13 16 18 20 23 27 26 29 34 33 40 41 44 50 31 12
Volta 7: 3 8 9 17 25 30 32 1 5 14 19 24 21 36 39 38 42 48 46 49 2 4 6 7 15 13 18 16 29 28 26 33 34 35 40 41 45 44 43 50 10 11 20 23 27 31
Volta 8: 3 8 9 25 30 32 1 5 19 17 24 21 38 46 48 2 4 7 15 14 16 18 26 29 28 34 35 40 36 39 45 42 43 41 50 49 6 11 13 20 23 27 33 44 10 31
Volta 9: 9 8 3 5 17 19 24 25 30 32 4 1 2 7 14 18 21 26 29 39 38 36 45 42 43 48 46 49 50 6 15 11 13 16 20 27 28 35 34 33 40 41 10 23 44
Volta 10: 9 3 5 8 17 24 25 30 32 4 2 14 18 19 21 29 38 39 42 43 49 46 48 1 7 15 11 20 28 26 35 33 34 36 40 41 45 50 6 13 16 23 27 44 10
Volta 11: 9 3 5 8 17 24 25 30 32 14 18 21 42 46 1 4 2 11 19 29 33 35 34 38 36 39 43 45 50 48 49 7 13 15 20 16 26 28 40 44 41 6 23 27
Volta 12: 3 5 9 17 24 25 30 18 21 32 46 2 1 14 19 29 34 35 33 38 43 45 42 48 50 49 4 7 13 11 20 16 28 26 40 39 41 44 6 23 27
Volta 13: 9 17 25 24 30 3 5 18 21 32 46 14 19 29 35 34 38 45 42 50 49 48 2 1 7 13 11 20 16 33 40 39 44 43 4 6 28 26 41 23
Volta 14: 9 17 24 30 3 5 18 21 25 46 19 29 32 34 48 50 1 2 14 35 33 40 38 44 45 43 42 49 4 7 13 11 16 20 28 26 39 6 23 41
Volta 15: 9 17 24 30 5 3 21 25 46 18 32 50 48 2 14 19 29 34 35 33 38 40 42 45 49 1 7 11 13 20 16 26 39 43 44 4 6 23 28
Volta 16: 9 24 5 17 25 30 46 3 18 21 32 50 14 29 34 33 38 45 48 2 1 19 16 20 26 35 40 44 43 42 49 7 11 13 23 28 39 4 6
Volta 17: 9 24 5 46 3 17 25 21 30 32 50 18 29 45 14 16 19 35 34 33 38 40 44 48 2 1 7 13 20 23 26 39 43 42 49 11 28 4
Volta 18: 24 9 46 5 3 25 21 30 32 17 18 45 50 14 19 29 34 33 40 38 44 48 2 1 13 16 20 26 39 43 7 11 23 28 42 49 4
Volta 19: 9 24 5 21 46 3 17 18 25 30 32 19 34 33 40 38 45 50 1 2 13 14 20 16 29 39 44 43 48 7 11 23 28 26 49 42
Volta 20: 9 24 5 46 3 17 18 21 30 32 25 33 34 45 50 1 14 13 19 20 16 29 40 39 38 43 44 2 7 23 26 28 49 48 11 42
Volta 21: 9 5 24 46 3 17 18 21 30 32 25 45 1 20 19 29 34 33 38 40 39 50 2 13 14 16 26 43 44 48 7 11 23 28 49
Volta 22: 9 46 5 17 24 30 3 18 25 21 32 19 20 33 34 38 40 45 50 1 14 29 26 39 44 43 2 7 13 16 23 28 49 48 11
Volta 23: 9 46 5 17 24 30 3 18 21 25 32 19 33 34 38 40 14 20 29 39 45 50 1 2 7 16 28 26 44 43 49 48 13 23
Volta 24: 9 17 24 46 3 5 25 21 19 18 32 33 14 20 29 34 45 7 16 26 28 39 44 43 49 50 48 2 1 13 23
Volta 25: 9 46 3 5 17 21 24 18 25 33 32 19 20 29 34 45 14 39 44 50 48 1 7 13 16 28 26 43 49 2
Volta 26: 9 46 5 17 21 24 3 25 32 19 18 20 33 45 29 34 39 44 50 1 7 14 26 43 48 49 2 13 16 28
Volta 27: 9 46 5 24 3 17 25 21 32 18 19 33 45 20 34 39 44 1 7 14 29 49 50 48 13 26 43 2 16
Volta 28: 9 46 5 24 3 17 21 25 32 18 19 45 20 33 44 1 7 14 29 34 39 50 49 48 13 26 43 16 2
Volta 29: 9 46 5 24 3 17 19 21 25 32 18 33 44 45 1 14 20 34 39 48 49 50 7 13 29 43 16 26
Volta 30: 9 5 24 46 3 19 32 18 21 25 14 34 44 45 48 50 1 7 20 29 43 49 13 16
Volta 31: 9 24 46 5 3 19 32 18 21 25 34 48 1 7 14 20 29 45 44 50 49 13 43
Volta 32: 9 46 5 24 19 32 3 18 21 25 34 48 1 14 29 45 44 49 50 7 13 20 43
Volta 33: 9 46 5 24 3 19 32 18 21 48 25 34 45 44 1 7 14 13 20 29 49 50
Volta 34: 9 46 5 24 3 32 19 21 18 25 34 44 45 48 14 20 29 50 49 1 7 13
Volta 35: 9 46 5 24 3 32 19 18 21 44 14 25 34 45 48 1 7 20 29 50 49
Volta 36: 9 46 5 24 3 32 19 18 21 44 14 25 34 45 48 7 20 49 50 1 29
Volta 37: 9 5 46 3 24 32 18 19 14 21 44 48 7 20 25 34 45 49 1 50
Volta 38: 9 46 3 5 24 32 18 14 19 21 44 48 20 25 34 45 49 7 50 1
Volta 39: 9 3 5 46 24 32 18 14 19 44 20 21 25 45 48 49 7 34 50
Volta 40: 9 5 3 24 46 18 32 14 19 44 20 21 25 34 45 48 49 7 50
Volta 41: 5 9 3 24 46 32 18 14 19 21 44 20 25 34 45 49 48 7
Volta 42: 5 9 3 46 24 32 18 14 19 34 44 48 20 25 45 49 7
Volta 43: 5 3 9 24 32 46 18 14 19 34 20 25 44 45 49 48
Volta 44: 5 3 9 24 46 32 18 19 34 14 45 44 48 20 25 49
Volta 45: 5 3 9 24 32 46 18 19 34 14 45 48 25 44 20
Volta 46: 5 3 24 9 32 18 46 14 19 34 45 48 20 25 44
Volta 47: 5 3 24 9 18 32 46 19 34 14 45 48 25 20
Volta 48: 5 24 32 9 18 46 19 34 14 45 48 20 25
Volta 49: 5 24 9 18 32 19 46 14 34 45 48 20
Volta 50: 5 24 18 9 32 46 14 19 34 45 48 20
Volta 51: 5 24 9 18 19 32 45 46 14 34 48
Volta 52: 5 24 9 18 32 45 46 19 34 48 14
Volta 53: 24 5 9 32 46 18 19 34 45 48
Volta 54: 5 24 9 46 18 19 32 45 48
Volta 55: 5 24 9 46 19 32 18 45
Volta 56: 5 24 46 9 32 18 19 45
Volta 57: 24 5 46 9 19 32 18
Volta 58: 24 5 46 9 19 32 18
Volta 59: 24 5 46 9 19 32
Volta 60: 24 5 9 19 32
Volta 61: 24 5 9 19
Volta 62: 24 5 19 9
Volta 63: 24 5 19
Volta 64: 24 5 19

Ranqueamento Final:
1: Ciclista 19 - 6300.42 segundos
2: Ciclista 24 - 6150.54 segundos
3: Ciclista 5 - 6150.06 segundos
4: Ciclista 9 - 6075.18 segundos
5: Ciclista 32 - 5851.14 segundos
6: Ciclista 18 - 5850.42 segundos
7: Ciclista 45 - 5551.02 segundos
8: Ciclista 48 - 5401.14 segundos
9: Ciclista 14 - 5250.30 segundos
10: Ciclista 20 - 5100.42 segundos
11: Ciclista 25 - 4950.54 segundos
12: Ciclista 44 - 4726.02 segundos
13: Ciclista 49 - 4501.14 segundos
14: Ciclista 7 - 4350.18 segundos
15: Ciclista 50 - 4126.14 segundos
16: Ciclista 1 - 3975.06 segundos
17: Ciclista 29 - 3750.66 segundos
18: Ciclista 13 - 3525.30 segundos
19: Ciclista 43 - 3301.02 segundos
20: Ciclista 16 - 3225.42 segundos
21: Ciclista 2 - 3075.06 segundos
22: Ciclista 28 - 2775.66 segundos
23: Ciclista 23 - 2550.54 segundos
24: Ciclista 11 - 2400.30 segundos
25: Ciclista 42 - 2176.02 segundos
26: Ciclista 4 - 2100.06 segundos
27: Ciclista 6 - 1800.18 segundos
28: Ciclista 41 - 1576.02 segundos
29: Ciclista 27 - 1350.66 segundos
30: Ciclista 10 - 1200.18 segundos
31: Ciclista 31 - 975.78 segundos
32: Ciclista 12 - 825.30 segundos
33: Ciclista 37 - 525.90 segundos
34: Ciclista 47 - 301.14 segundos

Ciclista 3 quebrou na volta 48 - 4425.00 segundos
Ciclista 8 quebrou na volta 12 - 1125.12 segundos
Ciclista 15 quebrou na volta 12 - 1275.24 segundos
Ciclista 17 quebrou na volta 30 - 2775.36 segundos
Ciclista 21 quebrou na volta 42 - 4125.48 segundos
Ciclista 22 quebrou na volta 6 - 525.48 segundos
Ciclista 26 quebrou na volta 30 - 3150.60 segundos
Ciclista 30 quebrou na volta 24 - 2175.60 segundos
Ciclista 33 quebrou na volta 30 - 2925.72 segundos
Ciclista 34 quebrou na volta 54 - 5325.72 segundos
Ciclista 35 quebrou na volta 18 - 1875.72 segundos
Ciclista 36 quebrou na volta 12 - 1200.84 segundos
Ciclista 38 quebrou na volta 24 - 2325.84 segundos
Ciclista 39 quebrou na volta 30 - 3075.84 segundos
Ciclista 40 quebrou na volta 24 - 2325.84 segundos
Ciclista 46 quebrou na volta 60 - 5851.08 segundos
