Volta 1: 3 4 1 2 5 9 10 6 8 7 14 13 15 12 11 19 16 20 18 17 24 23 21 22 25 26 30 29 27 28 32 34 31 33 35 37 38 39 40 36 43 42 45 44 41 50 47 48 49 46
Volta 2: 1 5 3 4 10 9 6 7 11 12 13 15 20 18 17 16 25 24 21 23 22 26 30 29 27 33 34 32 31 35 37 36 45 42 49 46 47 50 2 8 14 19 28 38 40 39 44 43 41 48
Volta 3: 1 3 10 6 9 13 17 18 20 25 22 23 26 29 30 33 31 37 45 46 49 50 2 5 4 8 7 14 12 15 11 16 19 24 21 28 27 32 35 34 38 40 36 39 42 41 43 44 47
Volta 4: 3 1 6 9 13 20 17 23 25 30 31 50 49 46 4 5 2 7 8 10 15 11 18 16 22 21 27 29 26 32 33 35 37 36 38 39 44 45 43 41 47 12 14 19 24 28 34 40 42
Volta 5: 3 6 13 17 23 25 31 49 46 4 5 1 2 10 9 11 20 18 22 26 27 30 35 33 36 39 37 38 44 45 41 47 50 8 7 12 14 15 16 19 24 21 28 29 32 40 43 34
Volta 6: 3 6 17 23 25 31 49 46 9 13 20 18 30 27 26 39 38 45 47 50 2 4 1 5 10 8 11 14 16 19 21 22 32 35 33 37 36 41 44 7 15 28 29 34 43
Volta 7: 3 6 17 25 23 31 49 13 20 26 30 27 38 39 45 50 46 47 4 1 5 8 9 14 11 18 19 16 22 32 35 36 37 41 44 2 10 15 21 28 29 33 7 34
Volta 8: 3 6 17 23 25 49 31 45 50 46 1 11 14 13 16 18 20 22 27 30 26 35 32 39 37 36 38 41 44 47 4 5 2 10 9 8 15 19 21 29 33 28 34 7
Volta 9: 3 17 23 25 49 6 31 45 46 1 11 14 13 16 18 20 27 30 35 38 39 36 37 41 50 47 5 4 10 8 19 21 22 26 33 32 44 2 9 15 29 28 34
Volta 10: 3 6 17 23 25 45 46 49 14 13 11 18 30 35 31 38 36 39 50 47 5 1 4 8 16 20 19 21 22 26 27 33 37 44 41 2 10 15 29 28 32 9 34
Volta 11: 3 6 45 46 49 11 14 17 18 23 25 30 31 5 4 1 13 19 27 26 35 39 38 36 50 47 10 8 16 20 22 21 29 32 33 37 41 44 2 9 15 28
Volta 12: 3 6 45 49 14 17 46 1 5 4 13 19 18 25 23 27 30 31 35 36 39 38 47 8 20 21 22 26 29 32 33 37 41 44 50 2 9 10 16 15 28
Volta 13: 3 6 45 49 14 46 5 1 4 13 18 17 23 25 27 30 35 39 38 47 19 22 21 29 26 32 31 36 37 41 50 2 10 8 20 16 33 44 9 15
Volta 14: 3 6 14 45 49 1 13 18 17 23 25 27 35 39 38 46 4 5 19 22 21 30 26 31 36 50 47 2 10 8 16 29 32 33 37 44 41 9 20 15
Volta 15: 3 6 14 45 49 18 17 23 39 46 4 1 5 13 25 27 26 30 35 38 47 50 10 19 22 21 29 31 36 37 41 44 2 8 20 16 32 33 9
Volta 16: 3 6 14 45 49 46 1 4 13 17 18 23 25 39 38 50 5 10 22 21 29 27 26 30 35 31 41 44 47 20 19 33 32 36 37 2 8 9 16
Volta 17: 6 49 3 14 45 46 4 1 13 17 18 25 23 38 5 10 21 22 27 29 35 39 44 41 50 20 26 30 32 33 31 36 47 2 8 9 19 37
Volta 18: 6 49 3 45 46 1 4 14 13 23 25 38 5 18 17 22 39 44 50 10 20 21 29 27 30 31 32 33 41 47 19 26 37 36 2 9 8
Volta 19: 49 6 45 46 3 4 14 13 25 1 18 17 23 22 38 39 50 5 10 20 21 29 27 33 31 41 44 19 30 26 32 47 2 9 37 36
Volta 20: 6 45 49 46 3 14 25 1 4 13 23 39 50 5 10 17 18 21 22 29 27 33 31 38 44 20 19 30 32 41 2 9 26 36 47 37
Volta 21: 6 45 46 14 25 49 4 3 1 13 39 5 18 17 23 22 29 27 33 38 44 50 10 19 20 21 30 32 31 41 2 9 26 36 47
Volta 22: 6 46 45 3 1 14 25 39 49 4 5 13 29 27 38 44 10 17 18 23 22 32 31 33 50 2 20 19 21 30 41 9 36 47 26
Volta 23: 46 6 45 1 3 14 25 49 5 4 38 39 44 10 13 17 18 22 23 29 27 32 33 50 2 20 21 30 31 41 9 19 36 47
Volta 24: 6 1 45 49 3 4 14 25 38 39 44 5 18 17 22 27 32 2 10 13 23 29 30 31 50 9 20 19 21 36 41 47
Volta 25: 6 1 45 49 3 14 25 39 44 4 5 17 22 32 38 2 13 18 23 29 27 50 10 9 19 21 30 31 36 41 20
Volta 26: 6 1 3 25 39 44 45 49 4 14 22 38 5 2 18 17 29 32 13 21 23 30 27 31 36 50 9 10 19 20 41
Volta 27: 1 3 6 39 45 44 49 4 14 25 38 5 17 18 22 29 32 2 13 23 21 27 31 50 10 9 19 20 30 36
Volta 28: 3 6 45 1 4 14 25 38 39 44 49 17 22 29 32 5 2 13 18 23 21 9 19 27 30 31 36 50 10 20
Volta 29: 45 4 1 3 6 14 25 38 39 44 49 17 22 29 32 5 2 18 21 9 13 19 23 27 31 50 10 30 36
Volta 30: 1 4 3 14 25 39 38 45 44 6 17 29 32 49 21 22 5 2 9 19 18 23 31 50 10 27 30 36
Volta 31: 14 39 38 45 1 4 3 6 25 32 44 17 22 29 49 5 9 19 18 21 31 2 23 30 50 10 27
Volta 32: 4 3 14 32 38 39 45 44 1 6 17 25 29 49 9 19 18 21 22 31 5 23 50 2 10 27 30
Volta 33: 4 3 32 39 38 45 44 1 6 14 17 9 18 25 21 22 29 49 19 31 5 10 23 27 50 2
Volta 34: 4 3 39 45 1 6 14 17 32 38 44 21 22 29 49 9 18 19 25 31 5 10 23 50 27 2
Volta 35: 3 4 39 45 6 14 32 38 44 1 17 22 29 49 9 19 25 21 31 10 18 23 50 5 27
Volta 36: 4 39 3 6 32 38 45 1 14 17 22 44 49 19 21 29 9 10 18 25 31 5 23 50
Volta 37: 4 39 3 6 32 38 45 17 22 44 49 1 14 21 9 19 18 25 29 31 5 10 23
Volta 38: 4 6 38 39 45 3 22 32 44 1 17 21 49 14 5 9 10 19 18 25 23 29 31
Volta 39: 4 38 45 3 6 22 32 39 44 1 17 21 49 5 9 14 19 18 25 29 10 23
Volta 40: 4 38 45 3 6 39 44 17 22 21 32 49 1 5 9 19 18 25 29 10 14 23
Volta 41: 4 6 39 38 44 45 3 1 17 21 22 32 49 5 9 18 25 29 10 14 19
Volta 42: 6 38 39 45 44 3 4 1 17 22 32 49 5 9 18 25 21 19 29 14
Volta 43: 6 38 39 44 4 45 3 17 32 1 18 25 22 21 49 5 9 19 29
Volta 44: 6 38 44 39 45 4 3 17 22 32 49 1 5 9 18 25 21 19 29
Volta 45: 6 38 44 39 3 4 45 17 22 32 49 1 5 9 18 21 25 19
Volta 46: 6 38 44 39 4 3 17 32 45 49 1 9 18 22 25 5 19 21
Volta 47: 6 38 39 44 4 3 32 45 1 9 17 25 22 49 5 18 19
Volta 48: 6 38 39 44 4 3 45 1 9 17 22 18 5 19
Volta 49: 6 39 44 38 3 4 22 45 1 9 17 18 5
Volta 50: 6 39 44 4 38 3 22 1 9 17 18 45 5
Volta 51: 6 39 44 4 22 38 3 1 9 17 45 18
Volta 52: 6 39 44 22 38 3 4 17 45 1 9 18
Volta 53: 6 39 44 4 22 38 3 1 9 17 45
Volta 54: 6 39 44 22 3 4 1 9 17 45
Volta 55: 6 39 44 22 1 4 17 3 9
Volta 56: 6 39 44 22 4 17 1 3 9
Volta 57: 6 39 44 22 4 1 3 17
Volta 58: 6 39 44 22 4 3 17 1
Volta 59: 6 39 44 4 22 3 17
Volta 60: 6 39 44 4 22 17 3
Volta 61: 6 39 4 22 44 17
Volta 62: 6 39 4 44 22 17
Volta 63: 6 39 4 22 44
Volta 64: 6 22 39 44 4
Volta 65: 6 39 44 22
Volta 66: 6 22 39 44
Volta 67: 6 39 22
Volta 68: 6 22 39
Volta 69: 6 22
Volta 70: 6 22

Ranqueamento Final:
1: Ciclista 22 - 6750.54 segundos
2: Ciclista 39 - 6600.90 segundos
3: Ciclista 6 - 6450.18 segundos
4: Ciclista 44 - 6376.02 segundos
5: Ciclista 4 - 6225.06 segundos
6: Ciclista 17 - 6075.42 segundos
7: Ciclista 3 - 6000.06 segundos
8: Ciclista 1 - 5775.06 segundos
9: Ciclista 9 - 5550.18 segundos
10: Ciclista 45 - 5326.02 segundos
11: Ciclista 18 - 5175.42 segundos
12: Ciclista 5 - 5025.06 segundos
13: Ciclista 19 - 4875.42 segundos
14: Ciclista 21 - 4650.54 segundos
15: Ciclista 29 - 4500.66 segundos
16: Ciclista 14 - 4350.30 segundos
17: Ciclista 23 - 4125.54 segundos
18: Ciclista 31 - 3900.78 segundos
19: Ciclista 50 - 3751.14 segundos
20: Ciclista 2 - 3675.06 segundos
21: Ciclista 30 - 3375.66 segundos
22: Ciclista 36 - 3150.90 segundos
23: Ciclista 20 - 3000.42 segundos
24: Ciclista 41 - 2776.02 segundos
25: Ciclista 47 - 2626.14 segundos
26: Ciclista 26 - 2475.66 segundos
27: Ciclista 37 - 2250.90 segundos
28: Ciclista 8 - 2025.18 segundos
29: Ciclista 16 - 1800.42 segundos
30: Ciclista 15 - 1650.30 segundos
31: Ciclista 28 - 1425.66 segundos
32: Ciclista 34 - 1200.78 segundos
33: Ciclista 7 - 1050.18 segundos
34: Ciclista 43 - 751.02 segundos
35: Ciclista 42 - 526.02 segundos
36: Ciclista 48 - 301.14 segundos

Ciclista 10 quebrou na volta 42 - 4350.12 segundos
Ciclista 11 quebrou na volta 12 - 1125.24 segundos
Ciclista 12 quebrou na volta 6 - 675.24 segundos
Ciclista 13 quebrou na volta 30 - 3075.24 segundos
Ciclista 24 quebrou na volta 6 - 675.48 segundos
Ciclista 25 quebrou na volta 48 - 4725.48 segundos
Ciclista 27 quebrou na volta 36 - 3750.60 segundos
Ciclista 32 quebrou na volta 48 - 4650.72 segundos
Ciclista 33 quebrou na volta 24 - 2475.72 segundos
Ciclista 35 quebrou na volta 18 - 1800.72 segundos
Ciclista 38 quebrou na volta 54 - 5250.84 segundos
Ciclista 40 quebrou na volta 6 - 675.84 segundos
Ciclista 46 quebrou na volta 24 - 2176.08 segundos
Ciclista 49 quebrou na volta 48 - 4726.08 segundos
