Volta 1: 2 1 5 4 3 6 10 8 9 7 15 13 12 11 14 16 17 20 19 18 22 24 23 25 21 30 26 27 29 28 35 31 33 34 32 38 37 36 40 39 44 42 43 45 41 50 49 48 46 47 53 55 52 54 51 60 59 56 57 58 64 65 63 61 62 69 68 67 70 66 75 73 74 72 71 79 77 80 78 76 84 81 82 83 85 89 86 90 87 88 92 93 95 91 94 96 97 98 100 99
Volta 2: 4 3 2 1 5 7 9 10 11 15 13 12 16 20 17 18 19 24 22 23 21 28 29 30 27 35 33 34 32 38 36 40 43 44 41 45 42 46 47 50 49 48 54 53 52 55 58 57 59 60 63 61 62 65 67 68 69 66 75 72 71 73 78 76 79 80 85 84 86 88 87 90 89 94 93 91 98 99 96 100 6 8 14 25 26 31 39 37 51 56 64 70 74 77 83 81 82 95 92 97
Volta 3: 4 1 3 2 7 15 11 18 16 19 20 21 22 28 27 30 29 35 32 33 40 36 42 43 49 48 55 54 57 58 59 60 61 65 66 69 68 75 73 72 80 86 90 87 89 94 93 99 98 5 8 6 9 10 13 14 12 17 25 24 23 26 31 34 37 38 41 44 45 47 46 50 51 52 53 56 63 64 62 70 67 74 71 76 79 77 78 84 85 83 82 81 88 95 91 100 96 39 92
Volta 4: 1 4 15 11 19 20 16 21 28 29 32 35 43 42 49 60 61 65 66 68 75 90 87 93 5 3 2 10 6 7 9 8 13 14 12 17 18 22 23 24 27 30 31 33 38 40 37 36 41 45 44 47 48 46 50 55 51 53 54 59 57 58 56 63 62 70 67 69 71 73 72 74 77 80 79 78 76 85 83 81 88 89 86 94 91 96 99 98 100 25 26 34 52 64 84 82 95 39 92
Volta 5: 4 15 11 21 29 32 35 42 43 60 65 66 87 90 93 2 3 1 8 10 6 7 13 19 17 16 20 18 24 22 30 27 28 33 31 36 37 40 41 46 50 48 49 55 54 53 51 59 58 61 63 69 67 68 73 75 72 74 80 76 79 83 81 85 88 86 89 99 98 5 9 12 14 23 34 38 44 45 47 57 56 64 62 70 71 77 78 82 84 94 91 95 96 100 25 26 39 52
Volta 6: 4 15 11 21 43 42 60 90 93 1 3 10 8 13 20 18 19 16 24 22 29 30 27 28 32 35 36 48 50 59 58 65 63 61 68 66 69 67 75 72 73 79 83 81 86 88 87 99 2 9 7 6 14 12 17 34 33 31 40 37 45 41 46 49 51 55 54 57 62 64 74 71 77 80 76 78 82 84 85 89 94 95 91 96 100 5 25 26 38 44 47 56 70
Volta 7: 4 15 21 43 42 60 93 1 11 20 19 30 29 27 28 35 32 36 50 58 65 61 66 69 72 75 83 88 86 87 90 99 3 2 6 8 9 10 7 13 12 18 16 24 22 34 33 37 40 45 41 46 48 51 59 63 68 67 73 74 76 80 77 79 82 81 85 91 95 94 100 96 5 14 17 26 31 38 49 47 55 54 56 57 62 64 71 78 84 89 25 44
Volta 8: 4 21 43 42 60 93 1 11 15 27 28 30 35 36 50 65 69 75 72 87 86 90 88 2 3 10 8 12 13 20 19 24 29 32 33 34 37 45 41 46 51 59 58 63 61 66 67 73 74 80 79 76 77 85 81 83 94 95 99 6 7 9 14 18 16 17 22 26 31 40 38 49 48 47 54 55 57 64 62 68 71 84 82 89 91 100 96 5 44 56 78 25
Volta 9: 4 42 60 11 15 21 30 28 27 36 43 65 69 75 88 93 3 1 10 8 12 20 19 29 33 35 32 34 37 41 45 50 58 59 61 66 72 73 74 77 76 83 81 86 90 87 95 99 2 7 9 13 14 16 17 18 24 26 31 46 48 51 63 67 71 80 79 85 82 91 94 96 100 5 6 22 38 40 47 49 54 55 57 56 64 62 68 78 84 89 44
Volta 10: 4 60 11 15 27 28 42 43 65 75 93 1 10 20 19 21 30 32 33 35 37 36 41 59 58 69 66 74 73 72 77 76 83 87 90 86 88 95 99 3 2 8 7 13 12 16 17 18 24 29 26 34 45 48 50 46 51 61 67 71 80 79 81 91 94 96 6 9 14 22 31 38 49 47 55 57 63 62 64 68 82 85 84 89 100 5 40 44 54 56 78
Volta 11: 60 4 11 28 27 42 65 75 1 15 21 30 35 32 36 37 43 41 59 58 69 66 72 76 77 83 87 86 93 95 99 3 8 10 7 13 12 19 16 18 20 24 26 29 34 33 48 50 51 67 74 73 81 88 90 96 2 6 14 17 38 45 46 47 63 62 64 61 68 71 80 79 84 85 91 94 100 5 9 22 31 40 49 55 54 56 57 82 89 44
Volta 12: 60 28 75 4 11 15 21 30 27 37 42 41 58 65 72 77 83 86 87 95 93 99 1 10 7 13 19 20 18 29 35 33 36 43 51 59 69 66 67 74 73 76 81 88 90 3 2 6 8 12 16 17 26 34 38 45 48 46 50 62 63 61 64 68 71 79 84 94 96 5 9 14 22 31 40 49 47 54 57 56 80 85 82 91 44 89
Volta 13: 28 60 75 4 11 15 27 37 41 42 58 72 83 86 87 95 1 7 10 13 20 19 21 29 30 35 36 43 65 67 66 69 77 76 93 99 3 8 6 12 18 17 16 26 34 33 45 48 50 51 59 62 64 74 73 71 79 84 81 88 90 94 96 2 9 14 22 40 38 46 54 57 61 63 68 80 85 91 5 31 44 49 47 56 82
Volta 14: 60 75 4 15 28 27 42 58 72 86 87 95 1 10 13 11 20 19 21 30 37 41 43 65 67 69 66 76 77 83 93 99 6 8 7 12 17 18 16 29 35 33 36 45 48 59 62 64 73 71 74 79 81 90 88 2 3 14 22 26 34 38 46 50 51 57 61 63 68 80 84 91 94 96 9 31 40 44 54 56 82 85 5 47 49
Volta 15: 60 75 15 28 58 86 87 95 1 4 11 20 21 30 27 37 43 41 42 65 66 69 67 72 77 83 99 7 8 6 10 13 18 19 16 29 33 35 36 48 62 73 71 79 76 81 90 93 2 3 14 12 17 22 26 38 45 46 50 59 64 61 74 80 84 88 94 96 9 34 31 40 44 54 51 57 63 68 82 91 5 56 85 47
Volta 16: 60 15 28 58 75 86 95 4 1 11 20 21 30 27 37 41 42 67 69 72 83 87 99 7 6 10 8 13 16 29 33 36 43 48 62 65 66 73 76 77 79 81 93 14 18 17 19 22 26 35 50 59 64 74 71 80 90 94 96 3 2 9 12 31 34 38 44 45 46 51 54 57 63 61 84 82 88 91 40 68 85 5 56 47
Volta 17: 60 15 58 86 95 1 11 20 28 30 37 42 41 69 67 75 72 4 7 6 8 13 16 21 27 33 48 65 62 66 77 79 81 83 87 93 99 10 19 18 17 29 26 35 36 43 50 59 73 71 76 90 96 2 9 14 22 34 38 44 45 46 54 64 61 63 74 80 84 82 88 94 91 3 12 31 40 51 57 68 5 56 85
Volta 18: 60 86 95 1 15 11 30 28 37 42 58 67 7 6 16 20 21 27 33 41 65 62 66 69 72 77 79 81 83 87 93 99 4 10 8 13 19 17 29 35 48 73 76 90 9 22 26 34 38 36 45 43 44 46 50 59 64 71 74 80 82 84 88 91 94 96 2 3 31 40 51 54 61 63 12 57 56 68 5 85
Volta 19: 60 86 95 1 15 11 30 67 6 7 16 20 28 27 33 37 42 58 65 69 72 83 93 99 10 13 17 21 35 41 48 62 66 73 77 76 79 81 87 90 4 9 8 19 29 26 36 38 43 44 46 59 71 80 82 84 91 96 2 22 34 31 45 50 54 61 64 63 74 88 94 3 12 40 51 57 56 68 5
Volta 20: 60 95 15 11 30 67 86 1 7 6 20 16 28 33 42 65 72 83 93 99 10 17 21 27 37 41 48 58 62 69 66 76 77 90 87 4 8 13 19 29 35 43 46 59 73 71 79 82 81 91 96 2 9 26 34 31 38 36 44 45 50 64 74 80 84 88 94 3 12 22 40 54 56 57 63 61 5 51 68
Volta 21: 60 95 30 67 1 6 11 15 28 42 65 72 83 86 93 99 10 7 17 16 20 33 37 62 66 69 87 4 13 21 27 29 35 41 43 46 48 59 58 73 71 77 76 81 82 90 91 96 2 8 9 19 34 38 36 45 44 64 74 79 80 84 94 3 12 22 26 31 40 50 54 56 61 63 88 51 57 5
Volta 22: 95 30 60 67 6 11 28 65 72 83 93 1 10 7 15 20 17 33 37 42 62 86 87 99 4 13 16 21 27 29 35 41 48 58 59 69 66 71 77 76 81 82 90 91 2 8 9 34 43 45 44 46 73 74 79 80 84 94 96 12 19 22 31 40 36 38 50 54 64 61 3 26 51 56 57 63 88 5
Volta 23: 95 60 67 6 11 30 28 65 83 1 7 15 20 17 33 72 86 93 99 10 16 21 29 27 37 42 41 48 58 62 69 71 76 82 90 87 4 2 9 13 35 43 44 45 46 59 66 74 73 80 77 84 81 94 91 96 8 12 19 22 34 38 36 40 54 64 79 3 26 31 50 51 56 61 57 63 88
Volta 24: 95 60 67 30 28 65 1 11 15 20 33 72 83 86 93 99 7 17 21 27 29 37 48 58 62 69 82 87 90 2 10 9 13 35 42 43 41 59 66 73 71 76 81 4 8 12 22 40 38 44 45 46 54 64 74 77 80 84 91 94 96 3 19 26 34 31 36 50 51 61 79 56 57 63 88
Volta 25: 95 60 28 30 65 67 1 11 15 20 33 72 83 99 7 17 21 27 37 62 69 82 86 90 93 2 9 10 13 29 41 43 48 58 59 73 71 76 87 8 22 35 40 42 44 45 64 66 74 80 84 81 94 91 4 12 19 36 38 46 50 54 61 77 79 96 3 26 31 34 51 56 63 57
Volta 26: 95 30 28 60 65 67 1 15 20 33 72 83 11 21 37 69 90 86 93 99 2 9 7 13 17 29 27 43 48 59 62 76 82 87 10 8 22 35 40 41 42 44 45 58 66 71 74 73 80 81 4 12 19 36 38 46 54 61 64 79 77 84 91 94 96 3 26 50 51 56 31 34 57 63
Volta 27: 95 28 30 60 65 1 15 33 67 83 11 20 21 37 72 86 93 99 2 9 13 17 27 43 48 59 62 69 82 87 90 10 7 22 29 35 45 44 42 58 66 73 71 76 81 4 8 12 36 40 38 41 46 54 74 79 80 84 94 91 96 3 19 26 50 64 61 77 31 51 56 34 57
Volta 28: 95 28 65 30 33 60 67 1 11 15 20 21 37 72 83 86 99 2 9 17 27 48 59 62 69 82 90 93 7 13 22 35 45 43 42 44 66 73 71 76 87 8 10 29 36 40 38 41 54 58 74 79 80 81 94 3 4 12 26 50 46 64 61 77 84 91 96 19 56 31 51 57 34
Volta 29: 28 95 33 60 65 67 1 15 11 20 30 37 72 83 9 21 69 82 86 93 99 2 7 13 17 22 27 35 42 48 59 62 66 71 76 87 90 10 29 38 36 43 44 45 74 73 79 80 81 4 8 12 26 40 41 50 46 54 58 64 84 91 94 96 3 19 56 61 77 31 51 57
Volta 30: 95 28 20 30 33 60 65 67 1 15 21 37 72 83 86 99 9 17 22 27 35 42 48 59 62 69 71 76 82 90 87 93 7 10 13 38 45 44 43 66 79 80 4 8 29 26 36 41 54 58 73 74 94 91 96 12 40 46 61 64 77 84 3 19 57 56 31 51
Volta 31: 28 95 30 33 60 65 67 1 20 21 37 72 86 99 9 15 17 48 59 69 83 82 87 90 93 7 13 22 27 35 43 42 44 62 71 80 76 10 8 29 26 36 38 41 45 54 58 66 74 73 79 91 94 96 4 40 46 64 61 77 3 12 19 56 57 84 31
Volta 32: 95 28 30 33 60 65 67 1 72 86 9 15 20 17 21 37 48 59 69 82 90 87 93 99 27 35 42 44 71 80 83 10 7 8 13 22 29 38 36 43 45 54 62 66 73 76 79 94 91 96 26 40 41 58 64 74 4 3 12 19 46 56 61 77 84 57 31
Volta 33: 95 28 33 60 67 1 30 65 86 15 20 17 21 37 59 69 72 82 87 99 9 27 35 44 42 48 71 83 90 93 10 8 7 13 22 29 38 43 45 66 73 79 80 91 94 96 26 36 40 41 54 62 76 3 4 12 46 58 61 64 74 77 19 57 56 84
Volta 34: 95 28 60 67 1 33 65 86 17 21 30 37 69 72 82 87 99 9 15 20 27 35 42 44 48 59 71 90 13 29 38 45 73 80 83 94 93 10 7 8 22 36 40 43 41 54 66 76 79 91 96 3 12 26 46 58 62 61 64 74 4 19 56 77 84 57
Volta 35: 95 60 67 1 28 86 30 33 37 65 69 72 82 9 15 20 17 21 27 35 42 48 59 87 90 99 45 44 71 73 80 83 93 94 8 7 10 13 29 40 38 41 43 66 79 91 96 3 22 26 36 46 54 58 62 74 76 4 12 19 61 64 84 56 77
Volta 36: 95 60 67 28 1 30 33 37 65 69 72 82 86 9 15 21 35 42 59 87 90 99 17 20 27 45 48 71 80 7 29 38 66 94 93 96 3 10 13 22 26 40 36 41 43 46 74 79 91 4 12 54 58 62 64 61 76 19 56 77
Volta 37: 95 60 67 28 1 30 33 37 69 72 82 86 9 21 35 42 59 65 90 87 99 15 17 20 27 48 71 80 38 45 94 93 96 3 7 10 13 22 29 26 40 36 43 41 46 66 74 79 91 4 12 58 61 62 76 19 54 56 64
Volta 38: 95 60 67 28 30 33 86 1 35 37 42 65 69 72 82 87 90 9 15 21 27 59 71 80 99 17 20 45 48 93 96 3 7 10 13 22 29 26 38 36 43 41 46 66 79 94 91 4 12 40 74 76 19 54 56 58 62 61 64
Volta 39: 95 60 28 67 86 1 30 33 35 37 42 65 69 82 90 87 9 15 21 27 59 72 80 99 17 20 45 48 71 93 96 3 10 26 29 38 43 46 66 79 94 91 7 13 22 40 36 41 74 4 12 54 58 56 62 61 76 19
Volta 40: 95 28 60 67 86 1 30 33 35 37 42 65 69 90 21 72 80 82 87 99 9 15 20 27 45 59 71 93 17 29 38 48 66 94 96 3 10 22 26 41 43 46 74 79 91 4 7 12 13 40 36 54 56 76 19 58 61 62
Volta 41: 95 60 1 30 28 33 35 42 67 86 37 65 69 80 82 90 87 99 9 15 20 21 27 45 59 71 72 93 17 29 38 48 96 3 10 26 43 41 66 79 91 94 4 12 22 36 40 46 54 56 74 7 13 19 58 61 76
Volta 42: 95 1 28 42 60 67 86 30 33 35 65 69 87 99 9 15 21 37 45 59 72 80 82 90 93 20 29 27 48 71 96 3 10 17 38 41 66 79 91 4 22 43 46 56 94 7 12 19 36 54 58 74 13 61 76
Volta 43: 95 1 28 60 67 86 30 35 42 65 87 99 9 15 33 37 45 69 72 80 82 20 21 29 27 48 59 71 90 93 96 3 17 38 41 66 79 91 10 22 46 4 12 36 43 54 56 74 94 7 13 19 58 61
Volta 44: 95 1 28 60 86 30 65 67 87 33 35 42 69 82 99 9 15 20 21 27 37 45 48 59 71 72 80 90 93 96 3 29 38 79 17 41 46 66 91 4 10 22 36 43 54 56 94 7 12 13 19 74 58 61
Volta 45: 95 28 86 1 60 65 67 30 35 33 42 69 82 87 99 9 15 20 21 27 37 45 59 71 72 80 93 3 29 38 48 79 90 96 17 41 46 66 91 10 22 36 54 56 4 7 13 12 43 74 94 19 58
Volta 46: 28 95 60 65 86 1 30 33 42 67 69 82 87 99 15 20 27 35 37 59 80 93 3 9 21 29 38 45 48 72 71 90 96 17 41 46 79 91 36 56 66 4 10 12 13 22 43 54 74 7 19 94 58
Volta 47: 28 95 65 86 1 30 33 42 60 69 67 82 15 20 27 35 59 80 87 93 99 3 9 21 29 37 38 45 72 71 90 17 41 48 46 79 91 96 36 66 4 10 12 22 43 56 74 7 13 54 94 19
Volta 48: 28 65 86 95 30 42 60 67 82 1 15 20 27 33 59 69 80 87 99 3 29 35 45 71 93 9 17 21 38 37 48 46 72 90 91 96 36 66 79 4 12 56 74 10 13 43 54 7 19
Volta 49: 65 30 28 42 60 67 82 86 95 15 33 59 69 80 1 20 27 29 35 71 87 93 99 3 9 17 21 38 45 48 91 96 37 46 66 72 79 90 36 74 4 10 12 13 43 54 56 7
Volta 50: 28 30 42 60 65 82 86 95 15 33 69 67 80 20 27 29 35 59 99 1 3 17 48 71 87 93 96 9 21 38 37 45 46 66 72 79 90 91 36 74 4 10 13 12 43 54 56 7
Volta 51: 30 42 60 82 95 28 65 67 86 15 27 29 33 35 59 69 80 3 1 20 48 71 87 99 9 17 21 38 37 66 72 91 93 96 45 46 79 90 10 12 36 43 54 74 4 13 56
Volta 52: 30 42 95 28 60 65 82 86 15 29 35 67 69 80 1 20 27 33 48 59 71 99 3 9 17 37 38 87 93 21 46 66 72 79 90 91 96 12 36 45 43 54 74 4 10 13 56
Volta 53: 30 42 60 65 82 86 95 28 29 35 67 80 1 15 20 27 48 59 69 99 3 9 33 37 71 87 17 21 38 66 72 91 93 36 45 46 79 90 96 4 10 12 43 54 74 13
Volta 54: 30 42 60 65 82 95 28 29 35 86 20 27 48 59 67 69 80 1 3 9 71 99 17 21 33 37 66 72 87 93 91 38 45 46 79 96 36 43 54 74 90 4 10 12
Volta 55: 30 42 60 65 95 29 28 82 86 20 27 35 59 69 67 1 3 48 71 80 99 9 17 21 37 87 33 38 45 46 66 72 93 91 36 54 74 79 90 96 4 10 43
Volta 56: 30 29 42 60 65 82 86 95 20 28 35 67 69 3 27 48 59 71 80 99 1 9 17 37 87 21 33 38 45 93 91 46 54 66 72 79 90 96 4 10 36 43 74
Volta 57: 30 42 60 65 82 86 95 29 69 20 27 28 35 48 59 67 71 3 17 37 80 99 1 9 21 33 38 45 87 93 66 72 79 91 4 10 36 43 46 54 90 96
Volta 58: 30 42 65 86 95 29 60 82 27 28 35 69 71 3 17 20 37 48 59 67 80 99 1 9 21 33 45 87 38 66 72 79 93 10 43 54 90 91 4 36 46 96
Volta 59: 30 42 65 86 60 82 95 29 27 28 69 71 3 20 35 37 48 59 67 80 9 17 21 33 45 87 99 1 38 66 72 79 10 90 93 91 4 43 46 54 36
Volta 60: 30 42 60 65 82 86 95 29 69 71 20 28 27 35 48 80 3 9 17 21 37 59 67 87 1 33 38 10 66 72 79 90 91 4 43 46 54 93 36
Volta 61: 30 42 60 65 86 69 71 82 95 20 27 28 29 35 48 3 9 17 21 59 67 80 33 37 87 1 10 38 66 72 79 90 43 91 93 4 46 54
Volta 62: 30 42 60 86 65 82 20 27 29 35 69 71 95 9 17 28 48 67 80 3 21 33 37 59 87 10 38 72 79 1 43 66 90 91 93 46 54 4
Volta 63: 30 60 86 42 65 82 29 35 69 71 95 9 20 17 27 28 48 67 80 3 21 33 59 87 38 37 72 79 1 10 66 90 91 93 43 46 54
Volta 64: 30 60 86 42 65 29 69 71 82 95 20 27 35 67 80 9 17 21 28 33 48 59 87 3 37 72 79 1 10 38 90 93 91 54 66 43 46
Volta 65: 30 60 86 42 65 71 82 20 29 27 35 69 67 95 9 17 21 28 33 48 80 3 37 59 79 87 1 10 38 72 91 54 66 90 93 43
Volta 66: 30 86 42 65 71 82 27 29 69 95 9 17 20 35 67 80 21 28 33 48 87 3 10 37 38 59 72 79 1 66 90 91 54 93 43
Volta 67: 30 86 42 65 71 82 29 69 9 20 27 35 67 95 17 21 33 48 80 87 3 10 28 37 72 79 38 59 90 91 1 54 66 93
Volta 68: 30 86 42 65 71 82 29 69 27 35 67 95 9 17 20 21 80 87 28 33 37 48 72 79 3 10 38 59 1 54 66 90 91 93
Volta 69: 30 86 65 82 29 42 71 27 35 69 67 17 80 95 9 20 21 28 33 48 79 87 3 10 37 38 59 72 66 1 54 90 91
Volta 70: 30 86 29 65 71 82 27 35 42 67 69 17 80 95 9 21 33 48 79 10 20 28 37 38 87 3 59 66 72 1 54 90 91
Volta 71: 30 86 29 65 71 82 35 42 69 67 17 27 21 33 48 80 79 95 9 20 28 37 87 3 10 38 66 72 1 59 90 54
Volta 72: 30 29 65 71 86 35 42 69 82 17 27 67 21 48 80 95 9 28 33 37 79 3 10 20 38 72 87 59 1 54 90
Volta 73: 30 65 71 29 82 86 27 35 42 67 69 17 48 80 21 33 37 79 95 10 9 20 28 38 72 3 59 87 1 54
Volta 74: 30 65 29 71 82 27 35 42 69 86 17 67 80 21 33 37 48 79 95 10 9 20 28 38 3 72 87 1 59 54
Volta 75: 30 65 29 71 82 27 35 42 86 17 67 69 37 48 79 80 20 21 28 33 95 3 9 10 38 72 87 1 59
Volta 76: 30 29 65 71 82 27 35 86 42 67 17 37 48 69 80 20 33 79 95 3 9 21 28 72 1 10 38 59 87
Volta 77: 30 29 65 71 82 86 27 35 42 67 48 69 80 17 33 37 79 95 3 9 20 21 1 10 28 38 59 72
Volta 78: 30 65 86 35 67 71 82 27 42 69 80 17 33 37 48 95 3 9 20 1 21 28 38 59 72 10
Volta 79: 30 65 35 67 71 82 86 27 42 69 80 17 37 48 95 9 20 33 1 3 21 28 72 38 59
Volta 80: 30 65 67 71 82 86 27 35 42 69 80 95 17 33 37 48 3 9 20 72 1 21 28 38 59
Volta 81: 30 65 82 35 42 67 69 71 80 86 27 17 33 37 48 95 72 3 1 9 20 38 21 28
Volta 82: 30 65 35 67 71 80 82 86 42 69 27 37 48 95 17 33 1 3 9 20 38 72 21 28
Volta 83: 30 65 35 71 82 86 42 67 80 27 69 95 17 37 48 1 9 20 33 72 3 38 21
Volta 84: 30 35 65 71 82 67 86 27 42 69 95 37 48 1 17 33 3 9 20 72 21 38
Volta 85: 30 35 65 71 82 67 86 27 42 48 69 95 1 37 3 9 17 33 72 20 21
Volta 86: 30 65 82 35 71 86 27 42 67 48 95 1 69 3 9 17 37 72 20 33 21
Volta 87: 30 65 82 35 71 27 42 67 86 48 95 69 1 3 9 37 72 17 33 20
Volta 88: 30 65 82 35 67 71 27 42 48 86 95 3 1 37 69 9 17 72 20 33
Volta 89: 30 65 35 82 67 71 27 42 48 86 95 1 3 37 69 9 72 17 20
Volta 90: 30 65 82 35 67 71 27 48 86 95 3 1 69 9 37 17 72 20
Volta 91: 30 65 82 35 67 71 27 48 86 3 69 95 1 9 17 37 72
Volta 92: 30 65 82 67 71 35 27 48 3 86 95 69 1 9 17 37 72
Volta 93: 30 65 82 71 67 35 48 3 27 86 69 95 1 9 17 37
Volta 94: 30 65 82 67 71 35 48 27 86 3 69 95 1 9 17 37
Volta 95: 30 65 67 71 82 35 48 86 3 27 69 1 95 9 17
Volta 96: 30 65 67 71 82 48 35 86 3 27 95 9 17
Volta 97: 30 71 48 65 67 82 35 86 3 27 95 9
Volta 98: 30 71 48 65 82 67 86 3 35 27 95 9
Volta 99: 30 65 71 82 48 67 86 3 35 27 95
Volta 100: 30 65 71 82 48 67 86 3 35 27 95
Volta 101: 30 48 65 71 82 86 3 35 67 27
Volta 102: 30 48 65 71 82 86 35 67 3 27
Volta 103: 30 71 82 48 65 35 86 3 67
Volta 104: 30 82 48 65 71 86 3 35 67
Volta 105: 30 82 48 65 71 86 35 3
Volta 106: 30 82 65 35 48 71 86 3
Volta 107: 30 82 35 48 65 71 86
Volta 108: 30 82 35 48 65 71 86
Volta 109: 30 82 48 65 71 35
Volta 110: 30 82 48 35 65 71
Volta 111: 30 82 48 35 65
Volta 112: 30 82 48 35 65
Volta 113: 30 82 48 35
Volta 114: 30 48 82 35
Volta 115: 30 48 82
Volta 116: 30 48 82
Volta 117: 30 48
Volta 118: 30 48

Ranqueamento Final:
1: Ciclista 48 - 22351.14 segundos
2: Ciclista 82 - 22051.98 segundos
3: Ciclista 30 - 22050.66 segundos
4: Ciclista 35 - 21750.78 segundos
5: Ciclista 65 - 21601.50 segundos
6: Ciclista 71 - 21151.74 segundos
7: Ciclista 86 - 20852.10 segundos
8: Ciclista 3 - 20550.06 segundos
9: Ciclista 67 - 20101.62 segundos
10: Ciclista 27 - 19800.66 segundos
11: Ciclista 95 - 19652.22 segundos
12: Ciclista 9 - 19500.18 segundos
13: Ciclista 17 - 19050.42 segundos
14: Ciclista 37 - 18750.90 segundos
15: Ciclista 72 - 18301.74 segundos
16: Ciclista 20 - 18000.42 segundos
17: Ciclista 33 - 17550.78 segundos
18: Ciclista 21 - 17250.54 segundos
19: Ciclista 38 - 16800.90 segundos
20: Ciclista 28 - 16350.66 segundos
21: Ciclista 59 - 15901.38 segundos
22: Ciclista 10 - 15600.18 segundos
23: Ciclista 87 - 15152.10 segundos
24: Ciclista 54 - 15001.26 segundos
25: Ciclista 90 - 14552.10 segundos
26: Ciclista 91 - 14102.22 segundos
27: Ciclista 93 - 13652.22 segundos
28: Ciclista 43 - 13501.02 segundos
29: Ciclista 46 - 13051.14 segundos
30: Ciclista 4 - 12750.06 segundos
31: Ciclista 36 - 12300.90 segundos
32: Ciclista 96 - 11852.34 segundos
33: Ciclista 74 - 11401.74 segundos
34: Ciclista 12 - 11100.30 segundos
35: Ciclista 56 - 10801.38 segundos
36: Ciclista 7 - 10350.18 segundos
37: Ciclista 19 - 10050.42 segundos
38: Ciclista 58 - 9751.38 segundos
39: Ciclista 61 - 9301.50 segundos
40: Ciclista 76 - 8851.86 segundos
41: Ciclista 62 - 8401.50 segundos
42: Ciclista 64 - 7951.50 segundos
43: Ciclista 77 - 7801.86 segundos
44: Ciclista 57 - 7351.38 segundos
45: Ciclista 31 - 7050.78 segundos
46: Ciclista 51 - 6601.26 segundos
47: Ciclista 34 - 6300.78 segundos
48: Ciclista 63 - 5701.50 segundos
49: Ciclista 88 - 5252.10 segundos
50: Ciclista 5 - 4950.06 segundos
51: Ciclista 68 - 4501.62 segundos
52: Ciclista 85 - 4201.98 segundos
53: Ciclista 47 - 3901.14 segundos
54: Ciclista 49 - 3301.14 segundos
55: Ciclista 89 - 2852.10 segundos
56: Ciclista 78 - 2401.86 segundos
57: Ciclista 25 - 2100.54 segundos
58: Ciclista 70 - 1501.62 segundos
59: Ciclista 92 - 1202.22 segundos
60: Ciclista 97 - 602.34 segundos

Ciclista 1 quebrou na volta 96 - 18900.00 segundos
Ciclista 2 quebrou na volta 30 - 6000.00 segundos
Ciclista 6 quebrou na volta 24 - 4350.12 segundos
Ciclista 8 quebrou na volta 36 - 7350.12 segundos
Ciclista 11 quebrou na volta 30 - 5550.24 segundos
Ciclista 13 quebrou na volta 54 - 11100.24 segundos
Ciclista 14 quebrou na volta 18 - 3750.24 segundos
Ciclista 15 quebrou na volta 54 - 10350.24 segundos
Ciclista 16 quebrou na volta 24 - 4650.36 segundos
Ciclista 18 quebrou na volta 18 - 3600.36 segundos
Ciclista 22 quebrou na volta 48 - 9750.48 segundos
Ciclista 23 quebrou na volta 6 - 1500.48 segundos
Ciclista 24 quebrou na volta 12 - 2550.48 segundos
Ciclista 26 quebrou na volta 42 - 8400.60 segundos
Ciclista 29 quebrou na volta 78 - 14550.60 segundos
Ciclista 32 quebrou na volta 12 - 2250.72 segundos
Ciclista 39 quebrou na volta 6 - 1500.84 segundos
Ciclista 40 quebrou na volta 42 - 8700.84 segundos
Ciclista 41 quebrou na volta 48 - 9450.96 segundos
Ciclista 42 quebrou na volta 90 - 17250.96 segundos
Ciclista 44 quebrou na volta 36 - 7050.96 segundos
Ciclista 45 quebrou na volta 60 - 11850.96 segundos
Ciclista 50 quebrou na volta 30 - 6151.08 segundos
Ciclista 52 quebrou na volta 6 - 1501.20 segundos
Ciclista 53 quebrou na volta 6 - 1201.20 segundos
Ciclista 55 quebrou na volta 12 - 2701.20 segundos
Ciclista 60 quebrou na volta 66 - 12151.32 segundos
Ciclista 66 quebrou na volta 72 - 14251.56 segundos
Ciclista 69 quebrou na volta 96 - 18751.56 segundos
Ciclista 73 quebrou na volta 36 - 7051.68 segundos
Ciclista 75 quebrou na volta 18 - 3301.68 segundos
Ciclista 79 quebrou na volta 78 - 15151.80 segundos
Ciclista 80 quebrou na volta 84 - 16051.80 segundos
Ciclista 81 quebrou na volta 30 - 6001.92 segundos
Ciclista 83 quebrou na volta 36 - 7051.92 segundos
Ciclista 84 quebrou na volta 36 - 7651.92 segundos
Ciclista 94 quebrou na volta 48 - 9902.16 segundos
Ciclista 98 quebrou na volta 6 - 1352.28 segundos
Ciclista 99 quebrou na volta 60 - 11702.28 segundos
Ciclista 100 quebrou na volta 12 - 2552.28 segundos
