Volta 1: 3 4 1 2 5 9 10 6 8 7 14 13 15 12 11 19 16 20 18 17 24 23 21 22 25 26 30 29 27 28 32 34 31 33 35 37 38 39 40 36 43 42 45 44 41 50 47 48 49 46
Volta 2: 2 1 3 4 10 9 6 8 14 11 13 15 20 18 17 16 25 24 21 23 22 26 29 28 27 33 34 32 31 35 36 39 43 44 49 48 46 50 5 7 12 19 30 37 38 40 45 42 41 47
Volta 3: 1 4 10 8 6 11 16 17 20 21 24 23 28 27 26 34 31 39 44 46 48 50 2 5 3 9 7 13 14 15 12 19 18 25 22 30 29 35 32 33 40 38 37 36 45 41 42 43 49
Volta 4: 4 1 6 8 10 11 17 24 23 26 34 39 44 46 48 50 2 3 5 7 9 13 15 20 16 18 21 22 25 27 28 29 33 32 31 40 37 38 36 41 45 42 43 49 12 14 19 30 35
Volta 5: 1 8 10 17 23 24 26 34 44 46 48 50 5 4 2 3 6 13 11 16 20 25 22 21 28 29 33 32 31 39 38 40 37 42 9 7 14 15 19 18 30 27 36 45 43 41 49 12
Volta 6: 1 8 10 17 23 24 26 34 44 46 3 4 5 2 6 13 11 20 25 22 21 28 29 31 32 39 38 37 50 48 7 9 16 18 19 27 30 33 36 40 42 43 41 49 15 12 14 45
Volta 7: 1 10 17 23 24 26 46 4 3 6 8 11 20 21 28 29 31 34 38 37 44 48 50 2 5 7 13 19 16 22 25 32 40 39 43 41 49 9 15 14 18 27 30 33 36 42 12
Volta 8: 10 17 24 26 46 1 4 8 20 23 21 34 31 37 38 44 48 50 5 2 3 6 11 13 16 25 22 28 29 39 41 43 49 7 9 15 19 18 27 30 33 32 40 36 12 14 42
Volta 9: 10 17 26 4 1 20 24 48 50 46 3 5 2 6 8 11 16 22 23 21 29 28 34 31 38 37 43 44 49 7 13 15 19 18 25 27 30 33 32 40 39 41 9 14 36 12
Volta 10: 10 1 4 17 24 26 48 50 46 3 5 2 8 20 16 21 23 29 34 31 37 43 44 49 6 7 11 13 15 19 25 22 28 33 39 38 9 14 18 27 30 32 36 40 41 12
Volta 11: 10 1 4 17 24 26 46 2 5 8 20 16 21 23 29 31 34 44 43 48 50 49 3 6 11 15 25 22 28 33 39 37 38 7 13 14 18 19 30 27 36 9 32 40 41
Volta 12: 10 17 26 46 1 2 4 5 16 23 21 24 31 34 44 50 48 3 8 6 11 15 20 22 29 28 39 43 49 7 14 13 18 30 33 38 36 37 9 19 27 32 40 41
Volta 13: 46 5 4 10 17 16 24 21 23 26 34 31 1 3 2 6 8 15 20 29 28 44 43 48 50 49 7 11 22 33 39 37 9 14 13 18 19 27 30 38 36 32 40
Volta 14: 46 4 17 16 23 24 31 34 5 3 2 1 10 6 15 21 29 26 44 49 50 8 11 20 22 28 37 39 43 48 9 7 13 14 18 27 30 33 38 19 36 32 40
Volta 15: 46 16 24 23 34 1 3 2 5 4 6 10 15 17 21 26 29 31 44 50 49 11 20 28 43 48 9 8 14 13 18 22 27 30 39 37 7 19 33 38 36 32
Volta 16: 46 24 1 5 4 2 3 10 6 15 17 16 23 21 26 29 34 31 44 49 11 43 48 50 9 13 14 18 20 22 28 27 30 37 39 8 33 7 19 36 38 32
Volta 17: 46 4 6 10 16 23 21 24 29 34 49 2 3 1 5 15 17 26 31 43 44 48 50 9 11 20 22 28 37 8 14 13 18 27 30 39 19 33 38 7 36
Volta 18: 46 4 10 16 23 24 21 34 3 5 2 6 15 29 31 44 49 9 11 20 17 26 37 43 50 13 14 18 22 27 28 39 8 19 30 33 38 7 36
Volta 19: 46 4 10 21 24 34 5 3 2 6 15 16 23 29 31 49 26 37 44 43 9 11 20 17 22 28 50 8 14 13 18 19 27 39 7 30 33 38
Volta 20: 4 24 21 46 3 2 5 10 16 23 29 34 31 6 15 26 44 49 9 20 22 28 37 43 50 8 13 11 18 17 27 39 7 14 19 30 33 38
Volta 21: 4 24 46 3 2 5 10 21 23 29 31 6 16 26 34 44 49 9 15 20 22 37 43 8 11 17 18 28 27 39 50 7 13 19 14 30 33
Volta 22: 46 4 2 10 24 31 5 3 16 21 23 29 26 6 15 22 34 37 44 43 49 9 17 20 18 27 28 39 50 8 7 13 11 19 14 30 33
Volta 23: 46 2 4 24 31 3 10 16 23 29 26 5 6 15 21 34 37 49 9 20 22 27 39 43 44 50 7 8 11 13 17 19 18 28 14 30
Volta 24: 46 24 31 3 2 10 23 29 26 6 16 21 37 5 15 20 27 34 39 44 43 50 49 9 18 22 28 8 7 11 13 17 19 30 14
Volta 25: 46 24 23 29 26 31 3 2 10 16 21 37 6 20 27 39 43 49 5 9 15 18 22 28 34 44 50 7 11 13 17 8 19 30
Volta 26: 46 24 23 29 26 31 3 2 10 16 21 37 20 27 5 6 15 39 43 44 50 49 9 13 11 17 18 22 28 34 8 7 19 30
Volta 27: 46 24 26 2 3 16 21 23 29 31 10 27 37 5 6 15 20 39 50 9 11 22 28 43 44 49 8 13 19 17 18 34 7
Volta 28: 46 24 3 23 29 26 31 2 16 21 27 37 5 10 6 20 39 50 9 15 11 22 44 43 8 13 17 28 34 49 7 18 19
Volta 29: 46 24 3 23 29 31 2 16 21 27 26 37 10 5 6 11 20 22 39 50 9 8 15 13 28 34 43 44 7 17 18 49
Volta 30: 46 24 23 29 31 3 2 26 27 37 21 5 6 11 20 22 50 8 9 28 39 44 13 18 34 43 7 17 49
Volta 31: 46 23 24 29 2 3 26 27 31 21 37 11 20 22 50 5 6 28 44 9 8 13 34 39 43 18 17 7
Volta 32: 46 23 29 24 26 31 2 3 21 27 37 11 22 50 5 6 20 28 44 8 9 34 39 13 17 43 7 18
Volta 33: 46 23 29 24 26 31 3 2 21 27 37 11 22 50 5 6 20 9 8 28 34 39 44 13 43 17 7
Volta 34: 46 29 24 23 26 2 21 31 37 3 11 22 27 5 50 6 20 28 34 44 8 9 13 39 17 43 7
Volta 35: 46 23 24 29 26 31 37 3 2 11 21 22 27 50 5 6 20 28 34 9 13 39 44 8 17 43
Volta 36: 46 24 29 23 26 37 3 21 31 2 11 27 50 5 6 22 28 34 13 39 9 8 17 44 43
Volta 37: 46 29 24 23 26 37 31 2 3 21 27 5 11 22 28 34 50 6 13 39 8 9 17 44
Volta 38: 46 29 23 24 26 31 37 3 21 5 2 11 22 27 28 50 13 34 8 6 39 44 9 17
Volta 39: 46 29 23 24 26 3 31 37 5 2 22 21 27 28 13 11 34 50 6 8 39 44 9
Volta 40: 46 29 23 26 3 24 31 37 5 22 21 2 11 28 27 50 6 13 34 8 39 44 9
Volta 41: 29 46 23 26 3 37 24 22 31 2 5 11 21 28 27 13 50 6 8 34 39 44
Volta 42: 46 23 26 3 24 31 2 5 11 21 22 28 27 13 50 6 34 39 44
Volta 43: 46 23 26 3 24 31 5 2 11 21 22 13 27 28 50 34 39 6
Volta 44: 46 23 26 3 31 5 22 24 21 2 11 13 27 50 28 34 6 39
Volta 45: 46 23 26 31 5 3 21 24 22 2 11 13 27 28 34 50 6
Volta 46: 46 23 26 5 22 31 3 2 11 13 21 24 27 6 28 34 50
Volta 47: 46 23 26 5 3 11 22 24 31 2 13 21 27 6 28 34
Volta 48: 46 23 26 3 5 11 24 22 31 2 13 21 27 6 28 34
Volta 49: 46 23 26 11 24 31 3 5 2 21 22 6 13 27 28
Volta 50: 46 23 26 11 31 5 2 3 24 21 22 6 27 13 28
Volta 51: 46 23 26 11 3 5 2 21 24 31 22 27 6 13
Volta 52: 46 23 26 5 2 3 11 21 24 31 22 6 13 27
Volta 53: 46 23 26 5 11 24 2 3 21 22 31 6 13
Volta 54: 46 23 26 5 3 11 22 21 24 6 13
Volta 55: 46 23 26 5 3 21 11 24 22 6
Volta 56: 46 23 26 5 3 21 11 24 22 6
Volta 57: 46 23 26 3 5 11 21 22 24
Volta 58: 46 23 26 5 3 11 21 24 22
Volta 59: 46 23 26 11 21 5 3 24
Volta 60: 23 26 5 11 21 24
Volta 61: 23 26 11 21 5
Volta 62: 11 23 26 5 21
Volta 63: 23 26 11 5
Volta 64: 26 23 5 11
Volta 65: 23 26 5
Volta 66: 23 26 5
Volta 67: 23 26
Volta 68: 23 26

Ranqueamento Final:
1: Ciclista 26 - 6600.66 segundos
2: Ciclista 23 - 6600.54 segundos
3: Ciclista 5 - 6450.06 segundos
4: Ciclista 11 - 6300.30 segundos
5: Ciclista 21 - 6075.54 segundos
6: Ciclista 24 - 5925.54 segundos
7: Ciclista 22 - 5775.54 segundos
8: Ciclista 6 - 5625.18 segundos
9: Ciclista 13 - 5400.30 segundos
10: Ciclista 27 - 5175.66 segundos
11: Ciclista 28 - 5025.66 segundos
12: Ciclista 34 - 4875.78 segundos
13: Ciclista 50 - 4651.14 segundos
14: Ciclista 39 - 4500.90 segundos
15: Ciclista 44 - 4426.02 segundos
16: Ciclista 9 - 4275.18 segundos
17: Ciclista 17 - 3975.42 segundos
18: Ciclista 43 - 3751.02 segundos
19: Ciclista 7 - 3675.18 segundos
20: Ciclista 18 - 3450.42 segundos
21: Ciclista 49 - 3226.14 segundos
22: Ciclista 19 - 3000.42 segundos
23: Ciclista 30 - 2775.66 segundos
24: Ciclista 14 - 2700.30 segundos
25: Ciclista 33 - 2400.78 segundos
26: Ciclista 38 - 2175.90 segundos
27: Ciclista 36 - 2025.90 segundos
28: Ciclista 32 - 1950.78 segundos
29: Ciclista 40 - 1650.90 segundos
30: Ciclista 41 - 1426.02 segundos
31: Ciclista 12 - 1200.30 segundos
32: Ciclista 42 - 976.02 segundos
33: Ciclista 45 - 751.02 segundos
34: Ciclista 35 - 525.78 segundos
35: Ciclista 47 - 301.14 segundos

Ciclista 1 quebrou na volta 18 - 1800.00 segundos
Ciclista 2 quebrou na volta 54 - 5250.00 segundos
Ciclista 3 quebrou na volta 60 - 5850.00 segundos
Ciclista 4 quebrou na volta 24 - 2250.00 segundos
Ciclista 8 quebrou na volta 42 - 4275.12 segundos
Ciclista 10 quebrou na volta 30 - 2925.12 segundos
Ciclista 15 quebrou na volta 30 - 3075.24 segundos
Ciclista 16 quebrou na volta 30 - 2925.36 segundos
Ciclista 20 quebrou na volta 36 - 3675.36 segundos
Ciclista 25 quebrou na volta 12 - 1200.48 segundos
Ciclista 29 quebrou na volta 42 - 3750.60 segundos
Ciclista 31 quebrou na volta 54 - 5325.72 segundos
Ciclista 37 quebrou na volta 42 - 3975.84 segundos
Ciclista 46 quebrou na volta 60 - 5326.08 segundos
Ciclista 48 quebrou na volta 18 - 1801.08 segundos
