Volta 1: 2 1 5 4 3 6 10 8 9 7 15 13 12 11 14 16 17 20 19 18 22 24 23 25 21 30 26 27 29 28 35 31 33 34 32 38 37 36 40 39 44 42 43 45 41 50 49 48 46 47 53 55 52 54 51 60 59 56 57 58 64 65 63 61 62 69 68 67 70 66 75 73 74 72 71 79 77 80 78 76 84 81 82 83 85 89 86 90 87 88 92 93 95 91 94 96 97 98 100 99
Volta 2: 4 3 2 1 5 6 7 10 14 15 13 12 16 20 17 18 19 24 25 23 21 28 29 30 26 35 33 32 31 36 37 39 43 44 41 45 42 46 47 50 49 48 51 53 52 55 56 57 59 60 63 61 62 65 67 68 69 70 72 71 73 74 77 78 79 80 81 84 86 88 87 90 89 93 92 91 99 96 100 97 8 9 11 22 27 34 40 38 54 58 64 66 75 76 83 82 85 95 94 98
Volta 3: 5 4 3 2 6 12 15 18 16 17 20 25 24 26 28 30 29 35 32 31 39 37 41 43 47 46 51 52 57 56 59 60 63 61 67 69 70 74 73 71 77 88 86 87 89 91 92 97 100 1 8 10 7 9 13 11 14 19 22 23 21 27 34 33 40 36 42 45 44 50 48 49 53 54 55 58 65 62 64 66 68 72 80 76 79 78 82 85 81 84 83 90 93 94 99 96 38 75 95
Volta 4: 5 2 6 15 12 18 16 17 25 24 30 29 26 31 32 37 41 43 47 56 61 63 67 69 74 87 88 91 100 1 4 3 7 14 13 19 20 23 28 35 39 36 44 45 42 49 46 50 55 52 53 51 60 57 58 59 62 65 70 68 71 73 72 77 76 80 78 82 83 89 90 86 92 93 97 8 10 9 11 21 22 27 34 33 40 38 48 54 64 66 79 85 84 81 95 94 99 96 75
Volta 5: 5 6 12 15 17 24 29 32 43 41 47 56 61 67 74 87 91 2 4 13 16 18 20 23 25 26 30 28 35 31 37 39 42 44 45 50 52 51 53 59 57 65 63 68 69 70 71 72 73 77 78 76 83 88 86 90 89 92 100 97 3 1 9 7 10 8 14 11 19 21 22 27 34 36 40 46 49 48 55 60 58 62 66 80 85 81 82 84 93 96 99 33 38 54 64 79 95 94
Volta 6: 6 12 15 17 24 29 43 41 47 67 4 2 5 13 16 20 18 25 28 30 35 32 39 37 52 53 59 56 61 69 68 70 74 71 78 83 89 90 86 88 87 92 91 100 97 1 3 8 14 23 21 26 31 34 36 40 45 42 44 48 46 50 51 57 60 63 65 62 66 72 73 80 77 84 82 93 99 9 10 7 11 22 27 38 49 54 58 79 81 95 96 33 64
Volta 7: 6 24 29 41 43 47 5 4 2 15 12 17 16 20 25 30 32 35 39 53 56 61 69 67 70 71 74 78 83 88 91 92 97 100 1 8 13 14 18 23 28 26 31 34 37 36 44 45 50 46 48 52 51 59 57 65 62 68 72 73 77 84 82 89 87 86 90 99 3 10 9 7 11 22 21 27 40 38 42 49 60 58 63 66 80 79 93 96 33 54 81 95
Volta 8: 6 24 43 47 2 5 4 12 16 17 25 30 29 32 35 39 41 53 56 61 69 74 78 83 88 91 92 97 1 15 14 13 20 18 26 31 34 36 46 48 50 52 51 59 65 62 68 70 67 73 71 72 77 82 86 87 89 100 3 8 7 11 23 22 28 27 37 40 42 45 44 58 57 60 63 84 90 93 99 96 10 9 21 33 38 49 54 66 79 80 81 95
Volta 9: 6 24 47 2 5 4 12 25 30 29 32 39 43 41 78 83 88 92 97 1 14 13 17 20 16 26 31 35 36 46 50 53 56 65 62 61 68 69 70 67 74 71 77 82 89 87 86 91 100 3 8 7 11 15 18 23 22 27 28 34 37 42 44 45 48 51 52 59 60 57 58 63 73 72 84 99 9 10 21 38 40 49 66 80 79 90 93 96 33 54 81
Volta 10: 6 2 5 12 24 32 39 41 47 78 83 92 97 4 1 20 25 26 29 30 35 36 43 50 53 65 61 62 70 69 68 67 74 71 77 82 89 86 88 91 3 8 13 11 15 14 18 16 17 23 22 28 34 31 37 42 48 46 52 51 56 57 60 59 58 63 72 73 84 87 100 99 7 10 9 27 38 44 45 66 80 90 93 21 33 40 49 54 79 81 96
Volta 11: 6 12 32 41 78 83 97 5 2 4 1 20 25 24 26 30 29 35 36 39 43 50 47 53 61 68 69 71 74 88 89 86 92 91 8 11 14 18 17 16 28 34 31 37 42 48 51 52 60 58 62 63 65 67 70 73 77 84 82 87 99 100 3 7 9 15 13 22 23 38 44 45 46 59 56 57 66 72 90 93 10 21 27 33 40 49 54 80 79 81
Volta 12: 6 12 32 78 2 4 1 24 25 30 35 39 36 43 41 53 61 68 69 71 74 83 89 86 88 92 91 97 5 20 16 26 29 34 31 42 50 52 60 58 63 67 70 77 87 100 99 3 9 8 7 13 14 11 15 18 17 28 37 44 48 46 51 59 56 65 72 73 82 90 10 23 21 22 27 33 40 38 45 49 57 66 79 93 80 81
Volta 13: 6 12 78 1 2 25 30 35 32 36 39 43 41 69 74 83 89 91 97 5 4 20 24 29 26 31 34 42 52 53 60 58 61 68 71 77 88 87 86 92 100 99 3 8 9 7 14 17 16 28 50 46 51 63 70 67 73 72 82 90 15 11 13 18 23 21 22 33 37 38 45 44 48 59 56 65 66 79 93 10 27 40 49 57 80
Volta 14: 6 12 78 2 1 30 32 36 43 41 69 83 5 4 20 25 29 34 31 35 39 42 53 52 60 58 61 74 71 77 86 89 88 92 91 99 97 9 16 24 26 50 46 51 63 68 70 67 72 87 100 3 8 7 13 14 15 18 17 21 22 28 33 37 38 44 48 56 59 65 73 82 90 93 10 11 23 27 40 45 49 57 66 80 79
Volta 15: 6 12 30 32 43 78 5 1 4 2 20 25 29 31 34 35 39 36 42 41 53 52 60 61 69 71 74 77 83 89 92 91 97 99 26 50 46 58 68 70 72 86 88 87 100 3 9 8 14 13 18 16 17 24 28 37 44 48 51 56 63 67 73 82 93 7 15 22 21 23 33 40 38 57 59 65 66 80 90 10 11 27 45 49
Volta 16: 6 12 30 43 78 2 1 5 20 25 29 31 32 36 39 41 42 53 60 69 71 77 83 89 92 91 99 97 4 26 34 35 46 52 58 61 70 68 74 72 88 86 87 100 3 9 14 13 16 17 24 50 48 51 63 67 73 82 93 8 15 18 22 21 28 33 40 38 37 44 59 56 65 66 80 90 10 7 11 23 45 49 57 27
Volta 17: 6 12 43 78 5 1 25 30 31 32 53 69 71 77 83 89 91 92 97 4 2 20 29 35 34 39 36 42 41 46 52 60 61 88 86 87 100 99 3 9 14 17 24 26 48 50 51 58 63 68 67 70 74 72 82 93 15 13 16 18 22 28 38 44 56 66 73 90 8 7 21 23 33 40 37 45 49 57 59 65 80 10 11
Volta 18: 6 12 5 1 25 30 31 32 43 53 69 78 89 92 91 20 29 34 36 39 41 42 52 60 61 71 77 83 86 100 99 4 3 9 14 17 26 35 50 46 68 67 70 74 87 88 13 15 16 24 28 38 44 48 51 58 63 66 82 90 93 8 18 23 21 22 33 37 56 59 65 80 7 10 40 45 49 57 11
Volta 19: 6 12 1 30 31 43 69 78 89 91 92 5 20 25 29 32 36 39 42 41 52 53 60 71 83 86 4 9 14 17 26 34 35 46 61 70 67 77 88 99 100 3 13 16 28 38 44 48 50 51 58 63 66 68 74 87 93 15 18 24 22 33 56 65 80 82 90 8 23 21 40 37 45 49 57 59 10 7
Volta 20: 6 12 1 30 69 89 91 92 5 25 29 31 32 36 39 43 53 52 78 86 9 20 35 34 41 42 46 60 61 70 67 71 83 88 100 99 4 3 13 14 17 26 28 50 48 74 77 87 93 15 18 16 24 22 33 38 44 51 58 56 63 66 68 82 90 8 21 23 37 59 57 65 80 10 7 40 45 49
Volta 21: 6 12 30 69 89 1 25 31 36 39 52 53 78 86 91 92 5 20 29 32 42 43 41 46 61 70 71 83 88 99 4 9 13 17 26 28 35 34 48 60 67 74 87 93 100 3 14 16 22 24 33 38 44 50 51 56 58 63 68 77 15 18 21 23 37 59 65 66 80 82 90 10 8 40 45 57 7
Volta 22: 6 12 1 25 30 31 52 53 69 89 92 91 29 32 39 36 41 43 61 70 78 83 86 99 5 4 9 13 20 17 28 26 34 35 42 46 67 74 71 88 87 93 100 3 16 24 50 48 51 60 56 68 77 14 18 22 21 33 38 44 59 58 63 65 80 90 8 10 15 23 40 37 45 57 66 82 7
Volta 23: 6 12 1 25 30 31 53 52 69 89 92 32 39 36 43 41 61 78 86 91 99 13 20 17 26 29 42 70 71 83 88 100 5 4 9 24 28 34 35 48 50 46 51 56 60 67 68 74 77 87 93 3 14 16 22 21 33 44 58 59 65 63 80 90 8 15 18 23 38 40 57 66 82 10 37 45
Volta 24: 6 12 25 31 53 52 92 1 30 39 43 41 61 69 89 86 91 13 17 29 32 36 42 70 78 88 99 4 5 9 20 24 26 28 34 35 50 56 68 74 71 77 83 87 93 100 3 14 16 33 44 46 48 60 63 67 90 8 18 21 23 22 40 38 58 57 65 66 80 82 15 45 10
Volta 25: 6 12 25 31 52 92 1 30 39 43 41 53 61 69 89 86 91 13 29 32 36 42 70 78 99 5 4 9 20 17 24 26 35 34 50 56 68 71 77 83 88 93 100 14 16 28 33 48 46 60 67 74 87 90 3 8 22 23 21 38 40 44 58 63 66 80 82 15 18 45 57 65
Volta 26: 6 12 92 1 25 31 52 53 61 69 86 91 13 30 39 43 41 42 70 78 89 5 20 17 24 29 35 32 36 50 56 68 71 77 83 88 93 99 4 9 16 28 26 34 46 48 74 87 100 3 8 14 21 23 22 33 40 44 60 63 66 67 80 90 15 18 38 45 57 58 65 82
Volta 27: 6 12 1 25 31 53 52 91 92 13 30 39 42 43 41 61 70 69 89 86 17 24 29 35 36 50 56 71 78 83 88 93 5 4 20 16 26 32 48 68 74 77 99 9 14 22 23 28 34 44 46 60 63 66 80 87 90 100 3 8 15 18 21 33 40 38 45 58 65 67 57
Volta 28: 6 12 53 52 91 92 1 13 25 31 39 43 42 41 61 70 69 86 29 30 35 50 71 78 88 89 20 16 17 24 32 36 48 56 68 74 77 83 93 5 4 9 14 23 22 26 34 44 46 60 63 66 80 100 99 3 8 15 21 28 33 38 45 58 65 87 90 18 40 57 67
Volta 29: 6 12 52 53 91 1 13 31 43 41 42 61 70 69 86 92 25 30 35 39 50 71 88 89 16 17 24 29 56 68 78 4 5 14 20 22 26 34 32 36 48 60 63 74 80 77 83 93 3 9 15 23 21 28 38 44 46 58 65 66 87 90 99 100 8 18 33 40 45 57
Volta 30: 6 12 52 53 91 42 69 13 25 31 35 39 43 50 61 70 86 17 16 29 71 89 88 5 14 22 24 32 60 63 68 74 78 77 80 93 4 9 15 20 23 26 38 46 48 58 65 66 83 87 3 8 18 21 28 33 40 44 45 99 100
Volta 31: 6 12 52 53 91 42 13 39 43 50 61 69 70 17 25 29 31 35 71 86 89 88 14 16 24 32 60 63 74 78 80 93 5 4 15 20 22 23 26 38 46 48 58 65 66 68 77 3 9 21 28 33 40 83 87 8 18 45 44 99
Volta 32: 6 12 52 53 91 42 39 50 61 69 70 13 17 25 31 43 71 89 86 88 14 16 29 35 74 80 93 4 20 24 22 32 38 58 60 63 66 68 78 77 5 9 15 21 23 28 26 33 48 46 65 83 87 3 8 18 40 44 45 99
Volta 33: 6 12 52 53 91 39 42 50 69 70 13 25 43 61 71 14 17 35 31 80 86 88 89 93 16 20 24 29 32 58 60 63 66 74 78 4 5 9 15 22 23 26 28 33 38 48 65 68 77 3 8 18 21 40 44 46 83 87 45
Volta 34: 6 12 52 53 91 42 50 69 70 13 39 43 61 71 14 17 25 31 80 89 86 16 24 29 32 35 58 63 74 88 93 4 9 15 20 22 23 28 33 38 48 60 65 68 66 78 77 3 5 8 18 21 26 40 44 46 87 45 83
Volta 35: 6 12 52 53 42 50 70 91 13 39 43 69 71 14 17 25 31 61 89 16 29 35 58 63 74 80 88 86 4 15 24 22 23 33 32 38 48 66 68 77 78 93 3 5 8 9 20 18 21 26 28 60 65 87 40 44 45 46
Volta 36: 6 12 52 53 70 42 43 50 69 71 91 13 14 17 31 39 16 25 58 80 89 86 88 4 15 22 23 24 29 32 35 38 48 63 66 68 74 78 93 9 20 18 21 28 33 60 65 77 3 5 8 26 40 44 45 46
Volta 37: 12 6 52 53 70 42 43 50 69 91 14 31 39 71 13 17 16 58 80 88 89 15 24 25 29 32 35 38 48 63 66 68 74 78 86 93 4 9 20 18 22 23 28 33 77 3 8 21 26 40 45 60 65 5 44
Volta 38: 12 6 52 53 42 69 70 31 39 43 50 71 91 14 16 17 80 88 89 13 25 24 38 48 58 63 68 74 86 93 4 9 15 18 23 22 28 29 35 32 66 77 78 8 20 33 65 5 3 21 26 40 45 60 44
Volta 39: 12 6 52 53 69 39 42 50 70 71 91 16 17 31 43 80 89 14 13 24 25 48 58 63 68 74 86 88 93 4 9 15 23 22 28 29 32 38 66 77 18 20 33 35 65 78 5 3 8 21 26 40 45 60
Volta 40: 12 6 52 53 69 42 70 71 91 16 39 43 50 89 14 17 25 24 31 58 68 74 80 88 4 15 13 22 23 28 29 32 38 48 63 66 86 93 9 18 20 35 33 78 77 3 8 21 26 40 65 5 45 60
Volta 41: 12 6 52 53 42 70 69 91 16 39 43 50 71 89 14 17 24 31 68 74 80 88 13 23 25 29 38 48 58 63 66 86 93 4 9 15 18 22 28 32 33 77 3 20 21 26 35 65 78 5 8 40 45
Volta 42: 12 52 6 53 42 69 70 91 16 50 71 89 14 24 31 39 43 80 13 17 25 23 38 58 63 68 88 4 9 15 22 29 32 48 66 77 86 93 3 20 18 28 35 33 78 5 8 21 26 40 65 45
Volta 43: 12 52 6 53 42 70 69 71 89 91 14 16 39 43 50 80 13 24 31 38 63 68 88 15 17 25 22 23 29 32 48 58 66 77 86 93 3 4 9 18 28 78 20 21 26 35 33 65 5 8 40
Volta 44: 12 6 52 53 42 70 69 89 91 14 16 39 43 50 71 80 24 31 38 63 88 13 17 23 25 22 29 32 58 66 68 77 93 3 4 15 18 28 48 86 9 20 35 78 5 8 21 26 33 40 65
Volta 45: 12 52 6 53 42 70 69 89 91 39 43 50 71 80 14 16 24 38 13 22 25 23 31 63 68 66 77 88 15 17 18 29 28 32 48 58 86 93 3 4 9 78 8 20 26 35 33 5 21 40
Volta 46: 12 52 6 53 42 89 91 39 43 50 69 70 71 80 14 16 24 13 22 25 38 63 66 88 15 23 29 32 31 48 58 68 77 93 4 3 9 17 18 28 78 86 20 35 33 8 21 26 40 5
Volta 47: 12 52 6 53 89 91 39 42 43 50 69 70 71 80 14 16 24 38 63 66 13 23 22 25 29 31 68 77 88 93 3 9 15 17 18 32 48 58 78 86 4 20 28 33 21 35 40 8 26
Volta 48: 12 52 6 53 89 69 80 39 43 42 50 70 71 14 16 38 13 22 24 25 29 63 68 66 88 3 9 15 18 23 31 32 48 78 77 86 93 4 20 33 21 28 8 35 40
Volta 49: 12 52 6 53 89 39 42 50 70 69 80 14 16 38 43 71 24 63 66 88 9 13 18 23 25 22 29 31 48 68 78 77 4 3 15 33 32 86 93 20 28 21 35 8
Volta 50: 12 6 52 53 89 42 50 69 70 80 16 39 38 43 71 14 24 66 88 13 25 22 29 48 63 68 77 3 9 15 18 23 32 33 31 78 86 93 4 20 28 21 35 8
Volta 51: 12 6 52 53 89 42 50 70 16 39 38 43 69 71 80 66 88 13 14 22 24 29 63 68 77 3 9 18 25 23 33 31 48 78 86 93 4 15 32 20 21 28 35
Volta 52: 6 12 52 53 89 42 38 50 69 70 80 16 39 43 71 13 24 22 63 66 77 88 3 9 14 18 23 29 33 48 68 93 4 15 25 31 32 78 86 28 20 21 35
Volta 53: 12 6 52 53 89 42 50 70 69 16 39 38 71 80 13 22 43 63 88 3 18 23 24 66 68 77 93 4 9 14 25 29 31 33 32 48 86 15 78 20 21 28
Volta 54: 12 52 6 89 53 42 50 69 70 16 38 39 80 13 22 71 18 24 43 63 66 68 88 93 3 9 25 23 29 33 77 86 4 14 15 31 78 20 21 28
Volta 55: 12 52 6 89 50 53 70 69 42 80 16 22 38 39 13 43 63 66 68 71 88 3 18 24 25 29 77 86 93 4 9 23 33 31 14 15 21 78 20
Volta 56: 12 52 6 89 50 53 70 69 80 16 39 42 13 22 38 43 63 66 68 71 88 3 25 24 77 93 4 18 23 29 33 86 9 14 15 21 31 20 78
Volta 57: 12 52 6 89 50 53 69 70 80 42 13 16 22 39 38 66 71 88 43 63 68 93 3 23 25 24 29 33 77 86 4 9 18 21 31 14 15 20
Volta 58: 12 6 52 89 50 53 69 70 80 13 22 39 38 42 71 88 16 63 66 3 24 23 33 43 68 77 86 93 4 18 25 21 29 31 9 15 14 20
Volta 59: 12 6 52 89 50 70 53 69 80 13 22 38 39 42 88 16 63 71 3 23 43 66 68 77 86 93 18 25 24 29 33 4 9 15 21 31 14
Volta 60: 6 12 52 89 50 53 69 80 38 88 13 22 39 42 71 23 63 66 68 77 86 93 3 18 25 29 33 43 4 15 24 21 9 14
Volta 61: 6 12 52 89 50 53 69 80 13 22 38 39 42 88 63 68 71 77 86 3 18 25 23 29 33 43 66 93 4 24 9 15 21
Volta 62: 6 12 89 52 50 53 69 80 38 88 13 22 39 42 63 68 71 77 86 3 25 23 33 93 4 18 24 29 43 66 9 15 21
Volta 63: 6 12 89 52 53 69 80 38 50 88 22 39 63 68 71 77 86 3 13 25 33 42 4 18 23 24 29 43 66 93 9 15
Volta 64: 6 12 89 52 69 80 38 50 53 63 68 77 88 13 22 25 33 39 42 71 86 3 4 18 23 24 29 43 93 9 66 15
Volta 65: 89 6 12 52 69 80 38 50 53 68 88 25 22 33 39 63 77 4 3 13 18 29 42 43 71 86 93 9 24 23 66
Volta 66: 89 6 12 52 80 53 69 38 50 88 22 25 39 77 4 13 18 29 33 42 43 71 86 3 9 24 93 23 66
Volta 67: 89 6 12 52 80 69 38 53 25 50 77 88 13 18 22 29 33 39 43 71 86 4 9 42 93 3 24 23
Volta 68: 89 6 12 52 80 69 53 38 50 13 18 22 25 33 39 43 71 77 88 86 4 9 29 24 42 93 3 23
Volta 69: 89 52 6 12 80 53 69 38 13 25 33 43 50 71 77 88 86 9 18 22 29 39 4 42 93 3 24
Volta 70: 89 6 52 12 80 53 69 25 33 38 71 77 86 88 9 13 18 22 39 43 50 4 29 93 24 42 3
Volta 71: 89 6 52 12 80 53 69 25 33 38 71 86 88 13 18 43 50 77 4 9 22 29 39 93 24 42
Volta 72: 89 6 12 52 53 80 69 33 38 71 88 13 18 25 43 77 4 22 39 50 93 9 29 42
Volta 73: 89 6 52 12 53 69 80 33 88 13 18 25 38 43 71 4 22 39 50 77 29 93 9
Volta 74: 6 52 89 12 53 69 80 33 88 38 71 13 18 25 22 39 43 50 77 4 93 29 9
Volta 75: 52 89 6 12 53 69 80 88 33 38 13 18 22 25 43 50 71 77 39 93 4 29
Volta 76: 6 52 89 12 53 33 38 69 80 88 22 25 43 50 77 13 18 39 71 4 93 29
Volta 77: 52 89 6 12 53 69 80 22 25 33 38 43 50 77 88 13 18 39 71 4 93
Volta 78: 52 53 89 12 25 33 38 50 69 88 18 22 13 39 71 93 4
Volta 79: 52 53 89 12 25 33 50 22 38 69 88 13 18 39 71 93
Volta 80: 52 89 53 12 25 50 22 33 38 69 88 13 18 71 93 39
Volta 81: 52 89 53 12 25 50 33 69 88 13 18 22 38 71 93
Volta 82: 89 52 12 53 25 50 69 18 33 38 88 13 22 71 93
Volta 83: 52 89 53 12 25 50 33 69 13 18 22 38 88 71
Volta 84: 89 52 53 12 25 33 50 22 38 69 13 18 71 88
Volta 85: 89 52 53 12 25 50 33 38 69 13 22 71 18
Volta 86: 52 89 53 12 25 33 38 50 69 13 22 71 18
Volta 87: 52 53 89 12 25 33 50 69 38 71 13 22
Volta 88: 52 53 89 12 50 69 25 33 38 13 22 71
Volta 89: 52 53 89 12 50 69 25 33 38 13 22
Volta 90: 52 53 89 12 50 69 25 38 13 22
Volta 91: 52 53 89 12 50 69 38 13 25
Volta 92: 52 53 89 12 69 38 50 13 25
Volta 93: 52 53 89 12 69 38 50 13
Volta 94: 52 53 89 12 38 69 50 13
Volta 95: 53 52 89 12 38 69 50
Volta 96: 53 52 89 12 38 50 69
Volta 97: 52 53 89 12 38 50
Volta 98: 53 52 89 12 38 50
Volta 99: 53 52 89 12 38
Volta 100: 52 53 89 12 38
Volta 101: 53 52 89 12
Volta 102: 52 53 89 12
Volta 103: 53 52 89
Volta 104: 53 52 89

Ranqueamento Final:
1: Ciclista 89 - 19652.10 segundos
2: Ciclista 52 - 19501.26 segundos
3: Ciclista 12 - 19501.02 segundos
4: Ciclista 38 - 19500.90 segundos
5: Ciclista 53 - 19351.26 segundos
6: Ciclista 50 - 19051.14 segundos
7: Ciclista 69 - 18601.62 segundos
8: Ciclista 13 - 18450.30 segundos
9: Ciclista 25 - 18000.54 segundos
10: Ciclista 22 - 17850.54 segundos
11: Ciclista 71 - 17401.74 segundos
12: Ciclista 18 - 17100.42 segundos
13: Ciclista 88 - 16652.10 segundos
14: Ciclista 93 - 16202.22 segundos
15: Ciclista 39 - 15900.90 segundos
16: Ciclista 4 - 15600.06 segundos
17: Ciclista 29 - 15300.66 segundos
18: Ciclista 9 - 15000.18 segundos
19: Ciclista 42 - 14551.02 segundos
20: Ciclista 3 - 14250.06 segundos
21: Ciclista 23 - 13800.54 segundos
22: Ciclista 66 - 13351.62 segundos
23: Ciclista 15 - 13200.30 segundos
24: Ciclista 21 - 12600.54 segundos
25: Ciclista 14 - 12300.78 segundos
26: Ciclista 20 - 12000.42 segundos
27: Ciclista 78 - 11551.86 segundos
28: Ciclista 28 - 11100.66 segundos
29: Ciclista 35 - 10800.78 segundos
30: Ciclista 8 - 10500.18 segundos
31: Ciclista 40 - 10050.90 segundos
32: Ciclista 5 - 9750.06 segundos
33: Ciclista 65 - 9151.50 segundos
34: Ciclista 45 - 8851.02 segundos
35: Ciclista 60 - 8401.38 segundos
36: Ciclista 44 - 8101.02 segundos
37: Ciclista 46 - 7501.14 segundos
38: Ciclista 83 - 7201.98 segundos
39: Ciclista 99 - 6752.34 segundos
40: Ciclista 100 - 6451.38 segundos
41: Ciclista 67 - 6001.62 segundos
42: Ciclista 82 - 5551.98 segundos
43: Ciclista 10 - 5400.18 segundos
44: Ciclista 7 - 4950.18 segundos
45: Ciclista 49 - 4501.14 segundos
46: Ciclista 11 - 4200.30 segundos
47: Ciclista 27 - 3750.66 segundos
48: Ciclista 79 - 3151.86 segundos
49: Ciclista 81 - 2851.98 segundos
50: Ciclista 96 - 2402.34 segundos
51: Ciclista 95 - 1952.22 segundos
52: Ciclista 64 - 1652.22 segundos
53: Ciclista 75 - 1201.74 segundos
54: Ciclista 98 - 602.34 segundos

Ciclista 1 quebrou na volta 30 - 5700.00 segundos
Ciclista 2 quebrou na volta 18 - 3450.00 segundos
Ciclista 6 quebrou na volta 78 - 14550.12 segundos
Ciclista 16 quebrou na volta 60 - 11700.36 segundos
Ciclista 17 quebrou na volta 48 - 9600.36 segundos
Ciclista 19 quebrou na volta 6 - 1350.36 segundos
Ciclista 24 quebrou na volta 72 - 14550.48 segundos
Ciclista 26 quebrou na volta 48 - 10050.60 segundos
Ciclista 30 quebrou na volta 30 - 5700.60 segundos
Ciclista 31 quebrou na volta 60 - 12300.72 segundos
Ciclista 32 quebrou na volta 54 - 10800.72 segundos
Ciclista 33 quebrou na volta 90 - 17550.72 segundos
Ciclista 34 quebrou na volta 30 - 6000.72 segundos
Ciclista 36 quebrou na volta 30 - 6000.84 segundos
Ciclista 37 quebrou na volta 24 - 5250.84 segundos
Ciclista 41 quebrou na volta 30 - 5700.96 segundos
Ciclista 43 quebrou na volta 78 - 15300.96 segundos
Ciclista 47 quebrou na volta 12 - 2251.08 segundos
Ciclista 48 quebrou na volta 54 - 10801.08 segundos
Ciclista 51 quebrou na volta 24 - 4801.20 segundos
Ciclista 54 quebrou na volta 12 - 2701.20 segundos
Ciclista 55 quebrou na volta 6 - 1351.20 segundos
Ciclista 56 quebrou na volta 30 - 5851.32 segundos
Ciclista 57 quebrou na volta 30 - 6451.32 segundos
Ciclista 58 quebrou na volta 48 - 9601.32 segundos
Ciclista 59 quebrou na volta 24 - 4951.32 segundos
Ciclista 61 quebrou na volta 36 - 6901.44 segundos
Ciclista 62 quebrou na volta 12 - 2401.44 segundos
Ciclista 63 quebrou na volta 66 - 12901.44 segundos
Ciclista 68 quebrou na volta 66 - 12751.56 segundos
Ciclista 70 quebrou na volta 60 - 11251.56 segundos
Ciclista 72 quebrou na volta 18 - 3601.68 segundos
Ciclista 73 quebrou na volta 18 - 3751.68 segundos
Ciclista 74 quebrou na volta 42 - 8101.68 segundos
Ciclista 76 quebrou na volta 6 - 1201.80 segundos
Ciclista 77 quebrou na volta 78 - 15151.80 segundos
Ciclista 80 quebrou na volta 78 - 15001.80 segundos
Ciclista 84 quebrou na volta 12 - 2401.92 segundos
Ciclista 85 quebrou na volta 6 - 1351.92 segundos
Ciclista 86 quebrou na volta 72 - 13952.04 segundos
Ciclista 87 quebrou na volta 36 - 7352.04 segundos
Ciclista 90 quebrou na volta 30 - 6302.04 segundos
Ciclista 91 quebrou na volta 48 - 8852.16 segundos
Ciclista 92 quebrou na volta 30 - 5702.16 segundos
Ciclista 94 quebrou na volta 6 - 1652.16 segundos
Ciclista 97 quebrou na volta 18 - 3302.28 segundos
