Volta 1: 2 5 3 1 4 6 9 10 7 8 11 13 14 12 15 18 17 19 20 16 22 24 21 23 25 30 29 28 27 26 33 32 35 34 31 39 40 36 37 38 42 44 41 45 43 48 46 49 47 50 54 55 53 51 52 59 58 56 60 57 63 64 61 65 62 67 68 70 69 66 71 73 72 75 74 79 76 78 80 77 83 84 85 82 81 87 89 86 88 90 95 91 92 93 94 100 98 99 96 97
Volta 2: 1 4 8 6 7 10 14 12 19 17 18 23 24 25 22 27 26 28 30 29 32 34 33 40 39 36 38 42 43 45 44 49 46 47 50 53 54 52 51 55 59 60 58 57 65 63 64 61 62 66 69 70 67 73 72 71 74 75 76 78 77 80 79 85 81 84 82 87 90 88 89 86 94 91 93 97 100 98 99 96 2 5 3 9 11 15 13 20 16 21 31 35 37 41 48 56 68 83 95 92
Volta 3: 4 6 7 8 12 17 23 22 24 25 30 27 34 32 39 38 36 40 44 45 49 46 55 51 59 60 58 62 65 61 63 70 67 73 72 71 75 74 76 79 78 77 85 82 87 90 88 89 91 94 93 99 1 3 10 9 13 11 15 14 19 18 20 21 28 26 29 31 33 37 42 43 41 47 48 50 54 52 53 57 56 64 66 68 69 80 84 81 83 86 95 97 98 100 96 5 2 16 35
Volta 4: 7 8 17 23 24 25 22 27 30 32 34 40 38 39 44 45 49 46 55 51 60 59 58 62 63 61 65 67 73 75 72 77 76 78 79 87 89 88 94 91 93 1 3 4 6 11 12 15 14 19 18 20 21 26 28 29 33 36 41 43 42 48 47 50 54 53 56 57 64 70 68 69 71 74 80 81 85 82 86 90 100 99 97 2 5 10 9 13 16 35 31 37 52 66 83 84 95 96 98
Volta 5: 8 24 27 30 32 39 40 44 49 60 59 58 65 72 78 79 94 91 93 1 4 3 7 6 14 11 12 18 20 19 17 22 21 25 23 28 29 34 36 38 42 43 41 45 46 50 54 55 51 56 57 62 61 63 64 70 67 68 75 73 77 80 76 82 85 89 87 88 86 99 97 100 5 2 10 9 13 15 16 26 33 35 31 47 48 53 69 66 74 71 81 90 95 96 37 52 84 83
Volta 6: 8 30 32 40 39 44 60 58 65 72 79 93 4 12 11 20 18 19 17 21 24 23 25 29 27 34 38 41 43 45 49 46 55 56 57 59 63 61 62 70 67 73 78 76 86 89 88 87 94 91 100 99 97 3 1 2 10 7 6 9 15 14 13 16 22 28 26 31 35 33 36 42 47 50 48 54 53 51 64 69 68 74 75 80 77 81 82 85 95 96 5 37 66 71 83 84 90 52
Volta 7: 8 30 32 40 44 60 58 72 79 11 18 17 23 21 29 27 38 39 43 45 46 55 56 62 65 61 63 73 76 78 88 86 87 91 93 94 97 99 100 1 4 2 6 7 12 15 16 20 19 24 22 25 31 34 33 36 42 41 48 49 51 53 54 59 57 64 69 68 67 70 75 77 80 82 85 89 95 96 3 10 9 14 13 28 26 35 37 47 50 66 74 71 83 81 90 5 84
Volta 8: 30 32 44 60 58 72 8 17 18 27 29 39 40 43 45 46 55 65 62 61 73 76 79 86 93 94 91 100 97 2 1 4 6 11 12 15 19 20 16 25 21 24 23 31 34 33 36 38 41 49 54 51 53 59 57 56 64 63 67 68 78 82 88 87 89 95 99 3 10 9 7 14 13 22 26 28 35 37 42 48 47 50 69 70 74 75 71 80 77 85 81 90 96 5 66 83 84
Volta 9: 30 32 60 72 8 18 40 44 45 46 55 58 62 79 86 93 97 100 4 2 15 11 19 17 25 21 23 24 27 29 34 38 39 43 49 51 54 53 59 57 56 61 65 63 64 68 73 78 76 82 88 89 95 91 94 1 3 10 6 9 13 12 14 16 20 22 26 28 31 33 36 41 47 50 67 74 71 75 80 81 85 87 99 5 7 35 37 42 48 66 69 70 77 83 90 96
Volta 10: 72 30 32 45 55 60 62 79 86 93 100 97 8 17 18 21 24 23 25 27 29 34 39 40 44 43 46 49 51 54 53 58 61 68 76 78 82 88 94 91 3 4 1 2 6 10 9 12 11 13 15 19 16 22 26 28 31 33 38 36 47 56 59 57 63 65 64 73 74 71 81 85 87 89 95 99 5 14 20 35 37 41 42 50 48 69 66 67 70 75 80 96 7 77 83 90
Volta 11: 72 30 32 45 60 62 86 93 100 8 17 18 23 24 27 39 40 43 44 46 51 55 58 61 79 76 91 97 2 1 4 3 10 6 11 15 13 12 16 22 21 25 26 29 31 34 33 38 36 49 47 53 54 57 59 64 65 68 73 78 82 85 89 88 94 99 5 9 14 20 19 28 35 42 41 48 50 56 63 66 67 70 74 71 80 81 87 95 96 7 37 69 75 77 83
Volta 12: 30 32 60 72 100 17 23 24 27 40 43 44 45 55 58 62 61 76 86 93 91 97 2 3 8 11 13 15 18 26 29 34 31 33 39 47 49 46 53 54 51 57 59 64 65 68 73 79 78 85 82 5 1 10 6 9 12 16 20 19 25 22 21 28 38 36 42 48 50 56 63 66 70 74 81 89 88 95 99 96 14 35 41 69 71 80 77 83 7 37 75
Volta 13: 32 60 72 17 24 23 30 40 43 45 44 62 76 86 91 100 8 11 13 29 26 27 33 31 39 47 49 46 54 55 58 57 61 64 65 68 73 79 82 85 93 97 3 2 15 12 16 18 21 22 25 34 36 48 50 53 51 59 66 70 78 81 88 95 99 5 1 6 9 10 14 19 20 28 35 38 42 56 63 69 71 74 77 80 83 89 96 7 37 41
Volta 14: 32 60 72 24 23 30 44 43 62 76 91 100 8 17 26 27 33 31 40 39 45 49 46 47 58 57 61 73 85 86 93 97 2 3 15 11 13 16 18 21 22 25 29 50 48 51 53 55 54 59 65 64 68 70 66 79 78 81 82 95 99 10 9 12 14 28 34 38 36 42 56 63 69 74 77 88 89 5 1 6 7 19 20 35 41 71 80 83 96 37
Volta 15: 32 44 60 62 72 76 91 100 8 17 23 24 30 27 33 40 39 43 58 61 73 85 86 13 11 15 16 22 26 31 45 49 47 46 53 55 51 57 65 64 68 70 66 78 79 81 95 93 99 97 2 3 12 18 21 25 29 28 38 36 50 48 54 56 59 63 69 74 82 88 89 1 5 6 10 7 9 14 19 20 35 34 42 41 71 80 77 83 96
Volta 16: 32 44 62 76 91 17 24 23 30 27 39 43 58 60 72 85 86 100 8 15 16 22 26 31 33 40 45 49 46 47 53 51 55 61 65 68 70 73 81 95 93 97 99 3 2 11 13 18 25 21 28 36 48 54 59 57 64 63 66 74 78 79 89 5 9 10 14 12 20 29 35 38 50 56 69 71 80 77 82 88 1 6 7 19 34 41 42 83 96
Volta 17: 32 44 76 91 24 23 30 39 43 60 58 62 72 85 86 100 8 15 17 16 22 27 31 33 40 49 51 55 61 70 68 73 81 95 97 11 13 18 26 36 45 46 47 48 53 54 59 57 65 66 74 78 79 93 99 3 5 2 10 9 14 12 20 21 25 28 29 38 56 63 64 77 82 88 89 7 6 35 41 50 69 71 80 83 1 19 34 42
Volta 18: 76 91 23 30 44 43 58 60 62 72 17 24 27 31 40 39 49 55 61 68 73 81 86 95 100 8 13 15 18 16 22 33 48 51 53 57 65 70 79 93 99 97 2 3 14 12 11 20 25 21 28 26 29 36 45 47 46 54 59 64 63 66 74 77 78 82 89 88 5 9 6 10 35 38 50 56 69 80 83 1 7 34 41 19 42
Volta 19: 76 91 43 72 17 23 27 30 31 40 44 58 60 61 62 68 73 86 95 8 15 16 18 24 22 33 39 48 49 51 55 57 70 79 81 97 100 99 2 3 14 12 13 11 20 25 21 26 28 36 47 46 54 53 59 63 65 66 74 82 89 88 93 5 10 6 9 29 35 38 45 50 56 64 69 80 78 77 83 1 7 34 41 19
Volta 20: 76 91 43 72 23 27 30 31 40 44 60 58 62 61 68 73 86 16 17 18 22 33 39 49 48 55 51 57 79 81 95 100 2 3 8 15 11 13 20 24 25 21 26 28 36 47 46 54 59 65 70 88 89 93 99 97 9 6 14 12 29 35 50 53 63 64 66 69 74 78 77 80 82 5 10 34 38 45 56 83 1 7 41 19
Volta 21: 43 76 91 30 27 31 58 68 72 86 17 16 23 22 33 40 44 48 51 55 60 57 62 61 73 79 95 100 2 3 15 20 18 25 24 26 39 36 49 54 59 70 81 88 93 99 97 6 8 12 13 11 21 28 29 46 47 53 65 63 66 69 74 82 89 5 9 10 14 35 34 50 64 78 77 80 1 7 38 41 45 56 83
Volta 22: 76 91 27 30 43 68 72 17 16 23 22 31 40 44 48 51 55 57 58 61 73 79 86 95 100 2 3 15 18 20 24 25 33 39 60 59 62 70 81 88 93 99 97 8 6 12 13 11 21 26 28 29 36 49 47 46 54 69 66 74 82 89 5 9 14 35 34 50 53 63 65 64 80 77 78 7 10 38 41 45 56 1 83
Volta 23: 76 27 43 68 72 91 16 17 22 23 30 31 44 48 55 57 58 79 86 18 20 25 33 39 40 51 59 60 62 61 73 88 95 97 99 100 2 3 6 13 15 11 12 21 24 26 28 29 36 47 49 54 66 70 74 82 81 89 93 5 9 8 14 34 46 53 65 69 78 10 35 41 45 50 64 63 80 77 7 38 56 1
Volta 24: 76 72 16 22 23 27 31 44 43 48 55 68 86 91 17 18 20 25 33 40 39 51 57 59 58 60 61 73 79 88 95 97 99 100 3 2 6 15 21 47 54 74 82 93 9 8 12 11 13 14 24 29 26 28 34 36 49 46 53 65 69 70 66 78 81 89 5 10 35 45 50 64 63 80 77 7 38 41 56 1
Volta 25: 76 22 23 43 44 48 55 72 91 20 18 16 27 33 31 40 51 60 58 61 68 79 86 88 95 99 100 17 21 25 39 47 59 57 73 82 93 97 2 3 9 6 12 15 24 26 29 28 36 49 46 54 69 66 74 81 89 5 8 13 11 14 34 45 53 64 65 70 78 10 35 41 50 56 63 80 77 7 38
Volta 26: 76 23 44 43 55 72 16 18 22 27 33 40 48 60 61 68 88 86 91 95 99 20 17 21 25 31 39 47 51 59 58 57 73 79 82 93 100 97 3 6 15 26 28 49 46 54 69 66 74 81 89 5 2 8 9 14 12 24 29 34 36 45 53 64 10 11 13 35 41 50 56 63 65 70 78 80 77 7 38
Volta 27: 76 23 43 55 72 16 22 44 60 61 88 91 95 18 20 17 25 21 27 33 31 40 39 48 68 79 82 86 99 3 6 15 28 47 51 54 59 58 57 69 73 81 93 97 100 5 2 9 12 29 26 34 36 45 49 46 53 64 66 74 89 10 8 13 11 14 24 41 56 65 70 78 7 35 50 63 80 77
Volta 28: 55 72 76 16 22 23 43 60 61 20 18 21 27 31 33 39 40 44 48 68 79 88 86 95 91 99 3 6 15 17 25 47 54 51 59 57 82 81 93 97 9 12 28 26 34 36 49 46 53 58 69 66 74 73 89 100 2 5 10 8 11 13 14 29 45 56 64 70 7 24 35 41 50 63 65 80 78 77
Volta 29: 55 72 76 16 43 60 20 18 23 22 21 27 33 31 40 39 44 48 61 68 79 91 95 99 3 15 17 25 47 51 54 59 57 82 86 88 93 6 9 28 34 46 69 66 74 81 89 100 97 5 2 10 12 13 29 26 36 45 49 53 56 58 64 70 73 8 7 14 11 24 41 63 65 78 80 35 50
Volta 30: 72 16 43 55 76 22 23 21 31 33 48 60 61 68 79 95 99 3 15 20 18 25 39 44 47 54 51 57 91 9 6 28 34 59 69 74 82 81 86 88 93 2 10 12 29 26 36 45 49 46 53 58 66 70 73 89 100 97 5 8 13 14 41 56 65 64 80 78 7 24 50 63 35
Volta 31: 72 43 55 76 16 22 23 48 60 61 79 95 15 20 18 21 25 33 31 39 44 51 54 57 68 99 3 6 9 34 47 59 69 81 82 88 86 91 93 10 28 29 26 36 45 49 53 74 73 97 2 5 8 12 13 14 41 46 58 64 70 66 78 89 100 7 24 50 56 63 65 80
Volta 32: 43 72 76 16 22 23 48 55 18 20 21 25 31 33 39 54 51 57 60 61 68 79 95 99 9 6 15 44 47 59 69 82 88 91 3 29 28 34 45 49 74 73 81 86 93 97 5 8 10 13 26 36 46 53 58 66 70 78 89 100 2 7 14 12 41 64 63 80 24 50 56 65
Volta 33: 43 72 22 55 76 16 18 23 25 21 33 39 48 57 60 61 68 79 95 99 9 15 20 31 47 54 51 82 88 3 6 29 34 45 44 59 69 74 73 86 91 93 97 5 13 28 36 49 53 58 70 66 78 81 89 100 10 7 8 12 14 26 41 46 64 80 2 24 50 63 56
Volta 34: 72 43 55 76 16 25 22 33 57 61 79 9 15 18 20 21 23 31 39 47 48 51 54 60 68 82 88 95 99 3 29 45 44 69 73 93 91 6 13 28 34 53 59 70 74 78 81 86 89 97 5 10 7 8 14 26 36 49 46 58 64 66 80 100 2 12 41 63 24 50 56
Volta 35: 43 55 72 76 22 61 79 15 16 25 21 23 31 33 47 57 82 88 99 9 20 18 39 44 48 54 51 60 69 68 91 95 93 3 13 28 29 34 45 53 59 70 74 73 78 86 97 7 6 10 14 36 46 58 64 66 81 89 2 5 8 12 26 41 49 80 100 24 50 63
Volta 36: 55 72 76 43 15 16 23 22 21 33 47 57 61 79 99 9 18 20 25 31 39 48 51 60 69 68 82 93 95 3 13 28 34 44 54 73 74 91 7 14 36 46 53 59 58 70 78 81 86 89 97 2 8 10 6 12 26 41 49 64 66 100 5 24 80 50 63
Volta 37: 72 76 43 55 21 23 22 33 57 61 79 99 9 15 16 20 25 31 39 48 47 51 60 69 82 93 13 18 54 68 74 91 95 3 7 14 28 34 36 44 53 59 73 78 81 89 86 6 10 12 26 41 46 58 64 70 66 97 100 2 5 8 49 80 24 50
Volta 38: 76 55 72 23 22 43 57 61 79 9 15 16 20 25 21 33 47 51 60 69 82 99 18 31 39 48 54 74 93 95 13 28 34 44 53 59 68 81 86 91 3 7 10 14 26 36 41 46 58 64 66 70 73 78 89 97 100 2 5 6 8 12 49 24 80 50
Volta 39: 76 43 55 72 79 9 15 16 20 23 22 21 25 51 57 61 69 99 18 31 33 39 47 48 60 82 95 13 28 34 53 54 59 68 74 81 86 91 93 10 7 26 36 41 44 64 66 70 73 78 89 97 5 2 3 8 12 14 46 58 100 6 24 49 80
Volta 40: 76 43 55 9 15 16 20 23 22 51 61 69 72 79 18 21 25 31 33 39 47 60 57 82 95 99 13 34 48 54 59 68 74 93 10 26 28 36 44 53 64 70 73 81 86 91 97 5 7 14 41 46 58 66 78 89 100 3 2 8 12 6 24 49 80
Volta 41: 76 55 15 16 20 22 43 69 72 9 23 25 31 33 39 47 51 57 60 61 79 99 18 21 34 48 59 68 82 95 10 13 28 26 36 53 54 64 70 74 73 81 91 93 5 7 41 44 46 66 78 86 97 3 8 14 12 58 89 100 2 6 24 49
Volta 42: 43 55 69 72 9 15 16 20 22 25 23 31 33 47 51 61 79 99 18 34 48 60 59 57 82 95 10 13 36 54 68 81 93 91 5 7 26 28 44 41 46 53 64 70 66 74 86 97 3 8 14 58 78 89 100 2 6 12 24 49
Volta 43: 43 55 69 9 15 25 22 31 47 61 72 79 99 16 20 18 23 34 33 48 51 60 57 82 95 13 59 68 81 91 93 7 10 28 26 36 44 41 46 53 54 66 70 74 86 97 5 58 64 78 3 6 8 12 14 24 89 100 2
Volta 44: 55 69 15 22 31 43 99 9 16 18 25 33 34 47 48 51 57 61 72 79 82 95 13 20 23 59 60 68 93 7 10 28 26 44 46 53 54 70 66 74 81 91 5 36 41 64 78 86 97 3 6 14 58 89 100 2 8 12 24
Volta 45: 15 55 69 99 9 18 16 22 25 31 34 43 48 47 61 72 79 95 13 20 23 33 51 57 82 93 10 7 26 46 54 53 59 60 68 81 91 28 36 44 70 66 74 78 86 3 5 6 41 58 64 97 100 8 14 12 89 2
Volta 46: 15 55 69 99 16 22 25 34 43 48 61 72 79 95 9 13 18 20 23 33 31 47 51 57 82 93 10 7 53 54 59 26 28 44 46 60 68 70 74 78 81 86 91 5 6 36 41 58 64 66 100 97 3 8 14 12 89 2
Volta 47: 15 55 99 16 22 61 69 79 9 13 18 25 23 31 34 33 43 47 48 51 72 95 93 7 20 54 53 57 82 10 28 26 46 60 59 70 74 78 81 86 6 36 41 44 58 64 68 66 91 5 3 14 12 100 97 8 89
Volta 48: 15 99 55 69 18 16 25 22 34 31 43 48 61 72 79 93 9 13 20 23 33 47 51 54 57 82 95 7 10 28 53 60 59 81 26 44 58 64 70 68 66 74 78 86 91 5 6 36 41 97 100 3 8 14 12 89
Volta 49: 15 55 99 18 22 34 31 43 48 61 69 72 79 9 20 16 23 25 33 47 54 51 57 95 93 10 7 13 28 82 81 26 44 53 60 59 66 74 86 91 5 41 58 64 70 68 78 100 97 3 6 14 36 8 12
Volta 50: 15 18 31 43 55 61 69 72 79 99 9 16 20 25 23 22 34 48 54 93 7 10 13 28 33 47 51 57 82 95 44 53 66 74 81 26 58 59 60 64 70 68 86 91 5 3 6 14 36 41 78 97 100 8 12
Volta 51: 15 31 43 55 61 69 72 99 9 18 20 16 22 23 25 34 48 54 79 93 7 33 47 51 57 82 10 13 28 44 66 74 95 26 53 59 60 64 68 70 81 86 91 3 5 14 36 58 97 100 8 6 41 78
Volta 52: 15 55 69 72 20 18 25 34 31 43 48 61 93 99 7 9 16 23 22 47 54 79 82 10 13 28 33 44 51 57 74 95 26 60 59 70 66 91 5 36 53 58 64 68 81 86 100 97 3 8 6 14 41 78
Volta 53: 15 69 72 18 25 31 34 43 48 55 61 93 99 9 20 23 22 79 7 10 16 28 33 44 47 54 51 57 74 82 95 13 26 60 66 53 59 58 64 70 68 81 86 91 97 5 3 14 36 41 100 8 6
Volta 54: 15 69 72 43 55 61 93 99 9 20 18 23 22 25 31 34 48 79 7 10 16 28 33 44 47 54 57 74 82 95 26 60 66 13 70 91 3 5 14 36 41 53 59 64 68 81 86 100 8
Volta 55: 69 15 43 55 61 72 93 99 23 25 31 34 79 9 7 20 18 22 33 44 48 57 74 82 10 16 26 28 47 54 60 66 95 13 91 3 14 36 53 59 64 70 68 81 86 100 5 41
Volta 56: 69 15 43 55 93 23 34 61 72 99 7 9 18 20 25 31 48 74 79 82 16 22 28 33 44 47 54 60 57 66 95 10 26 14 13 53 59 70 68 81 86 91 100 3 36 41 64 5
Volta 57: 69 55 15 23 43 61 72 93 7 18 20 25 31 34 48 82 99 9 16 28 33 44 54 57 60 66 74 79 10 22 26 47 95 14 59 68 91 3 13 36 41 53 64 70 81 86 100
Volta 58: 69 55 15 23 43 61 72 7 20 18 25 31 34 48 82 93 99 16 28 44 54 57 60 79 10 9 22 26 33 66 74 95 47 59 68 91 14 13 36 53 70 81 86 100 3 41 64
Volta 59: 69 55 15 23 61 72 7 20 18 34 31 43 48 82 93 99 16 25 28 44 54 57 79 26 33 60 74 9 10 22 47 66 95 91 14 53 59 70 68 86 100 3 13 36 41 81
Volta 60: 69 15 23 55 61 72 7 20 31 34 82 93 99 18 25 28 48 54 57 16 26 33 44 60 79 10 47 66 74 95 22 68 86 91 100 3 14 36 41 59 70 81
Volta 61: 69 15 23 7 20 31 34 55 61 72 82 99 18 25 28 48 54 57 93 16 26 44 79 33 60 66 74 10 22 47 91 95 100 14 59 68 70 86 3 36 41
Volta 62: 69 15 23 20 34 31 55 61 72 82 7 18 25 48 54 57 93 99 28 26 44 79 16 33 66 74 10 47 60 95 91 100 22 59 68 86 3 14 36 70 41
Volta 63: 69 15 20 23 61 72 7 34 31 48 54 55 57 82 93 18 25 26 28 44 79 99 16 33 66 74 10 47 60 100 22 59 68 86 91 95 3 14 70 36
Volta 64: 69 15 23 72 7 20 31 34 48 54 55 61 82 18 25 26 28 44 57 79 93 99 16 33 66 74 10 47 60 100 68 95 91 3 14 22 59 70 86 36
Volta 65: 69 23 72 15 20 31 34 55 54 61 7 18 25 26 44 48 57 82 99 16 28 74 79 93 33 60 66 10 47 95 100 14 59 68 70 86 91 3 22
Volta 66: 69 72 15 20 23 34 31 54 18 25 44 55 61 82 7 26 28 48 57 79 99 16 66 74 93 10 60 100 59 70 68 91 3 14 22 86
Volta 67: 69 72 15 18 20 23 31 34 54 55 61 82 7 25 28 26 44 57 79 99 16 48 66 74 93 60 100 10 59 70 3 14 68 91 22
Volta 68: 69 72 15 34 55 54 82 20 18 25 23 28 31 44 57 61 79 99 7 26 48 93 16 60 66 74 10 59 70 100 3 14 68 91 22
Volta 69: 69 72 15 34 54 82 20 23 25 28 31 44 55 61 99 18 26 48 57 79 93 7 66 74 10 16 60 100 3 59 68 70 91 14
Volta 70: 69 72 15 34 82 20 23 54 55 18 25 28 26 31 44 48 57 61 79 93 99 7 66 74 10 16 60 100 3 59 68 70 91 14
Volta 71: 69 72 15 82 23 34 54 55 20 25 28 31 44 57 61 93 99 18 26 48 66 79 7 10 16 74 100 3 59 60 68 70 91
Volta 72: 69 15 72 55 54 82 20 25 23 28 34 31 57 61 99 18 26 44 93 7 16 66 74 79 100 3 10 59 68 70 91
Volta 73: 69 15 72 54 55 82 23 28 31 34 57 99 18 20 25 26 44 61 93 7 16 66 74 3 10 59 79 100 68 70
Volta 74: 69 72 15 54 82 28 34 55 20 23 26 31 44 57 61 93 99 18 25 3 10 7 16 66 74 79 100 59 68 70
Volta 75: 69 72 54 15 34 55 82 20 23 28 26 31 44 61 93 99 18 25 57 3 10 100 7 16 59 66 74 79 68
Volta 76: 69 72 54 15 34 82 23 44 55 61 20 18 25 28 26 31 57 93 99 3 10 100 7 16 59 74 79 68 66
Volta 77: 69 72 15 34 54 82 20 18 23 25 26 28 44 55 61 93 99 10 31 57 3 100 7 16 59 68 74 79
Volta 78: 69 72 15 34 54 82 20 23 25 26 28 44 55 61 99 18 31 57 93 3 10 16 74 79 7 59 68
Volta 79: 69 72 15 34 54 25 26 28 55 61 82 99 20 18 23 44 93 31 57 3 10 16 74 79 7 59
Volta 80: 69 72 15 34 54 26 55 82 99 20 25 23 28 44 61 18 31 57 93 10 16 74 79 3 7 59
Volta 81: 69 72 15 34 54 82 99 23 25 26 55 61 18 20 28 31 44 57 93 16 74 79 3 7 10
Volta 82: 69 72 15 34 54 23 26 55 82 99 20 18 25 28 31 44 61 93 16 57 79 7 10 74 3
Volta 83: 69 72 15 34 54 55 82 99 23 28 26 31 44 61 20 18 16 25 57 79 93 74 10 7
Volta 84: 69 72 15 34 54 82 99 23 28 26 31 61 18 20 25 44 57 16 79 93 7 10
Volta 85: 69 72 15 34 99 23 28 26 54 61 82 25 31 57 18 16 20 44 79 93 7
Volta 86: 69 72 15 34 99 26 54 82 23 25 28 31 61 44 57 79 20 16 18 93 7
Volta 87: 72 69 15 34 99 26 25 23 28 54 82 31 44 57 61 16 18 20 79 93
Volta 88: 72 69 15 26 34 99 54 82 23 25 28 44 61 18 20 31 57 79 16 93
Volta 89: 72 69 15 26 34 99 25 28 44 54 82 18 23 57 61 16 20 31 79
Volta 90: 72 69 15 26 99 34 44 54 82 18 25 23 28 57 61 20 31 79 16
Volta 91: 72 69 15 26 99 34 18 23 28 44 54 57 61 82 20 25 79 31
Volta 92: 72 69 15 26 34 99 23 28 82 18 25 44 54 57 61 79 20 31
Volta 93: 72 69 15 26 99 34 23 18 25 28 44 54 57 79 82 20 61
Volta 94: 72 69 15 26 99 34 18 23 25 28 54 82 44 57 79 20 61
Volta 95: 72 69 15 26 99 34 18 23 25 28 82 44 54 57 79 20
Volta 96: 72 69 15 26 99 18 23 28 34 82 25 54 79 20 44 57
Volta 97: 72 15 26 69 99 18 23 34 25 28 79 82 44 54 20
Volta 98: 72 15 26 69 99 18 23 25 34 79 82 28 44 54 20
Volta 99: 72 15 26 69 99 23 18 25 34 54 79 82 28 44
Volta 100: 72 15 69 26 99 23 18 25 34 54 79 82 28 44
Volta 101: 72 69 15 26 99 23 18 34 54 79 82 25 28
Volta 102: 72 69 26 15 99 23 18 25 28 34 54 79 82
Volta 103: 72 69 26 15 99 23 18 25 28 34 54 79
Volta 104: 72 69 15 26 99 18 23 34 54 25 28 79
Volta 105: 72 69 15 26 99 18 23 54 25 34 28
Volta 106: 72 69 15 26 99 18 25 23 34 54 28
Volta 107: 72 69 15 26 99 18 34 54 25 23
Volta 108: 72 69 15 26 99 54 18 25 34 23
Volta 109: 72 69 15 26 99 18 34 54 25
Volta 110: 72 69 15 26 99 34 54 18 25
Volta 111: 72 69 15 26 99 34 18 54
Volta 112: 72 69 15 26 99 18 34 54
Volta 113: 72 69 15 26 99 18 34
Volta 114: 72 69 15 26 99 34 18
Volta 115: 72 69 15 26 99 34
Volta 116: 72 69 15 26 99 34
Volta 117: 72 69 15 26 99
Volta 118: 72 15 69 26 99
Volta 119: 72 69 15 26
Volta 120: 15 69 26
Volta 121: 69 15
Volta 122: 69 15

Ranqueamento Final:
1: Ciclista 15 - 2340.30 segundos
2: Ciclista 69 - 2316.62 segundos
3: Ciclista 26 - 2310.66 segundos
4: Ciclista 99 - 2280.90 segundos
5: Ciclista 34 - 2280.78 segundos
6: Ciclista 18 - 2250.42 segundos
7: Ciclista 54 - 2221.26 segundos
8: Ciclista 25 - 2175.54 segundos
9: Ciclista 23 - 2145.54 segundos
10: Ciclista 28 - 2115.66 segundos
11: Ciclista 79 - 2056.86 segundos
12: Ciclista 82 - 2011.98 segundos
13: Ciclista 44 - 1981.02 segundos
14: Ciclista 20 - 1950.42 segundos
15: Ciclista 57 - 1906.38 segundos
16: Ciclista 61 - 1876.50 segundos
17: Ciclista 31 - 1830.78 segundos
18: Ciclista 16 - 1800.42 segundos
19: Ciclista 93 - 1757.22 segundos
20: Ciclista 7 - 1725.18 segundos
21: Ciclista 10 - 1680.18 segundos
22: Ciclista 3 - 1650.06 segundos
23: Ciclista 59 - 1621.38 segundos
24: Ciclista 68 - 1576.62 segundos
25: Ciclista 66 - 1531.62 segundos
26: Ciclista 70 - 1516.62 segundos
27: Ciclista 91 - 1472.22 segundos
28: Ciclista 14 - 1440.30 segundos
29: Ciclista 22 - 1410.54 segundos
30: Ciclista 86 - 1352.10 segundos
31: Ciclista 36 - 1320.90 segundos
32: Ciclista 41 - 1291.02 segundos
33: Ciclista 81 - 1245.30 segundos
34: Ciclista 64 - 1201.50 segundos
35: Ciclista 5 - 1170.06 segundos
36: Ciclista 8 - 1125.18 segundos
37: Ciclista 78 - 1096.86 segundos
38: Ciclista 12 - 1065.30 segundos
39: Ciclista 89 - 1007.10 segundos
40: Ciclista 2 - 975.06 segundos
41: Ciclista 24 - 930.54 segundos
42: Ciclista 49 - 886.14 segundos
43: Ciclista 80 - 856.86 segundos
44: Ciclista 50 - 826.14 segundos
45: Ciclista 63 - 781.50 segundos
46: Ciclista 56 - 736.38 segundos
47: Ciclista 65 - 691.50 segundos
48: Ciclista 35 - 660.78 segundos
49: Ciclista 77 - 616.86 segundos
50: Ciclista 38 - 570.90 segundos
51: Ciclista 1 - 555.06 segundos
52: Ciclista 83 - 496.98 segundos
53: Ciclista 19 - 465.42 segundos
54: Ciclista 42 - 421.02 segundos
55: Ciclista 96 - 362.34 segundos
56: Ciclista 37 - 330.90 segundos
57: Ciclista 75 - 286.74 segundos
58: Ciclista 90 - 242.10 segundos
59: Ciclista 84 - 196.98 segundos
60: Ciclista 52 - 166.26 segundos
61: Ciclista 98 - 107.34 segundos
62: Ciclista 92 - 62.22 segundos

Ciclista 4 quebrou na volta 12 - 255.00 segundos
Ciclista 6 quebrou na volta 54 - 1125.12 segundos
Ciclista 9 quebrou na volta 60 - 1200.12 segundos
Ciclista 11 quebrou na volta 30 - 630.24 segundos
Ciclista 13 quebrou na volta 60 - 1245.24 segundos
Ciclista 17 quebrou na volta 30 - 585.36 segundos
Ciclista 21 quebrou na volta 42 - 825.48 segundos
Ciclista 27 quebrou na volta 30 - 570.60 segundos
Ciclista 29 quebrou na volta 36 - 735.60 segundos
Ciclista 30 quebrou na volta 24 - 450.60 segundos
Ciclista 32 quebrou na volta 18 - 315.72 segundos
Ciclista 33 quebrou na volta 66 - 1305.72 segundos
Ciclista 39 quebrou na volta 42 - 825.84 segundos
Ciclista 40 quebrou na volta 30 - 570.84 segundos
Ciclista 43 quebrou na volta 60 - 1155.96 segundos
Ciclista 45 quebrou na volta 36 - 720.96 segundos
Ciclista 46 quebrou na volta 48 - 961.08 segundos
Ciclista 47 quebrou na volta 66 - 1336.08 segundos
Ciclista 48 quebrou na volta 72 - 1411.08 segundos
Ciclista 51 quebrou na volta 54 - 1081.20 segundos
Ciclista 53 quebrou na volta 60 - 1231.20 segundos
Ciclista 55 quebrou na volta 84 - 1636.20 segundos
Ciclista 58 quebrou na volta 54 - 1096.32 segundos
Ciclista 60 quebrou na volta 72 - 1441.32 segundos
Ciclista 62 quebrou na volta 24 - 466.44 segundos
Ciclista 67 quebrou na volta 12 - 256.56 segundos
Ciclista 71 quebrou na volta 18 - 391.68 segundos
Ciclista 72 quebrou na volta 120 - 2251.68 segundos
Ciclista 73 quebrou na volta 42 - 856.68 segundos
Ciclista 74 quebrou na volta 84 - 1666.68 segundos
Ciclista 76 quebrou na volta 42 - 751.80 segundos
Ciclista 85 quebrou na volta 18 - 346.92 segundos
Ciclista 87 quebrou na volta 12 - 257.04 segundos
Ciclista 88 quebrou na volta 36 - 692.04 segundos
Ciclista 94 quebrou na volta 12 - 242.16 segundos
Ciclista 95 quebrou na volta 66 - 1322.16 segundos
Ciclista 97 quebrou na volta 54 - 1097.28 segundos
Ciclista 100 quebrou na volta 78 - 1547.28 segundos
