Volta 1: 5 4 3 2 1 8 7 10 6 9 14 11 12 15 13 20 18 16 17 19 25 22 24 23 21 26 30 29 27 28 32 35 34 31 33 40 39 38 37 36 43 41 42 44 45 46 50 49 47 48
Volta 2: 1 3 2 9 10 7 6 8 14 15 11 12 19 18 20 24 21 22 25 23 28 30 31 35 34 32 40 37 41 42 45 43 48 50 46 49 47 4 5 13 17 16 29 26 27 33 36 38 39 44
Volta 3: 1 3 6 10 11 15 14 18 28 30 35 45 41 46 4 2 7 9 8 12 13 19 17 16 20 21 22 23 24 25 27 29 26 31 33 34 32 36 37 39 40 43 42 48 49 47 50 5 38
Volta 4: 1 3 10 6 14 11 18 28 35 45 41 2 4 9 8 7 15 12 17 20 16 22 25 24 21 26 27 29 30 33 34 32 31 39 36 40 43 50 48 49 47 46 5 13 19 23 37 38 42
Volta 5: 3 1 6 11 35 41 2 4 7 8 10 15 14 18 17 16 22 25 30 28 29 31 36 40 45 47 49 46 5 9 13 12 19 20 24 23 21 26 27 33 34 32 38 37 39 43 50 48
Volta 6: 3 35 1 4 6 7 8 11 14 16 25 22 28 31 45 41 46 47 2 5 9 12 15 17 18 20 19 21 24 27 30 29 34 32 39 40 36 43 48 49 13 23 26 33 37 50
Volta 7: 35 1 3 4 7 8 14 11 25 22 28 31 41 45 47 46 2 5 6 9 15 18 16 19 17 30 27 34 36 39 40 48 49 13 12 20 21 24 23 29 26 32 33 37 43
Volta 8: 35 3 7 8 14 28 31 41 46 47 1 2 4 6 11 18 19 16 17 25 22 27 34 40 45 48 5 9 12 15 24 23 30 29 33 39 36 43 49 13 20 21 26 32 37
Volta 9: 3 8 14 31 35 41 47 46 4 1 6 7 11 19 17 16 22 25 27 28 40 45 48 2 5 9 15 12 18 23 29 34 39 49 13 20 24 30 26 33 32 36 43 21
Volta 10: 8 14 41 46 47 3 6 7 17 16 22 28 31 35 40 48 5 4 2 1 9 11 18 19 25 27 34 45 49 15 12 20 23 29 30 26 36 39 43 13 21 24 33 32
Volta 11: 8 46 47 3 6 7 14 16 22 28 35 41 48 5 11 17 18 19 25 27 34 31 40 45 2 4 1 9 15 12 23 30 29 39 36 49 13 20 24 21 26 43 33
Volta 12: 8 3 7 6 14 16 22 35 41 48 46 5 11 19 18 17 25 28 27 34 31 40 45 2 4 9 29 36 39 1 12 20 24 23 21 30 43 49 13 26 33
Volta 13: 8 3 6 7 14 22 48 5 11 16 19 18 25 28 27 34 35 40 41 45 46 4 9 17 29 31 2 1 21 23 30 36 39 43 49 12 13 20 24 26
Volta 14: 8 3 22 48 5 6 7 14 18 19 16 25 40 41 4 11 28 27 29 34 35 31 45 46 9 17 21 30 43 1 2 13 20 24 23 26 36 39 49 12
Volta 15: 8 22 3 6 7 14 19 18 25 41 48 5 11 16 29 27 28 34 35 40 45 4 17 21 31 46 2 1 9 13 20 24 23 26 30 39 36 43 49
Volta 16: 8 22 3 6 7 18 41 48 14 19 16 25 28 29 27 40 5 4 11 17 34 35 31 45 46 1 2 9 20 21 26 30 39 49 13 24 23 36 43
Volta 17: 8 22 3 6 41 7 14 19 18 16 25 28 40 48 4 5 11 27 29 31 35 34 45 9 17 20 30 49 46 1 2 13 21 23 26 39 36 24
Volta 18: 22 6 8 41 3 7 14 19 25 28 48 4 11 18 16 29 27 31 40 5 9 17 30 35 46 49 1 2 13 20 21 23 26 39 24
Volta 19: 22 8 6 41 3 14 19 25 4 7 11 16 18 27 28 29 40 48 5 17 30 31 35 49 46 1 9 20 23 21 26 2 13 39
Volta 20: 6 8 22 41 3 14 4 18 19 25 40 48 5 7 11 17 16 29 28 27 30 31 1 9 20 23 26 35 49 46 13 21 39 2
Volta 21: 8 6 22 41 3 14 4 19 18 25 40 48 7 16 17 27 29 28 30 31 1 5 9 11 23 26 35 46 49 13 20 21 39
Volta 22: 6 22 8 14 41 3 4 19 18 25 48 7 16 29 40 5 9 17 28 27 30 35 31 1 11 13 20 23 21 26 39 46 49
Volta 23: 22 6 8 14 3 18 19 25 41 4 16 40 48 5 7 17 27 30 28 29 1 9 11 13 23 26 31 35 39 46 20 21
Volta 24: 22 14 8 6 4 3 18 16 19 25 41 48 30 40 5 7 23 28 26 29 27 35 31 9 13 11 20 21 39 46
Volta 25: 22 14 8 6 3 19 18 41 4 16 25 40 48 27 30 28 26 31 5 7 11 13 20 23 29 35 39 9 21
Volta 26: 22 8 6 14 3 19 4 16 18 25 41 26 27 30 31 40 48 7 11 13 20 23 28 35 39 5 9 21 29
Volta 27: 22 14 3 8 6 19 4 16 18 25 41 30 40 7 13 11 23 28 27 26 31 35 39 48 5 20 9 21
Volta 28: 14 22 8 6 19 4 3 16 25 41 18 7 11 23 26 30 27 40 39 48 13 20 28 31 35 5 21 9
Volta 29: 14 22 19 3 6 8 16 25 41 4 18 7 11 23 30 39 40 48 13 20 28 27 26 35 5 21 31
Volta 30: 14 22 19 3 6 8 4 18 16 25 11 39 48 20 23 30 27 40 5 13 28 35 21 31
Volta 31: 14 22 19 3 8 6 4 18 25 11 16 39 48 23 27 40 13 20 28 30 35 5 21
Volta 32: 14 19 22 3 8 4 6 18 16 25 11 23 27 40 39 48 20 30 28 35 5 13 21
Volta 33: 14 19 22 3 8 4 18 6 11 16 25 23 27 40 39 48 20 30 28 5 13 35
Volta 34: 14 19 8 22 4 3 18 6 16 25 23 27 48 11 20 30 40 39 5 28 35 13
Volta 35: 14 19 22 4 8 3 18 25 23 27 6 11 16 20 30 39 48 28 40 5 35
Volta 36: 14 19 22 8 4 3 25 23 27 11 16 30 48 6 20 28 39 35 40 5
Volta 37: 14 19 8 22 4 3 23 11 25 27 48 6 16 28 30 39 20 35 40
Volta 38: 14 8 19 22 3 4 11 23 25 27 16 30 28 39 48 6 20 35 40
Volta 39: 14 8 19 3 22 4 25 11 23 30 27 48 6 16 20 28 39 35
Volta 40: 14 19 3 8 22 4 25 11 23 27 30 48 6 16 39 20 28 35
Volta 41: 19 3 14 22 8 4 25 30 27 48 6 11 16 23 39 20 28
Volta 42: 19 3 14 22 8 25 4 27 11 16 23 30 48 6 20 39 28
Volta 43: 19 3 14 22 8 25 4 11 16 23 30 27 48 20 39 6
Volta 44: 19 3 14 22 8 4 25 23 27 30 48 11 16 39 6 20
Volta 45: 19 3 14 22 8 4 25 30 16 23 27 48 11 39 6
Volta 46: 19 3 8 14 22 4 25 30 16 23 27 48 11 39 6
Volta 47: 19 3 8 14 22 4 30 16 25 23 48 11 27 39
Volta 48: 19 3 14 8 22 23 30 48 11 16 25 27 39
Volta 49: 19 3 14 8 22 23 30 16 25 27 48 11
Volta 50: 19 3 8 14 22 23 25 30 48 16 27 11
Volta 51: 19 14 22 3 8 30 48 16 23 25 27
Volta 52: 14 19 22 3 8 30 48 16 25 23 27
Volta 53: 14 19 22 8 3 30 48 25 16 23
Volta 54: 14 19 22 3 25 30 48 16 23
Volta 55: 14 19 22 3 30 48 16 25
Volta 56: 19 22 14 3 30 16 25 48
Volta 57: 19 22 14 3 30 16 25
Volta 58: 19 22 14 3 16 25 30
Volta 59: 19 22 14 3 25 16
Volta 60: 22 14 19 3 25 16
Volta 61: 22 14 19 3 25
Volta 62: 14 22 19 3 25
Volta 63: 22 14 19 3
Volta 64: 22 14 19 3
Volta 65: 22 14 19
Volta 66: 22 14 19
Volta 67: 22 14
Volta 68: 22 14

Ranqueamento Final:
1: Ciclista 14 - 1290.30 segundos
2: Ciclista 22 - 1275.54 segundos
3: Ciclista 19 - 1260.42 segundos
4: Ciclista 3 - 1230.66 segundos
5: Ciclista 25 - 1230.54 segundos
6: Ciclista 16 - 1215.42 segundos
7: Ciclista 30 - 1155.66 segundos
8: Ciclista 48 - 1111.14 segundos
9: Ciclista 23 - 1080.54 segundos
10: Ciclista 27 - 1050.66 segundos
11: Ciclista 11 - 1020.30 segundos
12: Ciclista 39 - 975.90 segundos
13: Ciclista 6 - 945.18 segundos
14: Ciclista 20 - 900.42 segundos
15: Ciclista 28 - 870.66 segundos
16: Ciclista 35 - 825.78 segundos
17: Ciclista 40 - 795.90 segundos
18: Ciclista 5 - 765.06 segundos
19: Ciclista 13 - 720.30 segundos
20: Ciclista 21 - 675.54 segundos
21: Ciclista 31 - 645.78 segundos
22: Ciclista 9 - 615.18 segundos
23: Ciclista 29 - 555.66 segundos
24: Ciclista 46 - 511.14 segundos
25: Ciclista 49 - 466.14 segundos
26: Ciclista 2 - 450.06 segundos
27: Ciclista 24 - 405.54 segundos
28: Ciclista 43 - 361.02 segundos
29: Ciclista 12 - 330.30 segundos
30: Ciclista 33 - 300.78 segundos
31: Ciclista 32 - 240.78 segundos
32: Ciclista 37 - 195.90 segundos
33: Ciclista 50 - 151.14 segundos
34: Ciclista 42 - 106.02 segundos
35: Ciclista 44 - 61.02 segundos

Ciclista 1 quebrou na volta 24 - 510.00 segundos
Ciclista 4 quebrou na volta 48 - 930.00 segundos
Ciclista 7 quebrou na volta 30 - 615.12 segundos
Ciclista 8 quebrou na volta 54 - 1035.12 segundos
Ciclista 10 quebrou na volta 6 - 135.12 segundos
Ciclista 15 quebrou na volta 12 - 270.24 segundos
Ciclista 17 quebrou na volta 24 - 480.36 segundos
Ciclista 18 quebrou na volta 36 - 690.36 segundos
Ciclista 26 quebrou na volta 30 - 615.60 segundos
Ciclista 34 quebrou na volta 18 - 360.72 segundos
Ciclista 36 quebrou na volta 18 - 390.84 segundos
Ciclista 38 quebrou na volta 6 - 135.84 segundos
Ciclista 41 quebrou na volta 30 - 585.96 segundos
Ciclista 45 quebrou na volta 18 - 360.96 segundos
Ciclista 47 quebrou na volta 12 - 211.08 segundos
