Volta 1: 2 1 5 4 3 6 10 8 9 7 15 13 12 11 14 16 17 20 19 18 22 24 23 25 21 30 26 27 29 28 35 31 33 34 32 38 37 36 40 39 44 42 43 45 41 50 49 48 46 47 53 55 52 54 51 60 59 56 57 58 64 65 63 61 62 69 68 67 70 66 75 73 74 72 71 79 77 80 78 76 84 81 82 83 85 89 86 90 87 88 92 93 95 91 94 96 97 98 100 99
Volta 2: 4 3 2 1 5 7 9 8 11 14 13 12 16 20 17 18 19 24 22 23 21 28 29 30 26 35 33 32 31 36 37 39 43 44 41 45 42 46 47 50 49 48 51 54 52 55 58 57 59 60 63 61 62 65 67 68 70 66 75 72 71 73 78 76 79 80 81 85 86 88 87 90 89 93 92 91 98 96 100 97 6 10 15 25 27 34 40 38 53 56 64 69 74 77 83 82 84 95 94 99
Volta 3: 5 4 3 2 7 11 14 18 16 19 20 23 22 26 28 30 29 35 32 31 36 39 42 44 46 49 54 52 57 58 59 60 62 63 67 70 68 73 71 72 76 86 90 87 89 93 92 96 98 1 8 10 9 6 15 13 12 17 21 24 25 27 34 33 40 38 37 43 45 41 48 50 47 53 55 51 56 64 65 61 69 66 74 75 78 80 77 79 81 83 84 82 85 88 91 94 97 100 95
Volta 4: 3 2 7 14 18 19 20 23 29 28 31 35 36 42 44 46 58 57 63 62 67 70 68 73 86 89 93 98 5 4 1 10 9 8 12 13 11 16 17 24 25 22 21 26 30 34 32 39 40 37 41 48 49 47 51 54 52 55 56 60 59 65 64 61 66 69 74 75 72 71 76 78 77 80 81 82 84 90 87 88 92 91 94 97 96 6 15 27 33 38 43 45 50 53 79 85 83 95 100
Volta 5: 3 7 14 28 31 35 46 57 58 68 67 89 5 4 2 9 12 13 11 20 18 16 19 22 21 23 24 29 26 30 32 40 37 39 36 44 42 48 49 54 60 59 63 62 64 69 70 75 74 71 73 78 77 80 76 81 82 90 86 88 92 93 91 94 96 98 97 1 8 6 10 15 17 25 27 34 33 38 45 43 41 50 47 55 53 52 51 56 65 61 66 72 79 85 83 84 87 95
Volta 6: 3 14 31 46 57 58 2 4 5 7 13 19 20 24 26 30 32 35 36 37 44 42 48 63 67 70 68 75 73 78 77 81 82 89 86 88 94 98 97 1 6 8 9 12 11 15 16 17 18 21 22 25 23 29 33 34 40 39 43 45 41 47 50 49 52 55 54 53 51 59 61 62 65 64 69 74 72 76 79 85 83 87 90 91 92 93 96 10 27 38 66 84 95
Volta 7: 3 31 46 57 58 2 5 14 19 20 24 26 32 44 42 48 63 70 75 73 78 82 86 94 97 98 1 4 9 6 8 7 13 15 11 12 18 16 17 25 22 23 30 34 35 33 39 37 36 40 45 49 52 54 53 55 59 62 64 65 61 67 69 68 74 79 77 81 89 87 88 91 93 96 10 21 29 27 38 41 43 50 47 51 66 72 76 85 84 83 90 92
Volta 8: 3 31 46 57 2 14 24 32 42 44 48 58 73 75 78 94 97 5 7 9 15 11 13 16 17 19 20 23 25 26 35 40 36 37 39 53 55 63 62 61 65 67 69 70 74 77 82 87 86 89 88 91 96 98 1 4 8 6 12 18 21 22 27 29 30 34 33 38 43 41 45 47 49 50 54 52 51 59 64 68 72 79 76 85 81 92 93 10 66 84 83 90
Volta 9: 46 3 31 32 58 57 73 78 2 7 11 14 15 20 19 16 24 23 36 40 42 44 48 53 55 63 65 70 69 67 75 74 77 87 89 86 94 96 98 97 5 4 1 9 6 13 12 18 17 22 25 21 26 30 27 33 35 34 38 39 37 43 41 49 54 52 51 59 62 61 72 79 81 82 88 91 92 93 8 10 29 45 50 47 64 68 76 85 66 84 83
Volta 10: 46 3 31 32 58 57 2 7 15 16 20 19 24 40 42 44 48 55 53 63 67 70 74 73 75 78 87 86 94 97 96 5 9 14 13 12 11 18 17 25 23 21 26 35 33 34 36 39 37 41 49 52 54 51 59 65 62 61 69 72 77 79 82 81 89 88 98 1 4 6 10 8 22 27 30 29 38 43 45 47 64 76 85 92 93 91 50 68 66 83 84
Volta 11: 46 32 58 3 2 7 15 16 19 31 40 44 48 53 55 57 70 67 75 73 78 97 96 5 9 14 11 12 18 20 21 24 26 35 37 39 42 54 52 51 63 61 69 72 74 79 77 82 81 87 86 94 98 1 4 8 6 10 13 17 23 25 22 30 27 34 33 36 43 41 45 49 59 62 65 85 89 88 92 91 93 29 38 50 47 64 68 66 76 83
Volta 12: 46 58 2 3 15 16 31 32 44 53 57 70 73 78 9 12 18 20 19 24 26 35 39 48 55 63 61 67 69 75 74 72 82 87 86 94 96 97 98 5 1 8 6 10 14 13 11 23 21 30 34 33 36 37 42 41 43 49 51 52 59 65 77 79 88 89 93 91 92 4 17 22 29 27 38 45 47 50 64 62 68 66 76 85 83
Volta 13: 46 2 3 15 32 53 58 57 73 78 12 18 19 20 16 24 26 31 44 48 55 63 61 67 70 69 75 72 87 97 96 98 1 8 9 11 14 21 33 35 34 36 39 42 49 52 74 79 77 82 88 86 89 94 91 5 4 6 10 13 17 23 22 30 27 37 41 45 43 47 51 59 64 62 65 68 66 85 92 93 29 38 50 76
Volta 14: 46 2 15 32 53 58 73 78 3 16 18 24 26 31 44 55 57 61 63 70 72 87 96 97 1 9 8 12 14 20 19 21 33 35 34 39 36 42 49 48 52 69 67 75 82 86 91 94 98 4 5 6 10 13 11 17 22 23 30 27 41 45 43 51 59 62 65 64 68 74 79 77 85 89 88 92 37 38 50 47 66 76 93 29
Volta 15: 46 15 32 53 58 73 2 3 18 24 26 44 57 61 63 72 78 87 97 96 1 8 9 20 19 16 21 34 33 31 36 42 49 48 52 55 70 67 69 75 86 94 98 4 6 14 13 11 12 22 27 35 39 41 43 51 65 64 62 74 79 77 82 89 92 91 5 10 17 23 30 38 37 45 50 47 59 66 68 76 85 88 93
Volta 16: 46 15 32 53 2 26 57 58 61 63 73 78 87 97 96 3 18 20 24 34 31 42 44 49 48 52 55 70 69 67 72 86 94 98 1 9 8 6 14 12 16 19 21 22 27 35 33 39 36 43 41 51 64 75 74 77 82 89 91 5 4 10 13 11 23 37 38 45 47 50 59 62 65 68 79 76 88 92 93 17 30 66 85
Volta 17: 46 32 53 2 15 57 58 63 73 87 3 18 24 26 31 44 49 52 61 70 72 78 86 97 96 1 6 8 9 14 20 16 22 27 34 35 33 36 41 42 48 55 51 64 69 67 74 75 82 94 98 5 4 10 13 12 19 21 39 37 43 50 59 65 79 77 76 89 93 92 91 11 23 38 45 47 62 68 66 88 17 30
Volta 18: 46 53 2 15 32 57 63 87 3 18 26 31 44 52 58 61 73 78 96 97 1 8 6 9 14 20 24 35 34 33 36 42 49 48 55 70 67 75 72 94 5 12 13 16 19 22 37 41 43 51 69 74 79 77 76 82 89 91 98 4 10 11 23 38 39 47 50 59 68 66 88 93 45 62 30
Volta 19: 46 53 2 15 32 3 18 26 44 52 57 58 61 63 87 97 1 8 24 35 33 31 36 48 55 70 73 72 75 78 94 96 5 9 6 13 12 14 16 19 20 22 34 37 42 49 51 67 74 77 82 89 91 10 39 43 41 47 59 66 68 69 76 79 93 98 4 11 23 38 50 88 45 62
Volta 20: 46 53 2 32 15 18 26 44 52 57 61 63 87 1 3 33 31 35 36 48 55 58 72 73 78 94 97 5 9 8 6 14 20 24 22 34 37 42 70 67 75 74 77 82 89 91 96 12 13 19 16 39 41 47 49 51 69 66 79 76 93 98 10 23 43 50 59 68 4 11 38 45 62 88
Volta 21: 46 53 2 15 18 32 57 61 63 87 3 26 44 48 52 58 72 94 5 1 9 20 35 33 31 34 36 37 42 55 70 73 74 75 78 77 89 91 97 96 6 8 14 13 19 16 22 24 39 49 51 67 79 82 98 10 12 23 43 41 50 47 59 68 66 69 76 93 4 11 38 62 45
Volta 22: 53 46 2 15 18 32 57 61 63 87 26 44 52 72 94 1 5 3 9 35 33 31 34 37 36 48 55 58 70 73 74 78 89 97 96 6 19 16 20 24 22 39 42 67 75 79 77 82 91 98 8 10 13 14 23 43 50 49 47 51 68 66 69 76 93 4 12 11 38 41 59 45 62
Volta 23: 53 46 15 32 57 63 87 2 18 44 61 72 5 3 26 31 33 35 34 36 48 55 52 58 70 78 89 94 1 9 16 20 19 24 37 39 42 67 75 74 73 77 82 91 96 98 97 10 6 14 13 23 22 43 51 69 76 79 93 4 8 12 11 38 41 49 50 47 59 68 66 45
Volta 24: 53 46 57 63 87 2 15 18 32 72 31 35 36 44 48 55 52 78 89 94 3 5 1 9 16 20 24 26 34 33 37 42 58 70 67 73 74 82 98 96 97 10 14 19 22 39 43 51 69 75 77 76 91 93 4 8 11 13 23 38 41 47 50 59 79 12 49 68
Volta 25: 53 46 57 87 2 15 32 63 18 31 44 48 52 72 78 89 94 3 9 16 20 24 26 35 34 33 36 37 42 55 58 70 67 73 97 98 5 1 22 39 43 51 69 75 74 77 82 91 93 96 4 10 14 13 19 23 41 76 79 8 11 38 50 47 49 59 12
Volta 26: 53 87 15 32 46 57 63 2 18 44 48 52 72 78 94 3 9 16 24 35 33 31 37 36 67 73 89 98 5 1 20 22 26 34 39 43 42 55 51 58 70 69 75 74 82 91 96 97 4 10 14 13 19 41 77 79 76 93 8 11 23 38 49 47 50 59 12
Volta 27: 53 87 57 63 15 18 32 44 48 46 52 72 78 94 3 2 35 31 36 37 73 89 5 1 9 16 20 24 33 42 43 55 69 67 75 82 91 96 97 98 13 22 26 34 39 41 51 58 70 74 76 79 93 4 8 10 14 19 38 49 59 77 11 23 47 50
Volta 28: 87 53 63 15 18 32 48 46 52 57 72 78 2 31 37 36 44 94 1 3 5 9 20 16 24 35 43 42 67 69 75 73 82 89 98 13 22 26 34 33 39 55 51 58 70 76 91 97 96 8 10 14 19 38 41 49 59 74 79 93 4 11 23 50 47 77
Volta 29: 53 87 15 32 48 46 63 78 2 18 31 36 44 52 57 72 5 9 20 35 37 42 69 67 75 73 89 94 98 3 1 16 24 26 34 33 39 43 55 70 76 82 91 96 97 8 13 19 22 38 41 51 58 74 93 10 14 11 23 49 47 59 79 4 50
Volta 30: 53 87 15 46 48 63 78 2 18 32 31 44 52 72 5 9 20 36 37 57 67 94 3 1 16 24 35 34 39 55 69 70 75 73 89 98 8 13 19 38 41 43 51 58 74 76 82 91 97 10 22 49 79 93 4 11 14 23 47 59 50
Volta 31: 87 15 48 53 63 78 2 18 31 32 46 72 5 20 44 52 57 94 1 3 9 16 35 37 39 36 55 69 67 70 73 75 89 98 24 34 43 41 51 58 74 76 82 97 10 8 13 19 22 38 91 93 4 11 14 23 49 59 79 47
Volta 32: 87 15 48 53 63 2 18 31 32 46 72 78 5 20 44 52 57 3 1 9 16 36 37 55 69 67 75 73 89 94 24 35 34 39 43 41 58 70 82 98 97 13 51 74 76 93 4 10 8 14 19 22 38 49 59 79 91 11 23 47
Volta 33: 87 48 2 15 31 53 63 20 18 32 46 57 72 78 3 5 9 16 36 44 52 69 67 94 1 24 35 34 37 39 55 70 73 75 82 89 97 98 13 41 43 51 58 93 4 8 14 19 38 74 79 76 91 10 11 22 23 49 59
Volta 34: 48 87 53 63 2 15 18 31 72 5 9 20 32 44 46 52 57 69 78 94 1 3 16 35 34 39 37 36 55 67 73 82 89 97 98 13 24 43 51 58 70 75 4 8 14 38 41 76 79 93 91 11 19 49 59 74 10 23 22
Volta 35: 87 48 63 15 18 31 53 2 20 32 44 46 57 69 72 78 94 3 5 9 16 35 37 36 39 55 52 73 82 97 1 13 24 34 43 51 67 70 75 89 98 8 41 58 76 4 11 14 19 38 49 59 74 79 91 93 10 23
Volta 36: 48 63 87 18 31 53 2 15 20 32 44 46 57 72 78 5 9 16 37 39 55 69 73 82 97 1 3 13 24 35 34 36 70 67 98 43 41 58 75 89 4 8 14 19 79 93 11 23 38 49 59 74 91 10
Volta 37: 63 87 48 53 2 15 18 20 31 32 44 57 5 9 16 37 46 55 72 73 78 97 3 13 24 35 34 36 39 67 69 82 1 41 58 70 75 89 98 8 19 43 79 93 4 11 14 23 38 49 59 74 91
Volta 38: 87 48 63 2 15 20 18 31 53 32 44 46 57 72 78 97 3 5 9 13 16 24 35 34 39 37 36 55 69 67 73 82 41 58 70 75 98 1 8 43 79 89 4 11 19 23 38 59 93 91 14 49 74
Volta 39: 87 48 63 2 18 20 31 15 44 53 57 72 5 9 16 24 35 34 32 37 39 36 46 55 73 78 82 97 3 13 41 58 69 67 70 75 98 8 43 79 89 4 1 38 59 93 91 11 14 19 23 49
Volta 40: 48 63 87 18 2 15 20 31 53 72 9 16 24 32 36 39 44 46 55 57 78 82 3 5 13 34 35 37 41 67 69 73 97 8 58 70 75 79 89 98 1 43 93 91 4 11 14 23 38 49 59 19
Volta 41: 63 87 18 48 15 20 31 53 2 9 16 24 46 57 72 78 82 3 5 13 34 35 32 36 39 37 44 55 73 97 8 41 58 70 69 67 75 79 98 43 89 93 1 4 14 23 38 59 91 11 49
Volta 42: 63 87 18 48 20 15 16 31 53 2 5 9 24 34 35 32 37 36 39 44 46 55 57 72 73 78 82 97 3 13 41 58 69 67 8 70 75 79 89 93 98 4 14 38 43 91 1 11 23 49
Volta 43: 63 87 48 20 18 15 16 31 53 2 9 32 35 37 39 44 55 57 72 78 82 97 5 3 13 24 34 36 46 73 8 41 58 69 70 67 75 79 89 93 14 38 43 91 98 4 1 11 23
Volta 44: 63 48 87 18 15 20 2 9 16 31 44 53 57 78 97 5 24 34 35 32 39 37 36 46 55 72 82 3 13 41 67 70 69 75 73 79 93 8 14 58 89 4 38 43 91 98 1 11 23
Volta 45: 63 48 87 18 9 15 16 20 31 44 78 97 5 2 24 35 37 46 55 53 57 72 82 3 32 34 39 36 67 70 73 93 8 13 14 41 58 69 75 79 89 38 43 91 98 4 11 1
Volta 46: 63 87 18 48 9 15 20 31 44 5 2 16 46 55 53 72 78 97 3 24 32 34 35 37 36 39 57 67 70 82 93 8 14 41 58 69 73 89 13 38 43 75 79 98 91 4 11 1
Volta 47: 63 18 48 87 9 15 20 16 31 44 46 53 5 2 3 24 32 34 35 37 55 57 70 72 78 82 93 97 14 36 39 67 73 89 8 13 38 43 41 58 69 75 79 91 98 4 11
Volta 48: 63 18 87 15 20 48 9 16 31 46 5 2 24 32 44 55 53 57 72 82 97 3 14 35 39 37 70 67 73 78 89 93 8 36 38 41 58 69 13 43 75 79 98 11 4
Volta 49: 63 18 87 20 48 9 15 16 31 5 24 32 46 55 53 57 72 82 3 2 14 35 39 37 44 67 70 73 78 93 97 36 41 89 8 13 38 43 58 69 75 79 98 11
Volta 50: 63 18 87 9 15 16 20 48 31 46 55 72 82 2 5 3 14 24 32 39 44 53 57 67 70 73 78 93 35 37 36 41 89 97 8 43 58 69 79 11 13 38 75 98
Volta 51: 63 18 87 20 9 15 16 31 48 55 82 3 5 32 39 46 53 57 70 67 73 72 93 2 14 24 35 37 36 44 78 89 97 8 41 13 38 43 58 69 79 11 75
Volta 52: 63 18 20 87 9 15 48 55 82 5 3 16 32 31 46 53 57 72 73 2 14 24 39 37 44 67 70 78 93 8 35 36 41 89 97 43 58 69 13 11 38 75 79
Volta 53: 63 18 20 9 48 87 5 15 16 31 32 55 53 72 82 3 37 39 44 46 57 67 70 73 93 2 8 14 24 35 78 89 97 36 41 58 13 38 43 69 75 11
Volta 54: 63 18 20 9 87 15 32 31 48 72 82 3 5 16 37 46 53 55 57 73 93 2 8 14 24 35 39 44 70 67 78 89 97 36 41 58 69 13 38 43 75 11
Volta 55: 63 18 9 20 15 32 31 48 82 87 5 3 16 37 55 53 57 72 14 24 39 44 46 67 70 73 78 89 93 2 8 35 36 97 41 58 69 13 38 43 75
Volta 56: 63 9 18 20 32 31 48 87 3 5 15 16 37 53 57 72 82 24 39 55 73 2 8 14 35 36 44 46 67 70 78 89 93 97 58 13 41 43 69 38 75
Volta 57: 63 9 18 20 32 31 87 5 15 16 37 48 53 57 72 3 24 39 82 8 14 35 36 44 46 55 70 73 89 97 2 67 78 93 13 43 41 58 69 38
Volta 58: 63 18 9 20 32 31 5 37 48 53 57 87 3 15 16 39 72 82 8 14 24 35 44 46 55 73 97 2 36 70 67 78 89 41 43 58 93 13 69 38
Volta 59: 63 18 9 20 32 31 37 53 5 15 16 39 48 57 72 82 87 3 8 24 44 46 2 14 35 55 67 73 97 36 41 43 58 70 78 89 93 13 69
Volta 60: 18 63 9 20 31 53 5 15 39 37 57 72 87 3 8 16 44 48 46 82 2 14 24 35 55 73 97 36 43 70 67 89 93 41 58 69 78 13
Volta 61: 18 63 9 20 31 53 5 39 37 57 87 3 15 16 44 48 72 82 8 14 35 46 55 97 2 24 67 70 73 89 93 36 43 41 58 78 69
Volta 62: 18 63 31 53 5 9 20 37 39 87 15 44 48 57 72 82 3 8 14 16 35 46 24 55 70 67 73 97 2 36 43 89 93 41 58 78 69
Volta 63: 18 63 53 5 9 20 31 39 87 15 37 44 48 72 82 3 8 16 35 57 14 46 55 70 97 2 24 67 73 89 36 43 41 58 93 78
Volta 64: 18 63 53 20 31 5 9 37 39 44 72 87 3 15 16 35 48 57 82 8 14 46 55 70 2 24 67 73 89 97 36 43 93 41 58 78
Volta 65: 18 63 53 9 20 31 37 72 87 5 3 15 16 35 39 44 48 82 8 46 55 57 14 24 70 73 89 97 2 43 67 93 36 41 58
Volta 66: 18 53 63 9 20 31 72 87 3 16 39 82 5 8 15 35 46 48 57 14 24 55 70 89 43 67 73 93 97 2 41 58 36
Volta 67: 18 53 63 20 87 9 16 31 39 72 82 5 3 8 15 35 48 57 14 24 46 55 70 89 73 97 2 41 43 58 67 93
Volta 68: 18 53 63 20 87 9 39 72 82 3 16 31 35 48 57 5 8 14 15 46 55 70 89 24 73 43 41 58 67 93 97 2
Volta 69: 18 63 20 53 9 72 82 87 31 39 3 5 8 14 15 16 35 48 46 55 57 70 24 73 89 43 67 93 41 58 97
Volta 70: 18 63 20 53 72 82 87 9 39 5 3 15 14 16 31 35 48 55 57 8 46 70 89 24 67 73 41 43 58 93 97
Volta 71: 18 20 53 63 87 39 72 82 9 15 31 48 55 57 5 3 14 16 35 46 70 8 24 73 89 41 43 58 67 93
Volta 72: 18 63 20 53 39 72 82 87 48 57 5 3 15 14 16 35 31 55 8 24 46 73 89 43 41 58 67 93
Volta 73: 18 63 20 53 39 87 57 72 82 15 14 16 31 48 55 3 5 8 24 35 46 73 89 41 43 58 67
Volta 74: 18 20 63 39 53 87 57 82 14 15 16 48 72 5 3 24 31 35 55 8 46 73 89 41 58 67 43
Volta 75: 18 20 63 39 53 57 82 87 14 15 72 3 16 35 31 48 55 5 8 24 46 73 89 67 41 58
Volta 76: 18 63 20 39 53 82 14 15 57 87 3 16 35 31 48 55 72 5 8 24 73 46 89 41 67 58
Volta 77: 18 63 20 39 53 15 14 57 82 87 16 35 31 55 72 3 8 48 5 24 46 73 89 41 67
Volta 78: 18 63 20 39 14 53 57 87 15 35 31 55 82 3 8 16 72 24 48 73 89 5 41 46 67
Volta 79: 18 63 20 39 14 53 57 87 15 35 31 3 8 16 55 72 82 48 73 89 5 24 41 46
Volta 80: 18 63 20 39 53 14 35 31 57 87 8 15 16 55 72 82 3 48 73 5 24 41 89 46
Volta 81: 18 63 20 39 14 31 35 53 87 8 15 16 55 57 72 3 82 5 24 41 48 73 89
Volta 82: 18 63 20 39 14 31 53 8 15 35 87 3 16 55 57 72 24 41 48 82 89 5 73
Volta 83: 18 20 39 63 14 31 15 35 53 87 3 8 16 57 72 24 41 48 55 82 89 5
Volta 84: 18 20 63 14 39 31 53 87 3 8 15 16 35 41 48 55 57 72 82 89 24 5
Volta 85: 18 20 63 14 39 31 53 87 8 15 35 3 16 41 48 57 72 24 55 82 89
Volta 86: 18 20 63 14 31 39 8 15 35 53 87 3 16 72 24 41 48 55 57 89 82
Volta 87: 18 20 63 14 31 39 8 15 35 53 16 87 3 24 41 48 57 72 89 55
Volta 88: 18 20 63 14 39 8 31 15 16 35 53 87 3 24 48 57 72 89 41 55
Volta 89: 20 18 63 14 8 39 15 16 35 31 53 87 24 48 57 89 3 41 72
Volta 90: 18 20 63 14 8 39 15 16 31 24 35 53 57 89 87 3 41 48 72
Volta 91: 18 20 14 63 8 39 16 31 15 24 53 57 87 89 3 35 48 41
Volta 92: 18 20 8 14 63 16 39 15 31 89 87 3 24 35 48 53 57 41
Volta 93: 20 18 8 14 63 39 15 16 31 89 87 3 35 48 53 57 24
Volta 94: 18 20 8 63 14 39 15 16 31 3 35 48 89 87 53 57 24
Volta 95: 18 20 8 63 14 16 31 39 15 35 89 3 48 53 57 87
Volta 96: 20 18 8 63 31 39 15 16 89 3 35 48 57 87 53
Volta 97: 18 8 20 63 31 39 89 3 15 16 35 48 87 57
Volta 98: 18 8 20 63 31 39 3 15 35 48 89 16 57 87
Volta 99: 8 18 20 63 39 3 15 31 48 89 16 35 57
Volta 100: 18 8 20 63 3 31 39 48 89 15 16 35 57
Volta 101: 18 8 20 63 39 48 89 3 15 16 35 31
Volta 102: 8 20 18 63 39 3 15 16 35 31 48 89
Volta 103: 8 20 18 63 3 15 16 35 39 48 31
Volta 104: 20 8 18 63 39 3 15 16 31 35 48
Volta 105: 20 18 63 8 3 15 16 31 39 35
Volta 106: 18 63 8 20 15 31 39 3 16 35
Volta 107: 63 8 18 20 15 39 3 31 16
Volta 108: 8 63 20 18 15 31 39 3 16
Volta 109: 8 63 20 18 15 31 39 3
Volta 110: 8 20 63 18 15 31 39 3
Volta 111: 8 63 20 18 15 31 39
Volta 112: 63 8 20 15 18 31 39
Volta 113: 63 8 20 18 15 31
Volta 114: 63 8 20 18 15 31
Volta 115: 63 8 20 18 15
Volta 116: 63 8 18 20 15
Volta 117: 63 8 18 20
Volta 118: 8 18 20 63
Volta 119: 8 20 18
Volta 120: 8 20 18
Volta 121: 8 20
Volta 122: 8 20

Ranqueamento Final:
1: Ciclista 20 - 23700.42 segundos
2: Ciclista 8 - 23550.18 segundos
3: Ciclista 18 - 23250.42 segundos
4: Ciclista 63 - 22651.50 segundos
5: Ciclista 15 - 22500.30 segundos
6: Ciclista 31 - 22200.78 segundos
7: Ciclista 39 - 22050.90 segundos
8: Ciclista 3 - 21750.06 segundos
9: Ciclista 16 - 21300.42 segundos
10: Ciclista 35 - 20850.78 segundos
11: Ciclista 48 - 20401.14 segundos
12: Ciclista 89 - 19952.10 segundos
13: Ciclista 57 - 19801.38 segundos
14: Ciclista 87 - 19352.10 segundos
15: Ciclista 53 - 19051.26 segundos
16: Ciclista 24 - 18750.54 segundos
17: Ciclista 41 - 18301.02 segundos
18: Ciclista 72 - 17851.74 segundos
19: Ciclista 55 - 17551.26 segundos
20: Ciclista 82 - 17251.98 segundos
21: Ciclista 5 - 16950.06 segundos
22: Ciclista 73 - 16501.74 segundos
23: Ciclista 46 - 16201.14 segundos
24: Ciclista 67 - 16051.62 segundos
25: Ciclista 58 - 15601.38 segundos
26: Ciclista 43 - 15151.02 segundos
27: Ciclista 93 - 14702.22 segundos
28: Ciclista 97 - 14402.34 segundos
29: Ciclista 2 - 13950.06 segundos
30: Ciclista 36 - 13650.90 segundos
31: Ciclista 78 - 13201.86 segundos
32: Ciclista 69 - 12901.62 segundos
33: Ciclista 13 - 12450.30 segundos
34: Ciclista 38 - 12150.90 segundos
35: Ciclista 75 - 11701.74 segundos
36: Ciclista 11 - 11400.30 segundos
37: Ciclista 79 - 10801.86 segundos
38: Ciclista 98 - 10352.34 segundos
39: Ciclista 4 - 10200.06 segundos
40: Ciclista 1 - 9900.06 segundos
41: Ciclista 23 - 9300.54 segundos
42: Ciclista 49 - 8851.14 segundos
43: Ciclista 19 - 8550.42 segundos
44: Ciclista 74 - 8101.74 segundos
45: Ciclista 10 - 7800.18 segundos
46: Ciclista 22 - 7350.54 segundos
47: Ciclista 47 - 6901.14 segundos
48: Ciclista 50 - 6601.14 segundos
49: Ciclista 77 - 6001.86 segundos
50: Ciclista 12 - 5700.30 segundos
51: Ciclista 68 - 5401.02 segundos
52: Ciclista 62 - 4951.50 segundos
53: Ciclista 88 - 4502.10 segundos
54: Ciclista 30 - 4200.66 segundos
55: Ciclista 85 - 3601.98 segundos
56: Ciclista 29 - 3300.66 segundos
57: Ciclista 83 - 2851.98 segundos
58: Ciclista 84 - 2401.98 segundos
59: Ciclista 90 - 1952.10 segundos
60: Ciclista 95 - 1502.22 segundos
61: Ciclista 100 - 1052.34 segundos
62: Ciclista 99 - 602.34 segundos

Ciclista 6 quebrou na volta 24 - 4950.12 segundos
Ciclista 7 quebrou na volta 12 - 2400.12 segundos
Ciclista 9 quebrou na volta 72 - 14100.12 segundos
Ciclista 14 quebrou na volta 96 - 18600.24 segundos
Ciclista 17 quebrou na volta 18 - 4050.36 segundos
Ciclista 21 quebrou na volta 18 - 3900.48 segundos
Ciclista 25 quebrou na volta 12 - 2700.48 segundos
Ciclista 26 quebrou na volta 30 - 6150.60 segundos
Ciclista 27 quebrou na volta 18 - 3600.60 segundos
Ciclista 28 quebrou na volta 6 - 1200.60 segundos
Ciclista 32 quebrou na volta 60 - 11550.72 segundos
Ciclista 33 quebrou na volta 30 - 6150.72 segundos
Ciclista 34 quebrou na volta 48 - 9600.72 segundos
Ciclista 37 quebrou na volta 66 - 12900.84 segundos
Ciclista 40 quebrou na volta 12 - 2250.84 segundos
Ciclista 42 quebrou na volta 30 - 6000.96 segundos
Ciclista 44 quebrou na volta 66 - 13050.96 segundos
Ciclista 45 quebrou na volta 24 - 5400.96 segundos
Ciclista 51 quebrou na volta 36 - 7201.20 segundos
Ciclista 52 quebrou na volta 36 - 7051.20 segundos
Ciclista 54 quebrou na volta 12 - 2551.20 segundos
Ciclista 56 quebrou na volta 6 - 1351.32 segundos
Ciclista 59 quebrou na volta 42 - 8701.32 segundos
Ciclista 60 quebrou na volta 6 - 1201.32 segundos
Ciclista 61 quebrou na volta 24 - 4651.44 segundos
Ciclista 64 quebrou na volta 18 - 3601.44 segundos
Ciclista 65 quebrou na volta 18 - 3901.44 segundos
Ciclista 66 quebrou na volta 24 - 5251.56 segundos
Ciclista 70 quebrou na volta 72 - 14251.56 segundos
Ciclista 71 quebrou na volta 6 - 1351.68 segundos
Ciclista 76 quebrou na volta 36 - 7501.80 segundos
Ciclista 80 quebrou na volta 6 - 1201.80 segundos
Ciclista 81 quebrou na volta 12 - 2401.92 segundos
Ciclista 86 quebrou na volta 18 - 3452.04 segundos
Ciclista 91 quebrou na volta 48 - 9902.16 segundos
Ciclista 92 quebrou na volta 18 - 3902.16 segundos
Ciclista 94 quebrou na volta 36 - 6902.16 segundos
Ciclista 96 quebrou na volta 30 - 6002.28 segundos
