Volta 1: 3 4 1 2 5 9 10 6 8 7 14 13 15 12 11 19 16 20 18 17 24 23 21 22 25 26 30 29 27 28 32 34 31 33 35 37 38 39 40 36 43 42 45 44 41 50 47 48 49 46
Volta 2: 2 1 3 4 10 9 6 8 14 12 13 15 18 19 17 16 25 24 21 23 22 26 29 28 27 33 34 32 31 35 37 40 43 42 48 46 47 50 5 7 11 20 30 38 36 39 45 44 41 49
Volta 3: 3 4 10 6 9 15 19 16 17 21 25 23 28 27 26 35 34 37 42 46 47 48 2 5 1 8 7 14 12 11 13 18 20 22 24 30 29 31 33 32 40 36 38 39 45 44 41 43 50
Volta 4: 4 3 10 6 15 19 25 23 26 35 37 46 47 48 5 2 1 9 8 13 14 17 18 16 22 21 24 28 27 32 34 36 40 38 44 42 45 43 41 50 7 11 12 20 30 29 33 31 39
Volta 5: 3 4 10 6 15 25 23 37 48 47 1 2 5 9 13 16 17 19 18 22 21 26 28 27 34 35 40 36 43 42 41 45 46 50 8 14 11 12 24 30 29 31 33 32 38 44 7 20
Volta 6: 4 3 15 23 25 37 47 48 2 10 6 13 16 18 17 19 21 27 28 26 34 35 36 40 45 46 1 5 9 8 14 11 24 22 29 31 32 33 38 42 43 41 44 50 7 12 20 30
Volta 7: 3 37 47 4 2 10 15 19 16 25 23 21 28 26 27 35 40 48 46 5 6 8 9 11 13 14 18 17 22 24 29 31 34 33 36 43 41 42 44 45 50 1 12 20 32 38 7
Volta 8: 3 37 47 2 4 15 19 16 23 28 26 48 46 9 10 6 13 18 17 21 25 29 27 35 36 40 41 44 45 42 50 5 1 8 12 11 14 22 24 34 31 33 43 7 20 32 38
Volta 9: 3 4 15 16 19 23 37 47 46 2 9 6 13 18 17 21 25 28 26 29 27 35 36 41 45 44 42 48 50 5 10 8 12 11 24 22 34 33 40 43 1 14 20 31 7 32
Volta 10: 3 4 19 37 46 2 6 9 15 16 23 21 28 26 29 36 42 41 48 50 47 5 10 13 17 18 24 25 27 35 34 40 44 45 1 8 14 12 11 20 22 33 31 43 32 7
Volta 11: 3 19 37 46 2 4 9 15 23 21 26 29 28 41 50 47 48 5 6 13 18 16 17 24 27 35 34 40 36 44 45 42 1 8 10 11 20 25 33 43 14 12 22 32 31
Volta 12: 3 19 37 46 2 4 9 23 28 26 5 6 15 17 21 27 34 36 41 44 47 48 10 11 13 20 18 25 24 35 40 42 45 1 8 12 14 22 31 33 43 32
Volta 13: 19 37 4 3 9 46 2 6 15 17 23 21 28 26 41 47 5 11 18 24 25 27 34 35 36 40 45 44 42 48 10 8 13 14 12 20 22 31 33 43 1
Volta 14: 19 37 4 3 2 9 15 17 23 21 26 28 46 5 6 18 25 24 27 35 34 36 41 45 47 8 13 11 20 31 40 44 42 43 48 1 10 14 12 22 33
Volta 15: 3 19 37 2 4 15 23 21 28 46 5 9 18 17 25 26 27 35 34 36 41 47 6 13 11 20 24 31 40 43 42 45 48 1 10 8 14 12 22 44
Volta 16: 19 37 4 2 3 15 23 28 46 5 18 17 21 25 26 27 35 34 47 9 6 13 20 24 31 36 40 42 45 41 43 48 8 11 22 44 1 10 12 14
Volta 17: 19 3 4 37 2 5 15 17 18 23 27 26 28 47 46 9 13 20 25 21 24 35 34 40 45 43 48 8 6 31 36 44 42 41 1 12 11 22 10
Volta 18: 4 19 37 2 3 5 15 17 18 23 28 46 47 9 13 24 25 27 34 35 40 45 43 8 6 20 31 36 44 41 48 11 22 42 1 10 12
Volta 19: 4 19 37 2 5 17 28 47 3 9 15 13 18 24 23 34 35 40 43 45 46 6 8 25 27 41 48 11 20 31 36 42 44 1 10 22
Volta 20: 19 5 2 4 17 28 37 3 9 13 15 18 23 35 40 45 43 46 47 6 24 25 34 41 8 11 20 27 31 36 44 48 1 10 42 22
Volta 21: 19 5 17 28 37 2 4 15 13 35 43 45 47 3 9 18 23 24 34 40 41 46 6 8 11 20 25 27 31 48 1 10 36 44 42
Volta 22: 19 17 28 2 5 13 37 45 43 3 4 9 15 18 23 24 35 40 41 46 47 6 8 11 25 34 10 20 27 31 36 44 42 48 1
Volta 23: 19 17 28 13 37 45 43 3 4 2 5 23 24 35 46 9 11 15 18 34 40 41 47 6 8 20 25 27 44 48 10 31 36 42
Volta 24: 19 17 28 37 45 4 5 2 13 43 3 9 11 15 18 24 23 40 46 20 27 34 47 6 25 31 36 44 48 42
Volta 25: 19 17 37 4 2 13 28 43 45 5 9 11 15 23 24 46 3 18 20 27 34 40 6 31 44 47 48 25 36
Volta 26: 19 17 2 28 37 45 43 4 5 9 13 23 3 15 11 18 24 27 34 40 46 6 20 44 48 47 25 31 36
Volta 27: 19 17 2 28 37 43 45 5 4 13 3 9 11 15 24 23 27 40 46 20 18 34 48 47 6 25 31 44
Volta 28: 17 19 2 28 37 45 43 5 4 9 13 15 23 3 11 20 18 24 27 34 40 47 48 46 25 31 44 6
Volta 29: 19 17 28 45 2 37 4 5 9 13 23 43 15 20 18 24 27 34 40 48 47 46 3 11 25 31 44
Volta 30: 19 17 2 28 37 45 13 43 5 9 15 34 3 11 18 20 25 24 27 40 44 46 47 48 31
Volta 31: 19 2 17 28 45 13 37 5 9 15 43 3 20 18 25 24 27 34 40 44 47 46 48 11
Volta 32: 19 17 45 2 13 28 37 43 5 9 15 20 25 24 27 34 47 46 3 11 18 40 44 48
Volta 33: 19 17 45 2 13 28 37 5 15 24 27 34 43 47 3 9 18 20 25 40 44 46 11
Volta 34: 19 2 17 45 13 28 37 24 43 5 9 15 20 25 27 34 40 44 46 47 3 11 18
Volta 35: 19 2 17 45 13 28 37 43 5 9 20 24 27 34 40 44 46 47 3 15 11 25
Volta 36: 19 2 17 45 13 37 5 9 27 34 40 43 46 15 20 25 44 47 3 11
Volta 37: 19 2 13 17 45 37 5 9 27 34 43 46 15 20 40 44 47 3 25
Volta 38: 19 2 13 17 37 45 5 27 9 15 20 34 40 43 46 25 44 47 3
Volta 39: 2 19 17 13 27 37 45 5 9 15 20 34 40 43 46 25 44 47
Volta 40: 17 19 2 13 37 5 9 20 27 40 45 46 15 25 34 43 44 47
Volta 41: 2 13 17 19 20 27 37 45 46 5 9 25 34 40 43 15 44
Volta 42: 2 13 17 19 27 37 5 9 20 40 43 45 15 25 34 44
Volta 43: 2 13 19 17 5 9 20 27 37 45 25 34 40 43 15
Volta 44: 2 19 13 17 9 20 27 37 45 5 25 43 15 34 40
Volta 45: 2 13 19 9 20 17 27 5 25 37 45 43 34 15
Volta 46: 2 19 13 9 17 20 5 25 27 37 45 43 34 15
Volta 47: 19 2 13 9 17 20 25 27 37 43 45 5 34
Volta 48: 19 2 13 9 20 37 45 43 5 17 25 27 34
Volta 49: 2 19 13 20 37 5 9 17 25 27 43 45
Volta 50: 19 2 13 20 9 25 37 43 5 17 27 45
Volta 51: 19 2 13 20 9 25 5 27 37 43 17
Volta 52: 19 2 13 20 25 5 9 27 37 43 17
Volta 53: 2 19 13 20 5 9 25 27 37 43
Volta 54: 19 2 13 5 9 20 25 27 37
Volta 55: 19 2 13 5 9 20 25 27
Volta 56: 2 19 13 5 25 27 9 20
Volta 57: 2 19 13 5 25 27 9
Volta 58: 19 2 5 13 25 9 27
Volta 59: 19 2 5 13 25 9
Volta 60: 19 2 5 13 25
Volta 61: 2 19 5 13
Volta 62: 2 19 5 13
Volta 63: 2 19 5
Volta 64: 2 19 5
Volta 65: 2 19
Volta 66: 2 19

Ranqueamento Final:
1: Ciclista 19 - 6300.42 segundos
2: Ciclista 5 - 6300.06 segundos
3: Ciclista 2 - 6150.06 segundos
4: Ciclista 13 - 6075.30 segundos
5: Ciclista 25 - 5925.18 segundos
6: Ciclista 27 - 5700.66 segundos
7: Ciclista 20 - 5550.42 segundos
8: Ciclista 37 - 5476.02 segundos
9: Ciclista 17 - 5250.42 segundos
10: Ciclista 45 - 5026.02 segundos
11: Ciclista 34 - 4800.78 segundos
12: Ciclista 15 - 4725.30 segundos
13: Ciclista 40 - 4500.90 segundos
14: Ciclista 44 - 4276.02 segundos
15: Ciclista 47 - 4126.14 segundos
16: Ciclista 3 - 3975.06 segundos
17: Ciclista 11 - 3750.30 segundos
18: Ciclista 18 - 3525.42 segundos
19: Ciclista 48 - 3301.14 segundos
20: Ciclista 31 - 3150.78 segundos
21: Ciclista 6 - 3000.18 segundos
22: Ciclista 36 - 2775.90 segundos
23: Ciclista 42 - 2626.02 segundos
24: Ciclista 1 - 2400.06 segundos
25: Ciclista 22 - 2250.54 segundos
26: Ciclista 12 - 2025.30 segundos
27: Ciclista 14 - 1800.30 segundos
28: Ciclista 33 - 1575.78 segundos
29: Ciclista 32 - 1425.78 segundos
30: Ciclista 7 - 1275.18 segundos
31: Ciclista 38 - 975.90 segundos
32: Ciclista 30 - 750.66 segundos
33: Ciclista 39 - 525.90 segundos
34: Ciclista 49 - 301.14 segundos

Ciclista 4 quebrou na volta 30 - 3000.00 segundos
Ciclista 8 quebrou na volta 24 - 2475.12 segundos
Ciclista 9 quebrou na volta 60 - 5925.12 segundos
Ciclista 10 quebrou na volta 24 - 2550.12 segundos
Ciclista 16 quebrou na volta 12 - 1275.36 segundos
Ciclista 21 quebrou na volta 18 - 1800.48 segundos
Ciclista 23 quebrou na volta 30 - 3000.48 segundos
Ciclista 24 quebrou na volta 36 - 3600.48 segundos
Ciclista 26 quebrou na volta 18 - 1725.60 segundos
Ciclista 28 quebrou na volta 36 - 3450.60 segundos
Ciclista 29 quebrou na volta 12 - 1200.60 segundos
Ciclista 35 quebrou na volta 24 - 2400.72 segundos
Ciclista 41 quebrou na volta 24 - 2400.96 segundos
Ciclista 43 quebrou na volta 54 - 5475.96 segundos
Ciclista 46 quebrou na volta 42 - 4201.08 segundos
Ciclista 50 quebrou na volta 12 - 1201.08 segundos
